0.000928 0.995025 0.502676 0.505456 4.130464 70140 7
0.004945 0.996794 0.505217 0.507752 4.281104 69412 7
0.001837 0.996526 0.503308 0.505681 4.618864 70917 7
0.000000 0.995653 0.502958 0.505777 6.446959 70021 7
0.002035 0.999867 0.499343 0.501673 5.660472 69685 7
0.003925 0.997052 0.482072 0.484499 6.544254 70056 7
0.001869 0.998881 0.485300 0.489034 4.634148 70175 7
0.004399 0.999056 0.499205 0.502389 3.651796 67844 7
0.000845 0.999695 0.509554 0.512626 3.499228 69762 7
0.000556 0.997184 0.495745 0.499005 4.602485 69986 7
0.000611 0.999716 0.491605 0.494654 5.267996 69755 7
0.001841 0.999871 0.503680 0.507251 4.604284 68390 7
0.000632 0.998588 0.500163 0.502343 5.046201 71169 7
0.000722 0.998915 0.477151 0.480945 4.326648 70455 7
0.000691 0.996859 0.482816 0.485739 4.349151 69377 7
0.003798 0.999330 0.510878 0.513789 5.282825 69909 7
0.003406 0.998795 0.486444 0.488845 4.745371 69874 7
0.001649 0.994724 0.478443 0.481330 4.662433 69615 7
0.001900 0.999873 0.497989 0.500738 5.324076 69776 7
0.000087 0.999999 0.508774 0.511075 5.191172 70182 7
0.001298 0.998449 0.501173 0.503292 4.990189 71113 7
0.001588 0.999096 0.489045 0.491768 5.256353 70056 7
0.000147 0.997787 0.486899 0.490752 5.015190 68810 7
0.000357 0.998648 0.493309 0.496343 4.659160 69482 7
0.002357 0.999498 0.509356 0.511961 5.004086 69482 7
0.001112 0.998037 0.500825 0.505413 5.370270 79256 8
0.000093 0.999455 0.496003 0.498714 4.735655 69524 7
0.000760 0.999527 0.493758 0.496328 4.312212 70035 7
0.000865 0.998989 0.494159 0.497526 4.042317 69566 7
0.001702 0.999593 0.517963 0.520528 4.804434 70133 7
0.000028 0.998655 0.501773 0.504695 4.474324 69909 7
0.000303 0.997305 0.492013 0.494856 5.509610 70805 7
0.001061 0.998274 0.495926 0.498488 4.990858 70777 7
0.002978 0.999251 0.520441 0.523446 4.937473 70266 7
0.000004 0.998275 0.483581 0.485688 3.921293 71876 7
0.000360 0.998446 0.488245 0.490669 5.255117 71918 7
0.000759 0.999570 0.490640 0.494145 5.272867 70966 7
0.001734 0.999952 0.497293 0.500457 5.306047 70679 7
0.002248 0.995160 0.486314 0.489499 5.008089 70378 7
0.000357 0.999266 0.501033 0.503693 4.915234 69699 7
0.000505 0.999164 0.496502 0.498717 3.811486 70091 7
0.002428 0.999896 0.499793 0.502409 4.819458 69993 7
0.000772 0.999838 0.498745 0.502097 4.876232 69069 7
0.001871 0.999519 0.491265 0.492319 4.596049 78496 8
0.000184 0.997275 0.490370 0.492430 4.095030 70294 7
0.000439 0.999201 0.494818 0.497316 4.470639 70756 7
0.000099 0.999903 0.494922 0.498987 4.195853 69251 7
0.000252 0.999224 0.498747 0.502748 4.738296 68523 7
0.000126 0.999912 0.501026 0.503325 5.257128 71022 7
0.000011 0.999523 0.498886 0.501955 5.386497 68663 7
0.002321 0.996538 0.489723 0.492036 5.937729 69356 7
0.000673 0.998332 0.512513 0.515488 5.801219 69776 7
0.003155 0.999801 0.483281 0.487167 5.619704 69076 7
0.000606 0.999366 0.497596 0.500529 4.919560 69055 7
0.001623 0.998976 0.501658 0.503845 5.423985 70679 7
0.000843 0.999994 0.497917 0.501051 4.881653 69951 7
0.002669 0.999896 0.506443 0.509264 5.139186 69580 7
0.002288 0.998993 0.485906 0.489124 5.430615 69083 7
0.002533 0.998434 0.511008 0.513332 5.052557 70840 7
0.001281 0.998545 0.501844 0.504436 5.238467 69867 7
0.001748 0.999326 0.506989 0.509869 4.706477 68684 7
0.002276 0.999724 0.495355 0.497525 5.633888 70294 7
0.000735 0.998518 0.503755 0.506144 5.230625 70119 7
0.001839 0.999556 0.503633 0.506649 5.102944 69468 7
0.002799 0.998504 0.497230 0.499796 4.560667 70217 7
0.000935 0.999934 0.495564 0.498498 4.932680 70098 7
0.000656 0.996470 0.479721 0.483325 4.565513 68131 7
0.001455 0.999948 0.510679 0.513671 4.950001 71113 7
0.000197 0.997150 0.502930 0.506951 4.926843 70749 7
0.001287 0.999684 0.488724 0.491384 4.986010 69153 7
0.000731 0.999791 0.483319 0.485817 5.244192 70203 7
0.001130 0.998993 0.479015 0.481953 4.488767 69517 7
0.002025 0.997374 0.505844 0.508441 5.710645 71274 7
0.000003 0.999937 0.505839 0.509206 5.262013 69594 7
0.001239 0.999553 0.505902 0.508636 5.385427 70364 7
0.000467 0.999756 0.498755 0.501895 4.824406 69706 7
0.000304 0.999269 0.496908 0.500614 4.875160 68978 7
0.000203 0.999566 0.493341 0.495581 5.396215 70742 7
0.000482 0.998838 0.506820 0.509431 4.848957 68229 7
0.000584 0.998504 0.506367 0.508416 4.579007 70483 7
0.000312 0.999546 0.484703 0.488035 4.870137 69601 7
0.000945 0.998682 0.508928 0.512939 4.815709 68768 7
0.000191 0.999582 0.487438 0.490746 4.574472 69594 7
0.001007 0.998384 0.500200 0.502557 5.085455 70721 7
0.000239 0.999810 0.492378 0.495586 5.178684 71141 7
0.000264 0.999435 0.495356 0.497599 4.478348 69489 7
0.000072 0.999887 0.504130 0.507770 5.450449 70420 7
0.000172 0.998636 0.505101 0.508018 4.843565 70308 7
0.000012 0.999990 0.495391 0.498305 4.896065 70371 7
0.000265 0.999845 0.510738 0.514304 4.634698 69356 7
0.001048 0.998944 0.509121 0.512604 5.385807 69923 7
0.001509 0.999990 0.502866 0.505728 4.946200 68390 7
0.000434 0.999396 0.516993 0.520411 4.078565 69755 7
0.000305 0.998346 0.500099 0.503037 5.294133 70273 7
0.000886 0.999833 0.505000 0.507412 5.214851 70406 7
0.000527 0.999589 0.486634 0.489362 4.949234 69160 7
0.000645 0.999802 0.502320 0.505344 4.284559 69895 7
0.002188 0.999808 0.500365 0.502822 4.751456 70378 7
0.000686 0.999261 0.492973 0.496127 4.904716 70392 7
0.000155 0.999215 0.508914 0.511078 4.736477 70812 7
