0.002055 0.993733 0.542006 0.543701 0.119024 14056 7
0.010939 0.996568 0.509330 0.511426 0.118925 14042 7
0.003888 0.998233 0.486677 0.489430 0.119309 13832 7
0.006170 0.979780 0.540828 0.542613 0.116713 13461 7
0.003415 0.989282 0.479290 0.481252 0.117319 13923 7
0.003178 0.996669 0.484522 0.489114 0.101473 11790 6
0.004276 0.997049 0.518252 0.521488 0.115921 13489 7
0.003977 0.992356 0.527301 0.530993 0.101788 12072 6
0.004314 0.989532 0.471219 0.473395 0.122754 14098 7
0.000488 0.995657 0.477568 0.482394 0.106333 12132 6
0.009189 0.990020 0.517864 0.520612 0.120377 13944 7
0.000858 0.998395 0.474237 0.478992 0.107275 11976 6
0.001403 0.999541 0.481687 0.485793 0.111893 11934 6
0.008430 0.995022 0.520035 0.524228 0.105953 12348 6
0.001925 0.997902 0.483508 0.486572 0.117262 13846 7
0.000680 0.994917 0.487791 0.489552 0.126798 14035 7
0.000494 0.998635 0.532726 0.534967 0.121783 14161 7
0.001513 0.998611 0.489383 0.493328 0.108664 12468 6
0.013345 0.996715 0.520816 0.522422 0.122427 14014 7
0.005343 0.999964 0.483803 0.485693 0.124338 13846 7
0.004594 0.985418 0.496998 0.499551 0.122331 13482 7
0.008470 0.990521 0.490129 0.491824 0.125715 14014 7
0.005781 0.999763 0.493321 0.495327 0.122773 14462 7
0.005863 0.997766 0.497598 0.501971 0.119027 14007 7
0.001605 0.998817 0.511329 0.515764 0.108860 12000 6
0.006279 0.999797 0.518673 0.520995 0.118755 13958 7
0.006532 0.979871 0.487941 0.490169 0.119231 13916 7
0.006979 0.996884 0.506027 0.507546 0.121107 14140 7
0.015644 0.989975 0.478558 0.482958 0.107349 12138 6
0.001395 0.997711 0.500644 0.503583 0.115083 13825 7
0.000130 0.995376 0.539152 0.543394 0.105537 12060 6
0.004688 0.999784 0.511702 0.514081 0.116249 13776 7
0.003446 0.995023 0.525791 0.530090 0.100569 11472 6
0.001136 0.997502 0.502116 0.503875 0.114791 13503 7
0.006358 0.999980 0.483636 0.487548 0.100173 11730 6
0.017106 0.995374 0.503430 0.505515 0.120789 14000 7
0.002260 0.998890 0.469362 0.471745 0.116801 13615 7
0.009902 0.987194 0.490993 0.492925 0.118847 13867 7
0.000760 0.997701 0.446705 0.448557 0.120866 13461 7
0.004320 0.994211 0.532757 0.536442 0.102253 12048 6
0.006170 0.999084 0.509819 0.512541 0.116020 13552 7
0.003070 0.997304 0.480225 0.483990 0.113804 11946 6
0.012467 0.987612 0.507261 0.509139 0.119358 13909 7
0.000614 0.990077 0.495518 0.497883 0.150402 14371 7
0.002986 0.997483 0.514827 0.517886 0.124050 14028 7
0.000642 0.993075 0.513443 0.517599 0.103497 12036 6
0.000159 0.992483 0.504538 0.508497 0.105026 12300 6
0.007266 0.998032 0.509868 0.512716 0.117161 13657 7
0.004137 0.998852 0.537763 0.542428 0.102090 11694 6
0.003272 0.982836 0.529986 0.534577 0.104636 11994 6
0.017468 0.999295 0.555723 0.557696 0.122471 13265 7
0.000131 0.999189 0.500126 0.505032 0.102047 11706 6
0.000338 0.997112 0.514907 0.519377 0.104926 12090 6
0.008330 0.999335 0.490466 0.494792 0.101051 11916 6
0.001109 0.987980 0.479124 0.480785 0.123696 13951 7
0.004208 0.993470 0.517389 0.522343 0.101935 11994 6
0.000841 0.992623 0.479422 0.481316 0.125674 14084 7
0.003294 0.999988 0.499608 0.502301 0.118775 13496 7
0.003447 0.999463 0.529212 0.533854 0.104011 12006 6
0.002905 0.976404 0.484762 0.489541 0.103237 12162 6
0.000128 0.999901 0.491495 0.493475 0.120756 13930 7
0.004123 0.990393 0.507483 0.509087 0.119102 14007 7
0.000981 0.999967 0.482149 0.484576 0.121049 13930 7
0.004146 0.992184 0.470964 0.475719 0.103907 11910 6
0.001873 0.999348 0.523378 0.525748 0.118335 13727 7
0.002162 0.997468 0.498488 0.500852 0.118197 13853 7
0.008436 0.999896 0.473698 0.476640 0.122228 13811 7
0.001176 0.989909 0.462026 0.466687 0.102042 11526 6
0.003525 0.997470 0.493210 0.496090 0.125134 13853 7
0.005786 0.997171 0.494224 0.495740 0.117010 13818 7
0.006161 0.999381 0.505836 0.507944 0.120163 14021 7
0.000896 0.995060 0.467676 0.469624 0.122112 13860 7
0.000290 0.987500 0.471835 0.476334 0.105372 11874 6
0.000705 0.998489 0.499498 0.502925 0.117971 13580 7
0.018824 0.996264 0.498120 0.500436 0.123444 14105 7
0.009974 0.997525 0.525018 0.528894 0.104403 12102 6
0.001765 0.998114 0.493103 0.497613 0.101940 11940 6
0.004733 0.996988 0.484726 0.487657 0.104966 12300 6
0.005278 0.999228 0.498545 0.501101 0.123330 13909 7
0.001279 0.999617 0.487362 0.491776 0.104760 11754 6
0.001418 0.988798 0.493456 0.495243 0.123503 13496 7
0.002104 0.991487 0.496149 0.500636 0.126784 13979 7
0.009815 0.996799 0.472097 0.476920 0.101089 11724 6
0.003937 0.998211 0.474635 0.476317 0.118909 13902 7
0.003071 0.997243 0.488014 0.491831 0.112047 12696 6
0.003008 0.999033 0.506278 0.510054 0.108875 12570 6
0.001888 0.998561 0.476499 0.478411 0.130559 14035 7
0.002776 0.995497 0.511526 0.515603 0.107634 12024 6
0.000058 0.994316 0.489914 0.492445 0.125198 14427 7
0.014306 0.997149 0.494571 0.499031 0.111454 12180 6
0.005331 0.999803 0.486489 0.488099 0.126339 14021 7
0.003157 0.997451 0.512266 0.514362 0.114233 13454 7
0.004354 0.998845 0.491085 0.492879 0.131735 14280 7
0.006308 0.980124 0.520130 0.523702 0.104449 12090 6
0.000638 0.996609 0.494407 0.497255 0.120673 13384 7
0.003393 0.970831 0.483166 0.487656 0.103744 11508 6
0.005497 0.999486 0.467916 0.471709 0.111352 11610 6
0.001527 0.996330 0.466712 0.469626 0.113614 13349 7
0.000791 0.999280 0.464669 0.468560 0.108694 11910 6
0.000571 0.997702 0.460647 0.464902 0.106438 11640 6
