0.014958 0.915006 0.521545 0.526203 0.004999 1510 5
0.021494 0.995405 0.502916 0.507244 0.003001 1674 6
0.064858 0.994504 0.543654 0.545554 0.003000 1668 6
0.049680 0.998013 0.519978 0.524967 0.001999 1475 5
0.025004 0.996135 0.571946 0.575392 0.003755 1510 5
0.027826 0.997411 0.585178 0.588209 0.002999 1602 6
0.064882 0.989900 0.537169 0.541863 0.003000 1470 5
0.005323 0.983920 0.476288 0.480953 0.002983 1400 5
0.042685 0.995902 0.537743 0.541449 0.003370 1520 5
0.021845 0.988441 0.531592 0.534004 0.003001 1776 6
0.047402 0.941664 0.438939 0.441013 0.003000 1590 6
0.016910 0.949140 0.440081 0.442633 0.002999 1608 6
0.026380 0.999323 0.473827 0.476475 0.002999 1692 6
0.024108 0.989780 0.526869 0.529898 0.002991 1692 6
0.003223 0.958472 0.441142 0.445828 0.003188 1590 5
0.011232 0.992550 0.384604 0.386650 0.002999 1752 6
0.141880 0.962438 0.577858 0.580582 0.003000 1540 5
0.011328 0.919086 0.449214 0.452361 0.003000 1578 6
0.063523 0.973467 0.517549 0.519729 0.003004 1746 6
0.010242 0.977690 0.430980 0.433329 0.003000 1716 6
0.017278 0.995220 0.521452 0.523619 0.003999 1662 6
0.048844 0.946876 0.546009 0.547720 0.003391 1698 6
0.007730 0.967458 0.457706 0.460147 0.003000 1610 5
0.080591 0.993789 0.496366 0.498685 0.003000 1596 6
0.024416 0.966552 0.484826 0.489755 0.001999 1415 5
0.040938 0.934203 0.511076 0.514823 0.002997 1644 6
0.121105 0.990704 0.623121 0.624801 0.003001 1740 6
0.000750 0.950761 0.433457 0.435914 0.003000 1680 6
0.004467 0.996358 0.481398 0.486366 0.002999 1500 5
0.052151 0.972338 0.517223 0.519573 0.003999 1728 6
0.023212 0.997474 0.527377 0.531800 0.003564 1525 5
0.026102 0.709564 0.332525 0.336182 0.002997 1208 4
0.049263 0.966719 0.485305 0.488012 0.002998 1668 6
0.001781 0.965880 0.481574 0.483520 0.003571 1890 6
0.020269 0.978585 0.516478 0.518946 0.003000 1830 6
0.001731 0.922747 0.521895 0.526367 0.003001 1540 5
0.082572 0.983312 0.605445 0.607726 0.003420 1704 6
0.000880 0.927394 0.448946 0.451852 0.002995 1650 6
0.047733 0.975081 0.452239 0.456655 0.002572 1330 5
0.046455 0.995513 0.528457 0.532990 0.002999 1520 5
0.045459 0.998419 0.406823 0.410943 0.002774 1375 5
0.001946 0.859286 0.447449 0.452075 0.004117 1435 5
0.004623 0.995490 0.471775 0.475456 0.002999 1410 5
0.009993 0.985527 0.474226 0.477509 0.002999 1692 6
0.019276 0.970262 0.519892 0.523721 0.003038 1455 5
0.032175 0.991782 0.578934 0.581495 0.003044 1710 6
0.042607 0.998963 0.592685 0.595053 0.003587 1818 6
0.010816 0.994879 0.429713 0.431508 0.003999 1782 6
0.009869 0.968107 0.486331 0.491241 0.002999 1540 5
0.067986 0.968273 0.583616 0.585372 0.003062 1830 6
0.041296 0.970611 0.634616 0.635950 0.003998 1812 6
0.095613 0.976992 0.539521 0.541857 0.003996 1728 6
0.045651 0.978039 0.469085 0.472642 0.003000 1698 6
0.005729 0.937943 0.494958 0.497242 0.003007 1710 6
0.000730 0.999611 0.562636 0.567286 0.002998 1485 5
0.075953 0.994134 0.494232 0.496186 0.003000 1548 6
0.002096 0.941090 0.452603 0.455237 0.003000 1740 6
0.011214 0.989256 0.430540 0.434927 0.003000 1410 5
0.000507 0.981924 0.477019 0.478421 0.002568 1752 6
0.034872 0.991280 0.485039 0.489019 0.002000 1380 5
0.008981 0.999951 0.470716 0.474456 0.003084 1710 6
0.000085 0.988896 0.517184 0.521674 0.002432 1560 5
0.002895 0.898382 0.456158 0.460117 0.003000 1545 5
0.013939 0.994860 0.541493 0.543766 0.003092 1758 6
0.061693 0.874547 0.470022 0.473375 0.002996 1450 5
0.010689 0.987243 0.491511 0.495241 0.003064 1590 6
0.046813 0.943412 0.520845 0.522398 0.004000 1812 6
0.010798 0.962978 0.595686 0.598624 0.003999 1722 6
0.029341 0.990858 0.577878 0.579690 0.003005 1668 6
0.000219 0.993805 0.550905 0.552484 0.003000 1686 6
0.051123 0.999904 0.567813 0.572449 0.003000 1530 5
0.013672 0.993829 0.568606 0.573260 0.002700 1470 5
0.070205 0.977086 0.500835 0.503494 0.002876 1620 6
0.007518 0.887067 0.459056 0.463258 0.003998 1638 6
0.033827 0.994974 0.447499 0.449342 0.003630 1728 6
0.010403 0.970192 0.459523 0.462388 0.002999 1734 6
0.006601 0.848794 0.453898 0.458178 0.002562 1686 6
0.040037 0.956594 0.495031 0.498536 0.004000 1686 6
0.005938 0.993269 0.512749 0.516521 0.003000 1680 6
0.013470 0.987235 0.516767 0.520996 0.002001 1490 5
0.098444 0.974315 0.497562 0.500959 0.002997 1512 6
0.008060 0.988514 0.543348 0.545537 0.003025 1615 5
0.022863 0.939799 0.473852 0.476619 0.002801 1440 5
0.066846 0.979140 0.574314 0.578968 0.003001 1515 5
0.041989 0.960521 0.494549 0.497367 0.003172 1939 7
0.048800 0.994596 0.517281 0.521158 0.003000 1600 5
0.025099 0.995990 0.485178 0.489915 0.003000 1455 5
0.017647 0.963968 0.540877 0.542367 0.003999 1668 6
0.003742 0.959548 0.421149 0.424396 0.003004 1540 5
0.110650 0.987975 0.485124 0.488870 0.002999 1505 5
0.003652 0.995845 0.460423 0.462832 0.002999 1704 6
0.005355 0.967623 0.522999 0.526635 0.002976 1740 6
0.018749 0.949526 0.431673 0.435728 0.002000 1360 5
0.105598 0.947723 0.553091 0.557717 0.003443 1704 6
0.031796 0.987025 0.537533 0.540917 0.003000 1340 5
0.039992 0.996019 0.487081 0.491585 0.004029 1716 6
0.017002 0.957538 0.568915 0.571397 0.003999 1788 6
0.004660 0.980958 0.489864 0.494535 0.002934 1400 5
0.029124 0.989587 0.480895 0.483078 0.003515 1836 6
0.117027 0.978565 0.543455 0.546387 0.003998 1812 6
