0.000101 0.999986 0.502633 0.506461 165.562867 348607 7
0.000037 0.999761 0.493937 0.497675 159.665428 349629 7
0.000539 0.999958 0.505910 0.510274 141.691237 348089 7
0.000073 0.999935 0.500784 0.502035 167.902850 399048 8
0.000180 0.999650 0.498399 0.502329 149.586234 350021 7
0.000016 0.999942 0.492398 0.495925 152.248259 350756 7
0.000311 0.999796 0.501419 0.505070 151.957073 349587 7
0.000267 0.999740 0.497723 0.501118 154.762101 351456 7
0.000774 0.999929 0.494469 0.498112 148.868333 348040 7
0.000449 0.999888 0.498273 0.502161 147.924309 348873 7
0.000196 0.999995 0.488461 0.490412 170.835025 398264 8
0.000216 0.999976 0.501546 0.505566 147.151975 348530 7
0.000204 0.999914 0.502635 0.506747 147.403705 351498 7
0.000162 0.999940 0.493370 0.497205 146.744923 348474 7
0.000092 0.999981 0.500013 0.504267 149.755238 350532 7
0.000043 0.999672 0.496165 0.499034 129.307467 352660 7
0.000016 0.999979 0.495503 0.499346 146.422704 351344 7
0.000303 0.999948 0.497222 0.500806 161.116643 347284 7
0.000037 0.999894 0.501691 0.505380 163.068345 350742 7
0.000242 0.999872 0.495706 0.499446 158.428929 349762 7
0.000066 0.999806 0.502509 0.506726 166.001540 353024 7
0.000712 0.999922 0.499820 0.504037 165.368321 349027 7
0.000318 0.999893 0.503749 0.506882 171.262213 350882 7
0.000004 0.999928 0.494439 0.497681 163.359235 350658 7
0.000016 0.999864 0.497071 0.501502 173.624936 348299 7
0.000219 0.999244 0.495860 0.499867 172.277076 350441 7
0.000396 0.999493 0.500062 0.503753 181.639794 350546 7
0.000054 0.999998 0.494313 0.497811 103.288061 352919 7
0.000059 0.999728 0.500151 0.503991 132.856016 348761 7
0.000142 0.999481 0.491516 0.495150 128.220891 350560 7
0.000189 0.999983 0.499521 0.503962 130.935434 349958 7
0.000254 0.999722 0.499374 0.503384 128.247286 349699 7
0.000000 0.999503 0.496468 0.500030 128.474387 351568 7
0.000275 0.999674 0.495670 0.498774 133.242005 351603 7
0.000077 0.999962 0.497081 0.501023 125.479524 348138 7
0.000082 0.999734 0.498267 0.502123 134.152994 350413 7
0.000111 0.999958 0.502109 0.505823 124.142424 351561 7
0.000230 0.999919 0.497272 0.500862 131.193953 350805 7
0.000109 0.999783 0.504084 0.508139 124.797588 350518 7
0.000007 0.999893 0.500821 0.505765 124.755019 350105 7
0.000176 0.999624 0.495096 0.499423 124.539040 346878 7
0.000070 0.999834 0.493371 0.496843 127.234878 350280 7
0.000409 0.999903 0.500424 0.504854 131.689058 346906 7
0.000154 0.999791 0.496530 0.500637 127.329696 349384 7
0.000136 0.999729 0.501930 0.505676 129.347812 350413 7
0.000008 0.999869 0.498889 0.502374 130.160003 352688 7
0.000272 0.999690 0.493421 0.497944 127.336942 350952 7
0.000034 0.999858 0.502150 0.505362 129.380950 351512 7
0.000626 0.999866 0.500037 0.503754 129.900944 349055 7
0.000065 0.999702 0.499914 0.503195 128.593055 349538 7
0.000096 0.999424 0.497093 0.501053 128.276522 349769 7
0.000178 0.999993 0.493000 0.496414 127.438465 351442 7
0.000086 0.999947 0.498003 0.502627 126.855629 348607 7
0.000095 0.999693 0.501561 0.505636 129.232643 351470 7
0.000157 0.999629 0.493192 0.497005 125.873073 347809 7
0.000976 0.999958 0.498458 0.501401 129.035053 351036 7
0.000080 0.999864 0.494237 0.497783 115.873600 348726 7
0.000148 0.999929 0.493325 0.496730 100.694160 351274 7
0.000243 0.999741 0.500292 0.504078 127.491563 347746 7
0.000008 0.999929 0.492664 0.497122 121.715867 352058 7
0.000311 0.999504 0.500646 0.504487 97.264050 351743 7
0.000694 0.999807 0.497354 0.500848 97.613576 350875 7
0.000291 0.999964 0.494927 0.496804 111.055985 398792 8
0.000256 0.999799 0.500967 0.504713 103.945621 352226 7
0.000127 0.999768 0.504281 0.508226 97.041021 348852 7
0.000229 0.999991 0.498208 0.503060 96.842999 348040 7
0.000509 0.999846 0.499792 0.504182 96.500997 347312 7
0.000498 0.999623 0.497445 0.501656 96.722053 348614 7
0.000380 0.999762 0.499896 0.503659 96.733991 347466 7
0.000000 0.999756 0.497862 0.500832 98.208022 352898 7
0.000096 0.999934 0.497279 0.501392 97.770003 349664 7
0.000741 0.999866 0.492913 0.496410 97.459650 349503 7
0.000126 0.999436 0.489044 0.492324 97.069998 349720 7
0.000059 0.999806 0.498594 0.503087 97.196057 350084 7
0.000298 0.999729 0.501547 0.504894 97.902633 351680 7
0.000090 0.999566 0.493583 0.496883 96.692998 348054 7
0.000224 0.999914 0.495342 0.498831 97.658914 351701 7
0.000296 0.999661 0.495386 0.499191 97.383044 349335 7
0.000071 0.999924 0.500226 0.501503 111.341944 399248 8
0.000378 0.999728 0.499314 0.502872 96.868037 348698 7
0.000182 1.000000 0.488356 0.491760 97.547520 349979 7
0.000299 0.999870 0.499613 0.503747 97.529939 350560 7
0.000143 0.999984 0.504059 0.507347 96.120621 345226 7
0.000240 0.999741 0.502724 0.507475 97.587685 349650 7
0.000065 0.999730 0.504308 0.508168 97.115613 349601 7
0.000351 0.999329 0.507378 0.511097 96.331003 348649 7
0.000049 0.999709 0.498427 0.501993 97.488594 350161 7
0.000116 0.999971 0.503970 0.508374 97.605002 350847 7
0.000080 0.999992 0.499349 0.502504 102.341734 350189 7
0.000094 0.999560 0.498328 0.502035 96.831000 348215 7
0.000491 0.999658 0.506099 0.509935 97.867772 350847 7
0.000050 0.999963 0.499840 0.503989 97.281237 350245 7
0.000241 0.999712 0.505992 0.509927 98.223394 352856 7
0.000219 0.999720 0.494906 0.498835 98.160007 353605 7
0.000233 0.999697 0.494185 0.498087 96.488714 346857 7
0.000016 0.999772 0.503697 0.506841 96.462054 348131 7
0.000042 0.999724 0.494267 0.498151 96.989005 349181 7
0.000211 0.999942 0.502108 0.506162 97.207622 349118 7
0.000073 0.999878 0.488913 0.493178 96.905003 349293 7
0.000376 0.999993 0.499291 0.502694 97.339962 347760 7
