0.000694 0.999506 0.515188 0.518661 18.708775 137914 7
0.000624 0.999329 0.508238 0.511691 17.525437 140294 7
0.000037 0.999740 0.496208 0.500287 19.477931 140448 7
0.000216 0.999461 0.503713 0.506944 19.455640 140056 7
0.000073 0.999790 0.501593 0.505376 18.571315 139118 7
0.001289 0.999719 0.498085 0.502815 17.177241 138327 7
0.001674 0.999663 0.493912 0.497644 18.761371 139559 7
0.000389 0.999033 0.484395 0.487354 19.125494 139258 7
0.000125 0.999516 0.495160 0.497764 17.373157 140308 7
0.000109 0.999972 0.498682 0.501543 16.763211 139755 7
0.000645 0.999449 0.489398 0.491367 24.752638 160016 8
0.000247 0.999962 0.497017 0.500176 20.353696 138012 7
0.001213 0.999019 0.500673 0.504162 20.248964 139587 7
0.000336 0.999939 0.504495 0.507556 19.948764 140630 7
0.000544 0.999213 0.500220 0.503678 19.816946 140504 7
0.000440 0.999052 0.481429 0.485876 20.653397 138635 7
0.000041 0.999954 0.501385 0.503853 19.751493 141729 7
0.000137 0.999973 0.496838 0.500238 19.286318 142002 7
0.000346 0.999873 0.493883 0.497423 19.391211 140189 7
0.000145 0.999886 0.505557 0.508609 19.874032 138887 7
0.000298 0.998983 0.502448 0.504975 19.047785 139629 7
0.000266 0.999799 0.498590 0.502240 20.001903 140931 7
0.000223 0.998455 0.486506 0.490984 17.043877 139678 7
0.000310 0.999676 0.496021 0.499121 11.238810 139279 7
0.000226 0.999664 0.504790 0.507962 12.295194 140000 7
0.000290 0.999662 0.487530 0.490744 24.672115 139230 7
0.000254 0.998757 0.495677 0.498867 16.822856 137935 7
0.000113 0.998659 0.499267 0.502545 17.313359 138663 7
0.000186 0.999327 0.513123 0.516062 18.861630 140140 7
0.000181 0.998938 0.497123 0.500934 17.746828 139335 7
0.000375 0.999908 0.498865 0.501852 17.259026 139265 7
0.001675 0.999877 0.509803 0.512572 18.361554 141239 7
0.000527 0.999931 0.509598 0.513218 17.197392 138628 7
0.000807 0.999883 0.504424 0.507616 13.038565 137739 7
0.000383 0.999910 0.495510 0.499930 13.599580 140441 7
0.000311 0.999549 0.499982 0.503599 24.806543 142016 7
0.000473 0.999777 0.496356 0.499476 24.119382 139559 7
0.000511 0.999825 0.499443 0.502414 22.161725 138894 7
0.001026 0.999565 0.494929 0.498211 23.283293 139643 7
0.000492 0.998653 0.501820 0.505376 22.920789 138782 7
0.000436 0.996319 0.504663 0.507694 24.204607 140056 7
0.000127 0.999599 0.497409 0.501294 21.260390 139391 7
0.000117 0.999914 0.495406 0.498974 23.171385 141281 7
0.000074 0.999613 0.495756 0.498744 22.259082 138712 7
0.000235 0.999489 0.494088 0.497413 24.435492 138453 7
0.000189 0.999818 0.502631 0.505715 24.504889 140210 7
0.000858 0.999736 0.491170 0.495831 23.039857 139524 7
0.000064 0.999698 0.498696 0.501223 25.105101 140504 7
0.000439 0.999529 0.513189 0.515909 23.575185 140280 7
0.000126 0.999968 0.497131 0.499739 24.790382 141449 7
0.000210 0.999987 0.488077 0.491645 23.377571 138852 7
0.000005 0.999705 0.490944 0.492408 26.769151 159352 8
0.000140 0.999871 0.504023 0.506494 22.560764 139860 7
0.000065 0.999963 0.501053 0.503758 25.021408 140728 7
0.000670 0.998755 0.505582 0.508938 22.863081 139321 7
0.000495 0.999692 0.501773 0.504613 25.010451 139636 7
0.000040 0.999879 0.509554 0.512824 22.827000 139090 7
0.000809 0.999725 0.510096 0.513879 23.969882 139601 7
0.000440 0.999794 0.499204 0.502528 24.363011 139447 7
0.000117 0.999932 0.506000 0.509177 22.694709 140609 7
0.000740 0.999648 0.508198 0.512029 22.297112 138978 7
0.000516 0.999381 0.493994 0.497180 21.502443 140287 7
0.000110 0.998699 0.499057 0.501432 22.765698 140364 7
0.000763 0.999966 0.492832 0.496581 22.503531 140329 7
0.000460 0.999897 0.495306 0.498125 24.783717 138929 7
0.000145 0.999149 0.504407 0.507141 24.915943 140469 7
0.000251 0.999875 0.509521 0.513083 21.536176 139748 7
0.000080 0.998327 0.516048 0.519299 24.567661 139566 7
0.000401 0.999689 0.496111 0.499039 25.134918 139650 7
0.000309 0.999968 0.502988 0.506716 24.318387 141141 7
0.000344 0.999953 0.502282 0.505441 22.187283 139930 7
0.001099 0.999925 0.496986 0.499593 22.885994 139132 7
0.000231 0.999837 0.481514 0.485062 23.171995 139300 7
0.000331 0.999979 0.488700 0.491698 23.883122 141827 7
0.000550 0.999570 0.498355 0.503147 23.744869 139146 7
0.000407 0.999790 0.502739 0.505655 21.624810 139706 7
0.000106 0.999740 0.491358 0.493660 26.969362 158952 8
0.000000 0.999900 0.488126 0.491273 23.619859 141148 7
0.002470 0.999777 0.501705 0.504457 22.353686 139839 7
0.000205 0.999033 0.486833 0.489856 22.893638 139118 7
0.000156 0.999780 0.487573 0.491623 22.011062 138222 7
0.000334 0.998341 0.509198 0.512256 25.279442 140315 7
0.000492 0.999475 0.502540 0.506569 22.958306 141323 7
0.000021 0.999246 0.510210 0.514444 23.231478 141099 7
0.000460 0.999301 0.500638 0.503786 24.858792 139370 7
0.001277 0.998637 0.502116 0.505234 15.164335 140070 7
0.000721 0.999769 0.497036 0.500886 24.021594 138950 7
0.000183 0.999565 0.502513 0.505979 21.172040 139867 7
0.001963 0.998782 0.490195 0.493986 17.374997 139349 7
0.000005 0.999215 0.506280 0.508782 16.232314 139643 7
0.000728 0.999937 0.491696 0.494506 27.037236 141288 7
0.000487 0.999680 0.492436 0.495297 26.646581 139867 7
0.000220 0.998648 0.505368 0.508158 26.913310 139748 7
0.000042 0.999660 0.493250 0.497062 26.863930 139720 7
0.000019 0.998861 0.500549 0.503138 26.456233 140056 7
0.000128 0.999339 0.494547 0.496771 26.606382 140245 7
0.000036 0.999588 0.499246 0.502275 26.738791 141372 7
0.000281 0.999945 0.502293 0.505937 27.030713 139923 7
0.002025 0.999089 0.498809 0.501995 25.842258 138936 7
0.000146 0.998945 0.493398 0.497051 26.694528 139951 7
