0.006794 0.992593 0.487935 0.490389 0.265851 21245 7
0.010334 0.997676 0.508542 0.511022 0.250533 20230 7
0.008165 0.988881 0.481602 0.483710 0.250162 20601 7
0.006311 0.977156 0.474388 0.476657 0.257583 21189 7
0.002435 0.987913 0.474923 0.477437 0.268095 20846 7
0.004271 0.989808 0.494568 0.496401 0.265638 21770 7
0.003234 0.997725 0.459121 0.461259 0.264305 20860 7
0.003180 0.999768 0.512800 0.515042 0.249055 20293 7
0.000775 0.999067 0.496416 0.497989 0.256646 20972 7
0.003795 0.997635 0.489347 0.491614 0.255556 20748 7
0.003978 0.996624 0.504723 0.506605 0.277991 21007 7
0.000177 0.988254 0.489199 0.492114 0.264854 20972 7
0.003107 0.996334 0.501961 0.504578 0.288395 20727 7
0.010872 0.998695 0.527638 0.532622 0.225742 18216 6
0.003964 0.998085 0.515613 0.517929 0.275827 20657 7
0.001043 0.999183 0.498246 0.500874 0.258007 20559 7
0.001123 0.999935 0.489872 0.492315 0.273696 20601 7
0.002168 0.997336 0.499441 0.501700 0.260392 20608 7
0.001529 0.990386 0.495544 0.498569 0.284990 21378 7
0.000055 0.998616 0.530735 0.532514 0.334420 20741 7
0.002175 0.998863 0.508707 0.510950 0.289093 20594 7
0.001764 0.999336 0.494953 0.497016 0.282853 21490 7
0.005128 0.998403 0.454712 0.457256 0.270936 20608 7
0.010770 0.998367 0.517620 0.521555 0.260781 20923 7
0.002106 0.997486 0.529846 0.532433 0.268166 21182 7
0.002631 0.999132 0.485694 0.489763 0.236410 18270 6
0.000960 0.998383 0.481597 0.483826 0.254683 20608 7
0.004865 0.993610 0.521474 0.523567 0.265522 21203 7
0.003488 0.997885 0.487283 0.489255 0.258096 20811 7
0.001686 0.997379 0.499299 0.503820 0.315316 18048 6
0.001714 0.997392 0.486107 0.487722 0.396078 21021 7
0.005803 0.996229 0.481850 0.484630 0.446960 21301 7
0.005569 0.997448 0.503150 0.505517 0.467549 21014 7
0.001239 0.986426 0.475518 0.479445 0.326401 18342 6
0.000142 0.999326 0.477901 0.480018 0.436227 20699 7
0.002183 0.999854 0.501138 0.506005 0.492978 17946 6
0.004083 0.996118 0.503464 0.505685 0.487440 21245 7
0.000313 0.990644 0.494541 0.496292 0.336839 21385 7
0.002097 0.998254 0.504124 0.508813 0.332800 17652 6
0.003970 0.987644 0.513815 0.516122 0.390823 20503 7
0.001587 0.999097 0.473648 0.478635 0.349976 17982 6
0.004296 0.991375 0.501703 0.504177 0.467735 21056 7
0.002778 0.997671 0.485126 0.487822 0.445473 21168 7
0.001467 0.994949 0.480113 0.481916 0.405945 20769 7
0.001866 0.999925 0.514931 0.516761 0.430681 21511 7
0.000803 0.995986 0.542235 0.544394 0.432973 20895 7
0.000618 0.998251 0.501848 0.504161 0.422315 20685 7
0.000476 0.996452 0.515266 0.518197 0.384447 20496 7
0.000335 0.998180 0.463685 0.466696 0.358922 21147 7
0.000411 0.998338 0.500901 0.503471 0.430809 21308 7
0.003174 0.999043 0.469103 0.471294 0.449539 20783 7
0.000148 0.999305 0.526507 0.528257 0.400541 20475 7
0.000813 0.997666 0.472940 0.475501 0.467414 20734 7
0.000158 0.984641 0.505588 0.508559 0.440092 20853 7
0.004924 0.997024 0.499248 0.501861 0.429800 20391 7
0.001557 0.999318 0.490934 0.493128 0.471053 21056 7
0.002927 0.992224 0.506782 0.509034 0.478217 22656 8
0.007676 0.994665 0.480953 0.483760 0.420106 20783 7
0.000432 0.988441 0.503371 0.505310 0.438914 20951 7
0.000139 0.997286 0.511173 0.513375 0.435996 20650 7
0.004955 0.997260 0.496325 0.500670 0.337589 17724 6
0.004051 0.997831 0.470121 0.472444 0.467805 20944 7
0.002546 0.995183 0.524747 0.526874 0.425034 21056 7
0.006103 0.991308 0.496419 0.498734 0.440082 20594 7
0.002600 0.999905 0.479398 0.481122 0.390482 20132 7
0.002834 0.999969 0.487946 0.489782 0.414956 21539 7
0.000841 0.993175 0.489389 0.491359 0.442502 21000 7
0.001713 0.999638 0.486835 0.488807 0.486921 21413 7
0.000786 0.999493 0.503651 0.505458 0.495308 20748 7
0.002030 0.999423 0.479958 0.483919 0.455860 20181 7
0.000835 0.998709 0.506333 0.508210 0.459949 21112 7
0.003576 0.999541 0.518495 0.522921 0.366033 17916 6
0.001969 0.978514 0.508122 0.510353 0.506754 20671 7
0.001206 0.997940 0.527329 0.529030 0.430308 21315 7
0.001124 0.996629 0.495137 0.497765 0.380238 20454 7
0.003891 0.999262 0.499901 0.502066 0.491134 21126 7
0.003669 0.993110 0.487455 0.489549 0.459973 21140 7
0.001499 0.999065 0.536006 0.540520 0.399139 17796 6
0.001155 0.989808 0.516393 0.518912 0.494392 20699 7
0.000802 0.999175 0.494080 0.497537 0.517912 21063 7
0.007695 0.995239 0.512003 0.514812 0.440823 19978 7
0.004830 0.998979 0.514700 0.516451 0.466857 21147 7
0.000861 0.998879 0.538744 0.540644 0.496422 20888 7
0.005618 0.996697 0.509849 0.511479 0.377964 20510 7
0.003443 0.992650 0.472041 0.476924 0.325645 18342 6
0.004404 0.997402 0.501878 0.506856 0.229954 17304 6
0.004553 0.996021 0.487744 0.490643 0.281028 20832 7
0.002427 0.998299 0.503441 0.505570 0.318850 21147 7
0.005982 0.999786 0.529026 0.531633 0.292900 21350 7
0.002462 0.996213 0.496632 0.501212 0.217591 17484 6
0.004036 0.998482 0.510449 0.512762 0.254629 20790 7
0.002032 0.999405 0.490340 0.492884 0.264054 21378 7
0.003603 0.998604 0.516867 0.519682 0.251409 20223 7
0.000297 0.999084 0.480228 0.484466 0.220331 18018 6
0.003777 0.997747 0.495225 0.499447 0.223187 17838 6
0.009906 0.996689 0.492696 0.496224 0.266221 21441 7
0.001934 0.998382 0.469217 0.471732 0.262381 21175 7
0.005008 0.998226 0.494783 0.499364 0.227088 18228 6
0.001614 0.999932 0.510936 0.514842 0.216647 17736 6
0.007593 0.999474 0.492280 0.494207 0.253843 20482 7
