0.026003 0.985993 0.547242 0.549411 0.007998 3030 6
0.004310 0.996566 0.488246 0.490247 0.008411 2988 6
0.005341 0.967502 0.440953 0.445850 0.006999 2700 5
0.062786 0.978623 0.561135 0.562385 0.009114 3132 6
0.019162 0.915112 0.478183 0.480335 0.007489 2850 6
0.030720 0.995305 0.527746 0.530513 0.009000 3114 6
0.007379 0.939890 0.468581 0.471444 0.008847 2988 6
0.019100 0.995644 0.485183 0.487783 0.007887 2886 6
0.023443 0.986210 0.536071 0.538776 0.007999 2946 6
0.008587 0.970093 0.440803 0.442710 0.007998 2904 6
0.000408 0.995049 0.484982 0.486977 0.007998 3096 6
0.010450 0.998795 0.551890 0.553561 0.008561 2940 6
0.006942 0.986869 0.565551 0.568808 0.008190 3030 6
0.008929 0.998081 0.483906 0.486548 0.007604 2934 6
0.003183 0.988367 0.526666 0.530022 0.008000 2904 6
0.022108 0.983235 0.474386 0.477599 0.008141 2706 6
0.005696 0.967332 0.479910 0.482441 0.006999 2892 6
0.014041 0.992619 0.499416 0.502333 0.008152 2904 6
0.016218 0.981423 0.464698 0.466159 0.008999 3465 7
0.008524 0.979231 0.408652 0.410833 0.008435 3198 6
0.047710 0.995150 0.528404 0.531543 0.007480 3048 6
0.003993 0.970472 0.456087 0.458053 0.009000 3465 7
0.001754 0.983323 0.487732 0.489817 0.008000 2910 6
0.003973 0.985014 0.514131 0.517507 0.008001 2988 6
0.003625 0.994278 0.469469 0.472045 0.007294 2952 6
0.015858 0.987657 0.474751 0.476412 0.008053 2976 6
0.040844 0.999183 0.526993 0.530059 0.007004 2784 6
0.036730 0.996441 0.520802 0.523344 0.008002 2850 6
0.007200 0.980787 0.500971 0.505769 0.006069 2240 5
0.013710 0.999680 0.435369 0.438103 0.008000 2850 6
0.001952 0.983394 0.480583 0.482437 0.006999 2928 6
0.001442 0.977915 0.548133 0.550273 0.007726 3018 6
0.019216 0.998238 0.527444 0.529805 0.008067 2922 6
0.037185 0.995304 0.509043 0.513850 0.007241 2550 5
0.008036 0.986357 0.593233 0.596396 0.006539 2676 6
0.003685 0.983520 0.415438 0.417944 0.007950 2844 6
0.002969 0.969302 0.444547 0.449207 0.007049 2550 5
0.026391 0.999051 0.440472 0.443744 0.007999 3042 6
0.000526 0.985609 0.554476 0.559172 0.007999 2928 6
0.011771 0.944434 0.471982 0.473846 0.008001 2880 6
0.003498 0.990468 0.467506 0.470258 0.008037 3000 6
0.006766 0.955814 0.488784 0.491898 0.007067 2820 6
0.035690 0.986781 0.534898 0.537526 0.008999 3180 6
0.006901 0.990937 0.546081 0.549748 0.007999 3012 6
0.123139 0.998261 0.581968 0.585742 0.008566 3126 6
0.018555 0.992118 0.521294 0.523539 0.007005 2802 6
0.000050 0.993255 0.345762 0.347902 0.008539 3114 6
0.088831 0.981137 0.572526 0.574840 0.008086 3186 6
0.020522 0.982363 0.557107 0.560574 0.007999 3102 6
0.013425 0.950152 0.501772 0.505955 0.007999 2928 6
0.004888 0.994532 0.469820 0.472780 0.006996 2862 6
0.041984 0.990367 0.506866 0.509733 0.012010 2832 6
0.001367 0.990058 0.453970 0.455899 0.006999 2730 6
0.000001 0.986110 0.477647 0.480379 0.007000 2886 6
0.006274 0.981712 0.523225 0.525679 0.007998 3198 6
0.005594 0.987974 0.458802 0.461452 0.007105 2874 6
0.006693 0.995112 0.544538 0.546683 0.008999 3472 7
0.002652 0.988616 0.545500 0.547579 0.007996 2928 6
0.009657 0.949393 0.534772 0.537908 0.008696 2832 6
0.011044 0.983849 0.527126 0.529648 0.008998 3030 6
0.054408 0.957697 0.473475 0.475431 0.007999 2982 6
0.001159 0.983677 0.515155 0.519627 0.010050 3036 6
0.041127 0.969452 0.496400 0.500014 0.007510 2916 6
0.002937 0.980861 0.402592 0.406397 0.006999 2480 5
0.005947 0.955354 0.498498 0.501594 0.007002 2706 6
0.016288 0.996627 0.524414 0.526430 0.009000 2994 6
0.007865 0.999919 0.524790 0.527457 0.008088 2826 6
0.013415 0.998540 0.466494 0.471458 0.006999 2405 5
0.009915 0.993703 0.521703 0.524067 0.008259 2862 6
0.005178 0.985503 0.507035 0.509421 0.007998 2940 6
0.015441 0.989948 0.530906 0.532857 0.007907 2898 6
0.011351 0.951639 0.489098 0.491555 0.007999 2958 6
0.018535 0.977585 0.544055 0.545996 0.006851 2826 6
0.003379 0.984642 0.497968 0.502485 0.007999 2982 6
0.017111 0.975205 0.467673 0.471605 0.006999 2814 6
0.004062 0.939417 0.462379 0.465549 0.008425 2880 6
0.004106 0.981041 0.389033 0.393226 0.007921 2874 6
0.015058 0.980568 0.453302 0.455168 0.008074 3102 6
0.011127 0.993517 0.467867 0.470611 0.008002 2808 6
0.027967 0.997451 0.446589 0.451450 0.007999 2325 5
0.050670 0.941736 0.502093 0.505569 0.007999 2874 6
0.002478 0.994393 0.540457 0.543165 0.007992 2958 6
0.022847 0.987852 0.515406 0.516992 0.008000 3174 6
0.001723 0.959446 0.510043 0.512303 0.008005 2970 6
0.008336 0.996809 0.523668 0.526041 0.008073 3042 6
0.020380 0.986025 0.427197 0.429091 0.007534 2850 6
0.036229 0.998259 0.481892 0.485789 0.006997 2850 6
0.009646 0.963198 0.497677 0.501342 0.007999 2904 6
0.003279 0.984807 0.534025 0.535314 0.007997 2958 6
0.027986 0.963199 0.466732 0.468988 0.008000 2814 6
0.095481 0.991186 0.521016 0.524548 0.007001 3012 6
0.009535 0.995210 0.483669 0.487488 0.007998 2910 6
0.018843 0.945525 0.551664 0.553831 0.007045 2934 6
0.008551 0.994426 0.453019 0.456537 0.007581 2766 6
0.022823 0.991827 0.552157 0.554854 0.008016 3072 6
0.001945 0.976763 0.488307 0.492551 0.007450 2475 5
0.033753 0.987347 0.514098 0.517706 0.008998 3024 6
0.024401 0.989486 0.494690 0.499230 0.007000 2445 5
0.065178 0.995554 0.498673 0.502856 0.007037 2928 6
0.008427 0.991809 0.483700 0.487421 0.008336 2916 6
