0.000269 0.999986 0.504428 0.507635 92.818460 281799 7
0.000870 0.999691 0.496147 0.500875 92.715829 278383 7
0.000659 0.999848 0.494318 0.498766 90.509231 278621 7
0.000127 0.999327 0.497053 0.500357 96.478582 282464 7
0.000344 0.999433 0.490091 0.493926 95.608540 281295 7
0.000219 0.999772 0.504131 0.508371 95.603857 278439 7
0.000521 0.999977 0.497418 0.500632 99.592888 280077 7
0.000227 0.999998 0.497186 0.500991 92.549080 278922 7
0.000298 0.999299 0.493413 0.496789 98.081821 278971 7
0.000269 0.999707 0.503200 0.506733 97.667083 279314 7
0.000208 0.999963 0.493343 0.496959 93.476655 276556 7
0.000083 0.999993 0.492462 0.495683 80.487681 279531 7
0.000508 0.999971 0.499170 0.502224 108.663629 279314 7
0.000761 0.999759 0.501035 0.504521 108.168174 281876 7
0.000113 0.999946 0.504463 0.508073 94.617741 280840 7
0.000010 0.999963 0.496956 0.498786 110.141777 318760 8
0.000038 0.999744 0.494791 0.499163 96.877117 279818 7
0.000020 0.999754 0.496038 0.499259 95.206338 278642 7
0.000076 0.999989 0.501658 0.505890 92.193197 278600 7
0.000061 0.999914 0.505578 0.509383 93.493910 280385 7
0.000154 0.999858 0.501493 0.504866 98.471600 279615 7
0.000396 0.999520 0.492697 0.497528 97.977412 279181 7
0.000673 0.999509 0.497988 0.501225 93.538261 280007 7
0.000146 0.999816 0.490086 0.493078 101.038150 281295 7
0.000355 0.999568 0.502339 0.505565 95.376742 280868 7
0.000105 0.999843 0.497506 0.501545 91.035582 281197 7
0.000280 0.999745 0.509405 0.513200 95.688522 280490 7
0.000094 0.999713 0.493687 0.497653 92.766188 280686 7
0.000209 0.999880 0.504776 0.507789 93.799829 280714 7
0.000045 0.999790 0.506578 0.509410 93.296142 279027 7
0.000118 0.999630 0.498537 0.501935 94.364860 280014 7
0.000003 0.999706 0.496966 0.500023 93.743540 279706 7
0.000681 0.999677 0.507200 0.511144 95.883682 279195 7
0.000164 0.998683 0.498317 0.501858 96.893446 281092 7
0.000135 0.999965 0.493307 0.497155 94.506593 281400 7
0.000562 0.999886 0.501343 0.504654 96.691200 280336 7
0.000058 0.999938 0.497898 0.501000 75.189893 280959 7
0.000040 0.999838 0.493187 0.496967 91.989479 279244 7
0.000092 0.999634 0.498679 0.502188 95.536359 280805 7
0.000277 0.999822 0.493589 0.497036 104.266932 281099 7
0.000609 0.999893 0.488469 0.493374 103.694782 279237 7
0.000006 0.999956 0.505946 0.509045 103.574315 280378 7
0.000212 0.999807 0.499583 0.503843 103.279406 279419 7
0.000085 0.999609 0.504730 0.508106 108.320463 280693 7
0.000452 0.999714 0.502182 0.506458 111.609979 280581 7
0.000474 0.999795 0.492637 0.497557 107.245673 278768 7
0.000240 0.999670 0.504775 0.507929 112.113240 279524 7
0.000135 0.999822 0.502105 0.503967 124.897781 319216 8
0.000233 0.999627 0.500443 0.503679 103.767781 280035 7
0.000233 0.999860 0.496312 0.500007 114.816999 281764 7
0.000121 0.999681 0.494759 0.498681 109.523553 279748 7
0.000279 0.999553 0.491309 0.494938 111.333513 279048 7
0.001033 0.999535 0.500685 0.504589 107.471684 280035 7
0.000081 0.999939 0.496513 0.499620 122.875406 278019 7
0.000274 0.999645 0.494199 0.497729 61.179978 281197 7
0.000092 0.999804 0.495079 0.498433 86.277950 280070 7
0.000210 0.999909 0.503145 0.507972 84.792001 278999 7
0.000590 0.999960 0.487899 0.492492 83.942946 280224 7
0.000170 0.999687 0.507637 0.510385 83.701416 281001 7
0.000019 0.999549 0.491286 0.494492 86.489000 281813 7
0.000063 0.999863 0.496674 0.500825 82.796740 279755 7
0.000057 0.999901 0.505471 0.509155 79.609005 280693 7
0.000054 0.999740 0.498198 0.500931 84.468002 280714 7
0.000248 0.999830 0.496932 0.500085 82.294005 277949 7
0.000001 0.999683 0.494698 0.498897 79.027058 276962 7
0.000005 0.999913 0.499274 0.502678 79.231240 278663 7
0.000021 0.999693 0.502028 0.505205 85.850951 277704 7
0.000261 0.999966 0.499930 0.503037 79.143652 280133 7
0.000363 0.999993 0.496583 0.499789 80.454057 282086 7
0.000499 0.999892 0.490705 0.494298 80.772954 282758 7
0.000332 0.999430 0.497088 0.501225 81.432003 278418 7
0.000042 0.999025 0.504035 0.508619 79.730592 281155 7
0.000072 0.999663 0.498976 0.502246 79.649007 276661 7
0.000110 0.999687 0.496867 0.499979 81.497017 279104 7
0.000122 0.999782 0.500149 0.503927 82.729022 280476 7
0.000315 0.999258 0.502665 0.506595 83.245006 279853 7
0.000010 0.999454 0.501123 0.504290 80.035003 280021 7
0.000022 0.999863 0.502504 0.506080 81.420886 281589 7
0.000103 0.999753 0.491821 0.494913 82.052009 281134 7
0.000284 0.999860 0.505928 0.509589 79.209998 281183 7
0.000495 0.999710 0.497143 0.501020 81.286673 279762 7
0.000025 0.999780 0.504045 0.507504 81.754162 279489 7
0.000112 0.999729 0.492973 0.496533 82.597003 280616 7
0.000145 0.999936 0.487178 0.490580 78.779964 282562 7
0.000281 0.999757 0.497133 0.500709 82.063000 282660 7
0.000369 0.999845 0.499069 0.502628 83.759052 278649 7
0.000461 0.999187 0.504893 0.507885 86.796052 278950 7
0.000475 0.999953 0.497152 0.500356 81.730997 280525 7
0.000267 0.999924 0.495101 0.498468 86.669961 281953 7
0.000044 0.999474 0.507878 0.512013 78.894948 280812 7
0.000089 0.999639 0.507197 0.510341 81.425057 282079 7
0.000118 0.999886 0.490821 0.495131 88.793801 279958 7
0.000128 0.999997 0.500093 0.503854 80.747051 277340 7
0.000222 0.999575 0.492596 0.495732 81.353576 280882 7
0.000028 0.999589 0.507776 0.511112 81.489043 279097 7
0.000044 0.999505 0.494114 0.498283 82.388593 279020 7
0.000352 0.999748 0.496229 0.499556 81.310994 280105 7
0.000074 0.999820 0.495795 0.499155 83.487315 281568 7
0.000365 0.999949 0.499555 0.503769 82.843051 279335 7
0.000181 0.999923 0.493000 0.496486 82.148061 279664 7
