0.000904 0.998622 0.510040 0.512196 0.725356 34881 7
0.001762 0.999367 0.504627 0.507631 0.759123 34510 7
0.001799 0.998987 0.495349 0.497630 0.896393 35357 7
0.002896 0.998938 0.510738 0.512905 0.750948 34342 7
0.001218 0.991060 0.481784 0.484869 0.792225 34699 7
0.000327 0.998944 0.507071 0.509708 0.897058 34734 7
0.000030 0.997185 0.504874 0.507725 0.879179 34678 7
0.005137 0.999167 0.501251 0.503877 1.568379 34657 7
0.002310 0.998034 0.482030 0.484774 0.859989 33985 7
0.001667 0.998978 0.484371 0.486619 0.818032 35322 7
0.001251 0.998151 0.512926 0.517443 0.720419 29154 6
0.000846 0.998504 0.500124 0.501996 0.868993 34433 7
0.002192 0.999697 0.503588 0.505894 0.820144 34972 7
0.000548 0.998922 0.501260 0.503081 0.866347 35231 7
0.001546 0.994359 0.486786 0.489543 0.903095 34636 7
0.001600 0.999555 0.485174 0.487299 0.885330 35343 7
0.005337 0.996364 0.506095 0.511058 0.729728 29706 6
0.003100 0.998955 0.476241 0.479070 0.847969 34909 7
0.001450 0.998975 0.490170 0.492811 0.881793 34804 7
0.000564 0.998977 0.516550 0.518593 0.874942 34860 7
0.000033 0.999826 0.505258 0.507530 1.034871 35357 7
0.000093 0.997929 0.491542 0.493990 1.095726 34923 7
0.004731 0.998458 0.511991 0.514272 0.993831 34909 7
0.002459 0.998756 0.516390 0.519203 1.223922 34328 7
0.000472 0.995451 0.524725 0.526946 1.217831 35574 7
0.004335 0.995027 0.487523 0.489678 1.101410 36106 7
0.001187 0.998620 0.502919 0.504836 1.020588 35637 7
0.000273 0.998917 0.514739 0.516868 1.184169 35000 7
0.001302 0.999956 0.502407 0.507375 1.040071 30018 6
0.000237 0.999824 0.467484 0.470237 1.036969 34482 7
0.000145 0.993617 0.499544 0.501482 1.022998 34615 7
0.001685 0.998568 0.494090 0.497082 1.549550 34958 7
0.008135 0.999252 0.494497 0.496506 1.725227 34538 7
0.001894 0.997921 0.490833 0.494375 1.325725 33425 7
0.003638 0.994410 0.506953 0.509583 1.351094 34811 7
0.001404 0.997192 0.504362 0.506279 1.416211 35126 7
0.000379 0.997865 0.485562 0.488699 1.389380 35119 7
0.003067 0.991424 0.496566 0.499317 1.277803 34832 7
0.000286 0.998546 0.497643 0.500361 1.796055 35126 7
0.002409 0.997672 0.504300 0.507801 1.464996 34202 7
0.000485 0.998793 0.504670 0.506992 1.527255 34636 7
0.000444 0.997640 0.475008 0.477153 1.449137 35196 7
0.000186 0.997991 0.500523 0.503606 1.782898 34846 7
0.002182 0.990947 0.478625 0.483090 1.701840 34741 7
0.002328 0.998105 0.502626 0.505311 1.522177 34538 7
0.002648 0.997734 0.485000 0.487537 0.980060 33845 7
0.001108 0.993407 0.475492 0.477703 0.982111 35399 7
0.000853 0.999125 0.516491 0.520587 0.999722 35126 7
0.004410 0.994986 0.521339 0.523832 0.904558 34678 7
0.000714 0.999732 0.532783 0.536104 0.954011 34916 7
0.002937 0.997948 0.517981 0.520781 0.880119 35560 7
0.002343 0.999142 0.493607 0.496085 0.903601 34769 7
0.002387 0.999195 0.504675 0.506508 0.871510 35252 7
0.001974 0.994146 0.484134 0.486227 0.921028 35126 7
0.004085 0.998872 0.497373 0.500955 0.988032 35266 7
0.004028 0.999862 0.496767 0.499049 1.025963 35476 7
0.000716 0.998545 0.488957 0.491249 1.486220 35252 7
0.001889 0.999455 0.507273 0.509097 1.079748 34797 7
0.001409 0.998333 0.498689 0.501618 1.447800 35616 7
0.000998 0.999152 0.491393 0.494018 1.339177 35490 7
0.000215 0.994927 0.500982 0.503132 1.049066 34748 7
0.002302 0.997842 0.467806 0.470513 1.027750 34713 7
0.001580 0.998962 0.489191 0.491198 1.207753 35364 7
0.003679 0.998906 0.515863 0.518146 1.449590 35448 7
0.001283 0.993714 0.465703 0.469860 1.468228 35035 7
0.000313 0.999862 0.500392 0.502205 1.437511 35007 7
0.001244 0.996530 0.504208 0.506571 1.378207 35483 7
0.000029 0.998525 0.512073 0.513769 1.274540 34825 7
0.000911 0.993886 0.492401 0.494623 1.251419 34692 7
0.002143 0.999562 0.519341 0.521871 1.015892 35903 7
0.006858 0.995227 0.499959 0.502920 1.227338 34174 7
0.007194 0.999842 0.496442 0.499204 1.180075 35602 7
0.000382 0.999617 0.490747 0.492990 1.476114 35616 7
0.000394 0.999052 0.472279 0.474238 1.548022 34860 7
0.002378 0.996169 0.527905 0.530046 1.389996 35826 7
0.002502 0.999443 0.505254 0.507610 1.400845 34944 7
0.001832 0.990796 0.512924 0.515854 1.325181 35035 7
0.000523 0.995953 0.504351 0.507525 1.373619 34370 7
0.002704 0.998765 0.508142 0.510627 1.371763 33719 7
0.001029 0.996682 0.525430 0.529151 1.220468 35259 7
0.001919 0.995953 0.497096 0.499196 1.517734 35112 7
0.003661 0.999261 0.500681 0.503003 1.140460 34755 7
0.001160 0.999415 0.488837 0.491069 1.126278 35700 7
0.000543 0.999060 0.494037 0.497172 1.355348 34559 7
0.003861 0.998618 0.525495 0.527913 0.970810 34531 7
0.000286 0.999753 0.503872 0.506342 1.160537 34545 7
0.000328 0.999692 0.514775 0.516999 1.215395 34559 7
0.001255 0.996438 0.524780 0.527313 0.941391 34769 7
0.003635 0.998794 0.499488 0.502213 1.363299 34636 7
0.001086 0.998485 0.494086 0.497882 1.397908 33943 7
0.000042 0.998961 0.486475 0.488735 1.289991 34804 7
0.000766 0.998603 0.499792 0.502389 1.155089 35637 7
0.001715 0.999350 0.504479 0.507272 1.144386 34951 7
0.000370 0.999225 0.488548 0.490596 1.123904 34622 7
0.003941 0.997962 0.503603 0.506244 1.075815 35490 7
0.001574 0.997733 0.514462 0.517167 1.204725 34930 7
0.007142 0.999451 0.506533 0.508742 1.467083 35133 7
0.002104 0.997903 0.503006 0.505869 1.201538 33824 7
0.004228 0.997930 0.501039 0.503664 1.283429 34440 7
0.004838 0.990623 0.514946 0.517270 1.035526 34650 7
