0.000952 0.998867 0.487953 0.490483 0.437762 27419 7
0.001126 0.998092 0.506627 0.509049 0.479703 27811 7
0.000032 0.997867 0.525245 0.530186 0.421140 23994 6
0.001496 0.994926 0.479043 0.481364 0.468578 27902 7
0.000897 0.999764 0.495744 0.497307 0.473027 28434 7
0.000971 0.997385 0.488298 0.491464 0.452272 27034 7
0.003353 0.999850 0.460078 0.461960 0.468594 27762 7
0.002634 0.999425 0.485842 0.489843 0.393379 23964 6
0.005855 0.998530 0.523471 0.525172 0.458693 27531 7
0.001119 0.996175 0.524099 0.526611 0.564044 27321 7
0.003191 0.998894 0.520498 0.522838 0.467668 27923 7
0.002591 0.994174 0.467125 0.471385 0.457630 24102 6
0.000935 0.998414 0.486435 0.489781 0.510926 28210 7
0.000567 0.995147 0.491966 0.494770 0.452219 27265 7
0.001988 0.997719 0.492400 0.495219 0.467065 28238 7
0.001047 0.991101 0.496713 0.498283 0.469163 28504 7
0.003158 0.997141 0.484295 0.486642 0.476478 28511 7
0.000358 0.999631 0.472163 0.474512 0.460829 27587 7
0.006403 0.997611 0.505710 0.507844 0.462835 27958 7
0.002696 0.998954 0.477833 0.480189 0.454096 27853 7
0.003388 0.998806 0.507516 0.510661 0.454968 27643 7
0.001388 0.997228 0.510345 0.512949 0.447510 27111 7
0.001085 0.991814 0.472478 0.474831 0.464400 28189 7
0.000568 0.995565 0.504116 0.508570 0.401885 24186 6
0.003882 0.997370 0.517344 0.520216 0.468855 27370 7
0.005944 0.993603 0.485512 0.487508 0.471024 28105 7
0.000950 0.999387 0.520922 0.522929 0.547050 28182 7
0.007881 0.996761 0.505445 0.507875 0.488002 27944 7
0.006378 0.996878 0.502431 0.504267 0.483800 28182 7
0.016087 0.995517 0.494168 0.497004 0.514417 27643 7
0.002213 0.999741 0.483440 0.485587 0.635490 28476 7
0.001380 0.998556 0.477875 0.479911 0.641247 29057 7
0.003560 0.994821 0.510626 0.512665 0.506368 28049 7
0.004392 0.995524 0.494685 0.497304 0.944067 27496 7
0.000144 0.998718 0.495029 0.497447 0.858569 28245 7
0.001809 0.999913 0.503259 0.506394 0.546057 27839 7
0.006200 0.997986 0.505591 0.507582 0.525883 27860 7
0.002259 0.999099 0.511381 0.513667 0.526411 28259 7
0.004469 0.993987 0.497771 0.500033 0.522493 28021 7
0.004284 0.997887 0.493957 0.495879 0.582073 28602 7
0.000962 0.996047 0.480494 0.483119 0.585821 27594 7
0.000270 0.997760 0.482141 0.483855 0.524054 28357 7
0.000348 0.997408 0.509270 0.511365 0.572327 27783 7
0.000065 0.996415 0.514777 0.517086 0.565976 27825 7
0.000628 0.996994 0.491027 0.493256 0.609769 27923 7
0.000575 0.999049 0.477826 0.480203 0.539598 27489 7
0.002456 0.992323 0.501403 0.504345 0.589762 27769 7
0.004635 0.996877 0.503412 0.505531 0.560505 28588 7
0.004875 0.997452 0.487922 0.489998 0.547125 27363 7
0.001280 0.999576 0.498607 0.500643 0.575823 28175 7
0.000931 0.999099 0.519710 0.522292 0.528642 27622 7
0.001629 0.997248 0.490468 0.492930 0.553930 27013 7
0.000165 0.998502 0.507091 0.509199 0.579081 28518 7
0.001012 0.999159 0.497125 0.501816 0.495826 24312 6
0.001883 0.999005 0.516343 0.518759 0.629526 27769 7
0.001931 0.998128 0.485869 0.489156 0.618705 27412 7
0.000372 0.999580 0.493412 0.496073 0.715825 28021 7
0.000082 0.999683 0.499562 0.502284 0.630046 28063 7
0.001266 0.998459 0.500853 0.502966 0.678989 28119 7
0.001813 0.999134 0.520011 0.522854 0.767792 27846 7
0.000065 0.993596 0.476303 0.478839 0.780440 27489 7
0.005861 0.991026 0.494300 0.496250 0.818315 28966 7
0.003541 0.999064 0.505589 0.508019 0.736450 28021 7
0.009782 0.998651 0.529152 0.533808 0.548963 24594 6
0.001086 0.997796 0.494979 0.497782 0.650248 27972 7
0.001708 0.997659 0.496581 0.498697 0.746319 28049 7
0.005025 0.997388 0.498558 0.501558 0.913103 28112 7
0.001022 0.999047 0.481723 0.484077 0.785863 28672 7
0.001395 0.996340 0.504314 0.506746 0.669358 27923 7
0.000419 0.993816 0.515286 0.519564 0.578897 24150 6
0.001528 0.981758 0.487218 0.489971 0.784863 27426 7
0.003257 0.998627 0.511696 0.515216 1.038950 27951 7
0.002603 0.999972 0.517371 0.519175 1.030571 28147 7
0.000842 0.998854 0.520272 0.524552 1.284800 28441 7
0.004438 0.998407 0.487677 0.490140 0.833184 27664 7
0.003134 0.997576 0.457410 0.462390 0.854628 23004 6
0.002064 0.999772 0.484842 0.487680 1.012122 27622 7
0.006208 0.998088 0.508629 0.513419 0.785859 23892 6
0.000035 0.995473 0.514529 0.517185 1.013628 27825 7
0.002463 0.999441 0.502538 0.504714 1.005173 28140 7
0.002881 0.999724 0.532900 0.534992 1.040465 28028 7
0.003781 0.999479 0.538072 0.541156 0.906798 27587 7
0.003313 0.999530 0.488912 0.491838 0.870633 27097 7
0.001329 0.997652 0.488803 0.490858 0.960350 28070 7
0.010021 0.999871 0.500465 0.503745 1.120701 27608 7
0.000954 0.994301 0.494619 0.496937 0.940659 27818 7
0.003505 0.998242 0.479260 0.481392 1.129115 27832 7
0.002272 0.999461 0.478787 0.480635 0.940369 28196 7
0.003369 0.995587 0.473571 0.476052 1.140701 28147 7
0.001158 0.999139 0.498890 0.502009 0.985249 27433 7
0.000583 0.998345 0.494058 0.496205 0.921473 27559 7
0.004509 0.997248 0.491508 0.494582 0.867177 27419 7
0.002472 0.997737 0.503488 0.505780 0.635999 28049 7
0.001003 0.993829 0.489878 0.492545 0.660541 27531 7
0.001245 0.997442 0.490548 0.492474 0.650067 28245 7
0.000150 0.998220 0.456884 0.458950 0.620780 27622 7
0.006250 0.998392 0.496692 0.499182 0.647152 28406 7
0.001334 0.999073 0.494401 0.496409 0.611567 28735 7
0.000223 0.997318 0.507889 0.510015 0.639790 27986 7
0.000160 0.998384 0.494833 0.496766 0.688148 28518 7
