0.000261 0.999563 0.496107 0.499544 50.023672 211386 7
0.000065 0.999939 0.495320 0.498340 52.314220 209328 7
0.000220 0.999768 0.501594 0.504764 53.115872 211036 7
0.000051 0.999874 0.494450 0.497601 55.097428 208488 7
0.000237 0.999474 0.512807 0.516225 53.813429 209797 7
0.000865 0.999905 0.498536 0.502480 52.175713 209125 7
0.000069 0.999648 0.498525 0.501613 51.521796 209314 7
0.000135 0.999706 0.500332 0.503115 56.319853 209895 7
0.000034 0.999267 0.485130 0.488521 50.485535 208656 7
0.000515 0.999636 0.492274 0.497027 52.085963 212121 7
0.000091 0.998283 0.492448 0.496560 52.763903 212359 7
0.000428 0.999719 0.498120 0.502208 51.450288 211176 7
0.000267 0.999959 0.491942 0.494866 52.487239 210231 7
0.000396 0.999571 0.500958 0.504062 52.986545 213234 7
0.000262 0.999982 0.493237 0.496292 53.910179 212184 7
0.000212 0.999889 0.500989 0.503996 50.066501 209118 7
0.000243 0.999926 0.496671 0.500020 55.367864 209979 7
0.000371 0.999681 0.506483 0.509572 53.035562 211708 7
0.000583 0.999961 0.503862 0.507379 52.981651 209867 7
0.000198 0.999475 0.487906 0.491801 53.244914 208719 7
0.000403 0.999996 0.495605 0.499909 50.990923 211967 7
0.000088 0.999928 0.502817 0.505674 55.659047 209335 7
0.000113 0.999962 0.501449 0.505121 50.861695 210427 7
0.000408 0.998934 0.514843 0.518759 36.480695 209692 7
0.000224 0.999365 0.497653 0.501277 60.010405 210168 7
0.000189 0.999812 0.498213 0.501743 59.767000 207480 7
0.000026 0.999548 0.499551 0.503539 61.209371 209321 7
0.000374 0.999982 0.500113 0.503480 60.459787 211512 7
0.000185 0.999870 0.503047 0.506061 55.080984 209923 7
0.000146 0.999779 0.496664 0.501142 53.661088 209461 7
0.000671 0.999711 0.491201 0.495121 51.621223 209384 7
0.000531 0.998817 0.513788 0.517462 53.543546 210133 7
0.000284 0.999809 0.498789 0.501871 50.368820 211512 7
0.000570 0.999970 0.495819 0.499577 53.752759 211274 7
0.000297 0.999559 0.498331 0.501983 51.645995 209118 7
0.000045 0.999907 0.498260 0.502291 52.641121 208362 7
0.001331 0.999341 0.506715 0.511142 50.111243 207956 7
0.000231 0.999537 0.501388 0.504632 54.066104 210819 7
0.000049 0.999932 0.500835 0.504399 50.970292 209636 7
0.001057 0.999307 0.506939 0.510615 53.049551 209979 7
0.001015 0.999827 0.500675 0.503453 53.252712 209972 7
0.000059 0.999920 0.497516 0.501652 49.963443 208796 7
0.000195 0.999932 0.493292 0.497103 51.078575 209125 7
0.001192 0.999915 0.500128 0.503448 51.360406 210588 7
0.000040 0.999934 0.498785 0.501719 53.306734 210028 7
0.000152 0.999743 0.494978 0.499253 53.104084 209615 7
0.000438 0.999953 0.505953 0.509604 52.216154 209482 7
0.000428 0.999818 0.494416 0.497846 56.260787 210882 7
0.000191 0.999825 0.492029 0.495489 54.369675 209265 7
0.000105 0.999891 0.504054 0.508116 51.795104 209174 7
0.000180 0.999832 0.497586 0.500973 54.847761 210049 7
0.000118 0.999519 0.493044 0.497481 52.740250 210245 7
0.000023 0.999816 0.496097 0.501031 50.674056 208369 7
0.000644 0.999585 0.498060 0.502129 51.700943 209958 7
0.000844 0.999923 0.497874 0.502085 54.061420 208558 7
0.000003 0.999944 0.495138 0.499228 52.618260 208999 7
0.000753 0.999981 0.495474 0.498567 53.119926 208320 7
0.000076 0.999994 0.498794 0.503141 51.236649 209104 7
0.001181 0.998991 0.501173 0.504384 54.601065 211393 7
0.000013 0.999799 0.505233 0.509265 54.432335 211323 7
0.000124 0.999827 0.510551 0.513579 51.311667 212261 7
0.000272 0.999889 0.511633 0.515425 52.775833 209580 7
0.000115 0.998925 0.486883 0.490500 51.689636 211960 7
0.000110 0.999516 0.507264 0.511225 56.548982 210728 7
0.000089 0.999502 0.493254 0.496309 52.309908 208677 7
0.000185 0.999850 0.507603 0.511812 51.153563 212856 7
0.000540 0.999034 0.492105 0.495449 53.865373 211099 7
0.000275 0.999811 0.484164 0.487483 49.685896 209426 7
0.000823 0.999881 0.498689 0.502483 48.928765 208614 7
0.000072 0.999681 0.494277 0.496941 53.307556 209020 7
0.000046 0.999399 0.506753 0.509886 44.592028 209118 7
0.000555 0.999059 0.498499 0.501720 50.959891 209510 7
0.000127 0.999895 0.491225 0.494834 52.675373 209202 7
0.000376 0.999692 0.498592 0.501423 50.160830 211120 7
0.000525 0.999195 0.504681 0.508372 52.424317 207480 7
0.000091 0.999978 0.494068 0.497775 59.010083 208894 7
0.000206 0.999543 0.497659 0.501268 55.531410 210077 7
0.000616 0.998674 0.489533 0.493256 58.441947 210336 7
0.000123 0.999997 0.498997 0.502334 58.039418 212660 7
0.000028 0.999517 0.511434 0.512925 67.398055 240256 8
0.000678 0.999945 0.504163 0.507477 55.629217 209181 7
0.000103 0.997547 0.494816 0.497919 55.793627 209937 7
0.000153 0.999983 0.499383 0.503709 58.963251 209237 7
0.000201 0.999189 0.496032 0.500154 61.428559 210378 7
0.001178 0.999118 0.509706 0.513084 56.770013 208950 7
0.000338 0.999326 0.501177 0.504225 60.664300 210238 7
0.000726 0.999885 0.499627 0.503325 59.333680 210966 7
0.000182 0.999883 0.501612 0.505043 59.976071 208467 7
0.000030 0.999861 0.501379 0.505185 61.849161 209580 7
0.001652 0.999797 0.505759 0.508773 62.206162 210000 7
0.000233 0.999800 0.495941 0.500258 60.111533 209293 7
0.000062 0.999961 0.495419 0.498703 60.933117 209545 7
0.000119 0.999986 0.496895 0.500164 60.342520 208642 7
0.000652 0.999178 0.499009 0.502965 62.276882 210399 7
0.000345 0.999969 0.501140 0.504225 62.023531 209321 7
0.000252 0.999579 0.506830 0.510356 63.056909 210980 7
0.001955 0.999232 0.502625 0.506210 61.924475 210728 7
0.000419 0.998522 0.500863 0.504354 61.603301 212009 7
0.000452 0.999998 0.498319 0.502845 59.993492 209566 7
0.000068 0.999875 0.495096 0.497863 61.151532 209790 7
