0.002439 0.986700 0.436746 0.441729 0.004999 1865 5
0.005144 0.958408 0.515665 0.517496 0.005005 2450 7
0.045861 0.916644 0.479432 0.483857 0.004564 1895 5
0.024089 0.970532 0.503762 0.507737 0.004146 2050 5
0.005866 0.983150 0.436077 0.438871 0.005001 2020 5
0.037553 0.971015 0.495448 0.499400 0.005826 2376 6
0.016874 0.980027 0.479407 0.483448 0.005000 2328 6
0.002576 0.980156 0.442952 0.444931 0.005516 2418 6
0.063580 0.980620 0.483892 0.485735 0.004999 2286 6
0.031921 0.989222 0.464726 0.468921 0.004888 1995 5
0.029972 0.991594 0.572983 0.574474 0.004989 2436 6
0.004962 0.902812 0.484150 0.486914 0.005084 2220 6
0.006526 0.977416 0.456360 0.458310 0.005000 2328 6
0.021402 0.987500 0.479636 0.483065 0.004682 2275 7
0.003304 0.984627 0.499097 0.502726 0.005001 2178 6
0.008329 0.962838 0.447333 0.451791 0.004000 1945 5
0.078248 0.939425 0.515701 0.520033 0.004997 2140 5
0.003384 0.984549 0.426855 0.430120 0.004999 2334 6
0.011212 0.977126 0.510266 0.512143 0.005341 2514 6
0.006339 0.992881 0.531143 0.534024 0.004999 2394 6
0.014377 0.908795 0.441375 0.443743 0.004936 2184 6
0.033121 0.988949 0.528913 0.532704 0.003999 1915 5
0.044019 0.979195 0.474097 0.477470 0.005071 2214 6
0.000173 0.994346 0.565956 0.569306 0.005000 2220 6
0.059902 0.992604 0.509411 0.512544 0.005000 2178 6
0.007963 0.980534 0.488748 0.491522 0.005998 2328 6
0.020594 0.999004 0.550448 0.552466 0.004997 2262 6
0.011196 0.999205 0.465775 0.468359 0.005000 2136 6
0.021154 0.998727 0.430724 0.432764 0.004720 2310 6
0.005250 0.905830 0.488622 0.492849 0.004999 2346 6
0.012009 0.998151 0.500594 0.505381 0.004569 1950 5
0.012424 0.967093 0.538030 0.542427 0.004883 1875 5
0.053825 0.993642 0.585592 0.589872 0.005001 1975 5
0.003857 0.988593 0.458340 0.460492 0.004999 2166 6
0.030764 0.934933 0.509284 0.513873 0.005000 2030 5
0.006496 0.987378 0.605772 0.610182 0.005000 2292 6
0.009016 0.992914 0.538880 0.541803 0.004998 2322 6
0.018396 0.959587 0.402173 0.405117 0.004946 2322 6
0.018481 0.937171 0.536450 0.539854 0.005081 2118 6
0.028316 0.935643 0.492179 0.493784 0.005064 2436 6
0.010632 0.984415 0.421726 0.423823 0.005123 2256 6
0.012412 0.985862 0.584371 0.587056 0.005455 2460 6
0.000000 0.961802 0.510891 0.513919 0.005232 2466 6
0.014266 0.970343 0.510469 0.512695 0.005919 2412 6
0.017559 0.968956 0.451042 0.455558 0.004321 1850 5
0.002051 0.992824 0.440205 0.445201 0.004249 1990 5
0.006493 0.974484 0.512803 0.515461 0.004997 2208 6
0.037897 0.986526 0.469092 0.471151 0.005000 2298 6
0.001291 0.996316 0.526410 0.528227 0.004998 2490 6
0.005656 0.981747 0.488659 0.490626 0.005031 2238 6
0.048246 0.994492 0.488537 0.491152 0.006065 2583 7
0.010936 0.995491 0.541578 0.546324 0.004546 1915 5
0.099242 0.967512 0.550261 0.553867 0.005001 2220 6
0.017670 0.998348 0.483480 0.487553 0.005000 2430 6
0.040944 0.969204 0.517491 0.520013 0.004999 2322 6
0.012042 0.957649 0.476261 0.477868 0.006000 2406 6
0.016191 0.989958 0.459250 0.461609 0.005002 2274 6
0.012241 0.974808 0.514942 0.518010 0.003999 1935 5
0.048125 0.975635 0.581964 0.586895 0.003999 1935 5
0.019880 0.992225 0.476580 0.479279 0.005999 2406 6
0.036127 0.999385 0.593268 0.595381 0.005475 2292 6
0.001076 0.980864 0.533922 0.535970 0.009904 2484 6
0.003924 0.992525 0.489997 0.492211 0.005999 2688 7
0.013864 0.990090 0.500953 0.502981 0.003999 2142 6
0.055462 0.998674 0.553994 0.556077 0.004848 2178 6
0.003931 0.985590 0.512912 0.515022 0.004999 2244 6
0.003461 0.954394 0.478365 0.482633 0.005076 1960 5
0.024757 0.997605 0.527847 0.530447 0.005287 2370 6
0.017970 0.994253 0.486710 0.488262 0.004999 2562 7
0.034133 0.999781 0.544358 0.547058 0.004998 2478 6
0.005361 0.989712 0.511797 0.514201 0.004999 2334 6
0.021007 0.985175 0.544802 0.546305 0.004940 2394 6
0.023215 0.990331 0.549697 0.553817 0.004681 2268 6
0.005321 0.988114 0.605845 0.607789 0.006000 2856 7
0.030568 0.934568 0.464422 0.467612 0.005000 2000 5
0.073634 0.988477 0.630730 0.633649 0.005554 2400 6
0.026755 0.871027 0.403125 0.407077 0.003999 1885 5
0.019962 0.989199 0.516567 0.521129 0.004909 2196 6
0.040735 0.958633 0.496391 0.497616 0.005992 2388 6
0.027864 0.993430 0.533331 0.536659 0.004999 2196 6
0.020452 0.993751 0.459560 0.462775 0.004952 2412 6
0.032646 0.920357 0.475714 0.479771 0.004999 2085 5
0.048959 0.962095 0.423684 0.425719 0.006062 2502 6
0.000061 0.998602 0.542667 0.545570 0.005939 2406 6
0.069329 0.995601 0.578319 0.581966 0.005195 1990 5
0.008531 0.988191 0.392675 0.395819 0.007249 2370 6
0.005710 0.998873 0.551423 0.553596 0.005806 2751 7
0.025561 0.999097 0.466251 0.469489 0.005070 2250 6
0.082391 0.998841 0.536180 0.538762 0.004999 2430 6
0.001194 0.986861 0.462920 0.465060 0.004841 2250 6
0.005415 0.980729 0.479196 0.480515 0.005997 2466 6
0.092236 0.990136 0.582733 0.587590 0.004998 2286 6
0.070507 0.982402 0.481237 0.483043 0.004999 2406 6
0.013588 0.996717 0.491594 0.492974 0.006004 2556 6
0.005184 0.988495 0.456759 0.460819 0.004899 2130 6
0.053343 0.988329 0.478714 0.483218 0.005366 2135 5
0.043659 0.973937 0.487881 0.490655 0.005999 2268 6
0.004987 0.931567 0.441812 0.445145 0.005000 2208 6
0.005877 0.999279 0.428416 0.431585 0.005001 2220 6
0.004870 0.944885 0.339033 0.340656 0.004999 2358 6
