0.022669 0.795988 0.492691 0.495612 0.001524 1015 5
0.106839 0.990372 0.538409 0.541564 0.001998 965 5
0.112676 0.961039 0.578471 0.582697 0.001994 935 5
0.021680 0.929995 0.490489 0.493377 0.001001 1044 6
0.005515 0.984286 0.533899 0.537791 0.001655 925 5
0.024942 0.859949 0.568429 0.572109 0.001024 925 5
0.069324 0.994084 0.510589 0.514883 0.001998 832 4
0.038711 0.986596 0.465296 0.469850 0.002331 900 5
0.021537 0.899032 0.407573 0.409394 0.002000 1050 5
0.045234 0.942891 0.500092 0.502910 0.000998 935 5
0.134266 0.970266 0.562734 0.565379 0.002172 935 5
0.010575 0.993749 0.387105 0.389425 0.001999 950 5
0.001717 0.900460 0.569892 0.573040 0.001746 970 5
0.011688 0.954162 0.493554 0.495988 0.001999 885 5
0.021782 0.902239 0.433352 0.437107 0.000805 930 5
0.077941 0.914860 0.511437 0.513905 0.000999 985 5
0.021984 0.940424 0.493420 0.495426 0.001997 1197 7
0.170446 0.888575 0.614391 0.616066 0.001999 1085 5
0.032207 0.953616 0.621370 0.624429 0.001999 1005 5
0.211751 0.990861 0.621884 0.624621 0.002000 935 5
0.052833 0.770803 0.316564 0.318440 0.001520 955 5
0.066529 0.993771 0.579651 0.582873 0.000998 965 5
0.027467 0.983715 0.477340 0.481442 0.001304 1134 6
0.001753 0.889660 0.462746 0.467089 0.002087 1005 5
0.021641 0.965620 0.501253 0.503776 0.001998 885 5
0.016067 0.937085 0.572521 0.574644 0.001527 1116 6
0.027092 0.976084 0.584254 0.585671 0.002000 1015 5
0.001442 0.973816 0.581007 0.584405 0.000907 828 4
0.041520 0.996943 0.529875 0.533129 0.002000 1000 5
0.014348 0.982425 0.603446 0.607703 0.000998 990 5
0.013535 0.991056 0.576258 0.579621 0.001949 875 5
0.094266 0.855887 0.469863 0.471061 0.002037 990 5
0.013147 0.913089 0.435073 0.437838 0.001999 1098 6
0.097587 0.980175 0.409181 0.413450 0.001523 925 5
0.023601 0.997167 0.570699 0.574912 0.002038 940 5
0.015241 0.991832 0.529530 0.532881 0.000998 985 5
0.089750 0.963976 0.521487 0.524294 0.001987 1086 6
0.021595 0.968906 0.483049 0.484854 0.001000 950 5
0.046723 0.988128 0.501991 0.503350 0.002000 1080 6
0.045978 0.969661 0.517005 0.520384 0.001119 940 5
0.145602 0.915477 0.529017 0.532130 0.001002 885 5
0.015357 0.960626 0.432571 0.436325 0.000842 910 5
0.048451 0.989816 0.558518 0.560488 0.000999 970 5
0.013334 0.942147 0.542348 0.544515 0.001877 975 5
0.014785 0.938668 0.505840 0.508567 0.001817 935 5
0.119393 0.955463 0.486590 0.490238 0.002000 985 5
0.009141 0.978129 0.535116 0.538884 0.001000 960 5
0.011395 0.981344 0.487975 0.490236 0.001560 980 5
0.050964 0.943681 0.519560 0.521771 0.000998 980 5
0.024007 0.958139 0.544378 0.547156 0.003000 1015 5
0.067712 0.956868 0.495963 0.498256 0.001999 1146 6
0.023640 0.967166 0.412681 0.415217 0.001001 920 5
0.067848 0.952046 0.517608 0.520200 0.002047 1074 6
0.012869 0.923614 0.431802 0.435985 0.000999 910 5
0.083676 0.980227 0.581813 0.583335 0.001149 1152 6
0.092872 0.999821 0.509098 0.512563 0.001366 1000 5
0.030981 0.932849 0.431847 0.433961 0.000998 965 5
0.061011 0.966367 0.611795 0.613643 0.001997 975 5
0.071977 0.963854 0.514222 0.516044 0.001577 1128 6
0.016254 0.995894 0.576992 0.579666 0.001997 1000 5
0.030029 0.936385 0.579814 0.582915 0.001000 1080 6
0.039103 0.992202 0.603270 0.605795 0.002173 990 5
0.023980 0.999210 0.401307 0.404314 0.001997 970 5
0.031190 0.997636 0.565179 0.569708 0.001930 960 5
0.046844 0.967290 0.493664 0.495714 0.001512 1236 6
0.000034 0.950394 0.381960 0.385659 0.002000 920 5
0.048011 0.987550 0.581733 0.586653 0.000999 890 5
0.090102 0.943933 0.549864 0.552422 0.001950 1038 6
0.061904 0.994105 0.558144 0.562044 0.000999 975 5
0.032929 0.971832 0.545022 0.548718 0.001767 930 5
0.028363 0.964771 0.535798 0.537728 0.002004 1025 5
0.028315 0.941949 0.421313 0.424054 0.000999 1025 5
0.014603 0.877449 0.445361 0.448779 0.002723 955 5
0.093220 0.996365 0.599331 0.602476 0.001000 940 5
0.017500 0.967461 0.474945 0.477007 0.000999 1230 6
0.029221 0.861601 0.467826 0.469747 0.000999 1068 6
0.001026 0.960812 0.464700 0.467498 0.001998 1116 6
0.019309 0.843493 0.422076 0.423537 0.000999 1242 6
0.020939 0.691461 0.347680 0.350541 0.001000 880 5
0.004452 0.995778 0.446499 0.450321 0.002000 945 5
0.049264 0.929346 0.431806 0.434337 0.001999 970 5
0.055863 0.931743 0.521381 0.523958 0.001996 1080 6
0.029218 0.994977 0.368185 0.372627 0.001001 895 5
0.004222 0.941593 0.581991 0.584578 0.001998 1032 6
0.006706 0.996323 0.549357 0.553238 0.000998 960 5
0.017552 0.996793 0.588155 0.592451 0.002000 1040 5
0.044219 0.840819 0.480505 0.482189 0.001608 955 5
0.031229 0.856338 0.463954 0.466661 0.000999 925 5
0.038805 0.927203 0.381582 0.383633 0.001999 965 5
0.028625 0.963286 0.593997 0.595327 0.001559 1164 6
0.041979 0.916911 0.492483 0.494717 0.002000 925 5
0.086447 0.993381 0.661958 0.665895 0.002000 736 4
0.064982 0.929299 0.613440 0.616146 0.001992 900 5
0.116507 0.937208 0.577350 0.580828 0.001001 970 5
0.078482 0.982866 0.578217 0.580291 0.002004 960 5
0.000700 0.880083 0.396830 0.400665 0.001820 955 5
0.017965 0.941929 0.663192 0.667637 0.000999 855 5
0.045890 0.926519 0.437867 0.442752 0.001607 744 4
0.013641 0.961010 0.469176 0.473028 0.001999 900 5
0.006789 0.885588 0.412803 0.415812 0.000936 965 5
