0.001130 0.983461 0.494514 0.496743 0.031632 6818 7
0.003100 0.993063 0.504709 0.508238 0.027160 5952 6
0.013008 0.991525 0.485092 0.488880 0.028197 6006 6
0.006994 0.995284 0.457685 0.461890 0.027597 5856 6
0.006876 0.976533 0.430982 0.435756 0.027854 5844 6
0.001360 0.984534 0.499327 0.502716 0.028139 5982 6
0.000474 0.996907 0.488584 0.492122 0.027141 5604 6
0.020085 0.995769 0.493983 0.497131 0.027023 5838 6
0.006613 0.998338 0.495544 0.499766 0.031000 6330 6
0.004698 0.984669 0.497743 0.500290 0.027996 6138 6
0.004235 0.977534 0.455021 0.459167 0.027551 5832 6
0.008002 0.962245 0.451997 0.455793 0.027783 5904 6
0.005305 0.994586 0.544290 0.547441 0.026955 5856 6
0.014139 0.995347 0.487690 0.491947 0.026722 5832 6
0.004208 0.992242 0.515442 0.518962 0.028106 6102 6
0.005861 0.998592 0.501035 0.504539 0.027906 6150 6
0.000873 0.994591 0.515169 0.519859 0.027453 6018 6
0.026761 0.998992 0.487270 0.491355 0.027000 5826 6
0.009104 0.997884 0.487691 0.489899 0.032051 6867 7
0.003136 0.994772 0.461327 0.465258 0.027069 6012 6
0.006712 0.999314 0.498367 0.501230 0.026358 5736 6
0.000309 0.982950 0.508936 0.513100 0.026436 5670 6
0.006766 0.992045 0.531720 0.534681 0.028684 6036 6
0.001173 0.965025 0.488493 0.489946 0.032458 6993 7
0.012191 0.999429 0.532812 0.536766 0.027066 5736 6
0.013449 0.991693 0.511835 0.516380 0.027158 5958 6
0.015330 0.999403 0.491554 0.496049 0.026000 5730 6
0.020841 0.978610 0.481039 0.483521 0.032523 6979 7
0.010593 0.986512 0.441516 0.444676 0.028998 6264 6
0.006951 0.990082 0.511659 0.514597 0.027058 5898 6
0.012003 0.996757 0.470506 0.475494 0.027029 5772 6
0.003614 0.993049 0.492239 0.495485 0.028351 5850 6
0.001692 0.990744 0.527906 0.530294 0.030366 6657 7
0.025424 0.989967 0.556453 0.559409 0.034001 5682 6
0.000303 0.997179 0.513945 0.517214 0.028071 5910 6
0.001946 0.995980 0.587413 0.591100 0.027999 6000 6
0.043173 0.997859 0.535269 0.539992 0.028000 6168 6
0.000857 0.993448 0.522510 0.526032 0.027570 5976 6
0.006060 0.977267 0.463378 0.468000 0.025999 5598 6
0.005785 0.994983 0.474138 0.478089 0.028083 6072 6
0.021428 0.990078 0.536278 0.537876 0.031074 6769 7
0.032329 0.995167 0.459148 0.461813 0.027613 6084 6
0.005914 0.992952 0.471091 0.475104 0.027155 5874 6
0.028715 0.984349 0.476732 0.480316 0.027999 5832 6
0.002248 0.998430 0.466141 0.469556 0.028181 6048 6
0.007054 0.996969 0.417014 0.420626 0.027184 5748 6
0.010687 0.998650 0.476724 0.480160 0.027065 5988 6
0.010144 0.996435 0.521255 0.525779 0.035607 6000 6
0.009751 0.986335 0.547728 0.549867 0.028601 6210 6
0.000287 0.998804 0.516459 0.519287 0.029073 5922 6
0.010485 0.997409 0.494147 0.497127 0.028999 6366 6
0.005867 0.993761 0.512650 0.516631 0.029248 6538 7
0.002857 0.997736 0.510476 0.512343 0.031033 6846 7
0.029364 0.998518 0.543544 0.547716 0.026258 5616 6
0.000247 0.994271 0.494686 0.498822 0.026081 5652 6
0.001622 0.984157 0.495358 0.500149 0.027000 5934 6
0.013958 0.996895 0.473172 0.476860 0.029162 5982 6
0.018428 0.999411 0.480824 0.483074 0.031608 6678 7
0.008357 0.999735 0.546405 0.550716 0.028000 6120 6
0.001104 0.998769 0.522242 0.526188 0.027077 5898 6
0.001640 0.985020 0.536853 0.540690 0.027066 5946 6
0.009677 0.966807 0.487390 0.491658 0.028147 5826 6
0.004845 0.965928 0.481956 0.486788 0.027809 6078 6
0.004624 0.995920 0.459435 0.462409 0.034924 7808 8
0.000306 0.999460 0.486998 0.490934 0.028318 5970 6
0.018301 0.999973 0.565295 0.569371 0.026949 5736 6
0.024779 0.998765 0.487601 0.492502 0.027705 5868 6
0.029755 0.996031 0.485303 0.489897 0.027378 6024 6
0.014768 0.995161 0.502404 0.504413 0.031911 6853 7
0.007070 0.996865 0.488422 0.492511 0.026988 5778 6
0.000117 0.997510 0.570831 0.573107 0.026671 5994 6
0.009349 0.996089 0.518048 0.521166 0.027625 5946 6
0.000472 0.980187 0.485589 0.489320 0.030850 6748 7
0.007621 0.997981 0.468515 0.472274 0.030445 6720 7
0.036574 0.996220 0.549308 0.552913 0.026564 5934 6
0.000007 0.998118 0.479991 0.482631 0.028137 5982 6
0.021851 0.996402 0.506378 0.510103 0.040873 6048 6
0.000819 0.999108 0.467898 0.469880 0.035239 6762 7
0.013427 0.977506 0.443442 0.447300 0.029040 6024 6
0.001629 0.992571 0.502845 0.505898 0.029890 6336 6
0.000594 0.970202 0.481837 0.485697 0.027760 5964 6
0.001379 0.993443 0.510486 0.512753 0.032300 7028 7
0.003658 0.962374 0.491274 0.495704 0.028419 6018 6
0.001820 0.966984 0.539529 0.543238 0.026819 5940 6
0.006260 0.992873 0.517891 0.520968 0.029970 6078 6
0.005951 0.996676 0.490323 0.495053 0.027203 5844 6
0.026947 0.996487 0.461496 0.465203 0.028383 6288 6
0.023871 0.983219 0.469214 0.473508 0.027851 6168 6
0.003749 0.987710 0.482236 0.484219 0.031608 6601 7
0.008065 0.999668 0.509311 0.513118 0.028272 6030 6
0.004436 0.989551 0.447083 0.451017 0.027580 5826 6
0.009202 0.998852 0.510600 0.515303 0.024607 5215 5
0.004173 0.994811 0.520680 0.522729 0.032825 7084 7
0.014059 0.975348 0.506087 0.510124 0.026673 5688 6
0.027481 0.993596 0.507760 0.510391 0.029093 6276 6
0.012307 0.999148 0.527332 0.530820 0.028761 5844 6
0.002564 0.998436 0.510596 0.513821 0.028090 5946 6
0.008399 0.993303 0.486283 0.488357 0.029804 6144 6
0.015279 0.999369 0.465757 0.468217 0.029320 6120 6
0.004642 0.988539 0.527157 0.530731 0.028114 5850 6
