0.097249 0.964408 0.504434 0.505931 0.001000 450 5
0.019616 0.961663 0.498888 0.500339 0.001004 450 5
0.127030 0.847058 0.434524 0.436170 0.000000 360 4
0.044081 0.969868 0.417417 0.419890 0.000000 360 4
0.007171 0.761079 0.384054 0.385202 0.000000 360 4
0.108111 0.996686 0.606399 0.608484 0.001000 360 4
0.172137 0.726375 0.447241 0.450979 0.000000 270 3
0.039748 0.768376 0.367011 0.370484 0.000000 360 4
0.079523 0.864470 0.479190 0.481015 0.001007 360 4
0.007592 0.958539 0.493461 0.497272 0.001001 360 4
0.078955 0.940972 0.515373 0.518795 0.000750 360 4
0.066973 0.909442 0.564556 0.567881 0.000000 360 4
0.041805 0.867181 0.409983 0.414953 0.000839 450 5
0.006721 0.960967 0.423164 0.426246 0.000000 450 5
0.194512 0.654795 0.511398 0.513209 0.000000 360 4
0.008783 0.960197 0.500413 0.504362 0.000000 360 4
0.055656 0.828163 0.499285 0.501354 0.000868 360 4
0.086711 0.941547 0.587847 0.590538 0.000998 540 6
0.012732 0.833897 0.207130 0.209830 0.001001 360 4
0.233453 0.992557 0.538420 0.541943 0.001001 360 4
0.164355 0.890003 0.561368 0.563920 0.001036 360 4
0.016958 0.998709 0.410585 0.414412 0.001001 360 4
0.184407 0.864136 0.583585 0.587018 0.000952 360 4
0.067535 0.891437 0.440348 0.442696 0.000000 450 5
0.049034 0.744121 0.419354 0.422575 0.000000 450 5
0.250547 0.973640 0.502988 0.507218 0.001009 360 4
0.214139 0.920783 0.542279 0.546509 0.001000 360 4
0.137247 0.809313 0.472280 0.475548 0.001001 360 4
0.247677 0.947749 0.499394 0.501100 0.001007 360 4
0.056310 0.873863 0.463357 0.466968 0.000989 360 4
0.305620 0.932894 0.642175 0.644051 0.001000 450 5
0.051012 0.857237 0.428716 0.431629 0.000000 360 4
0.031685 0.996134 0.432055 0.435362 0.000771 360 4
0.008399 0.996825 0.563748 0.565656 0.000000 360 4
0.038088 0.976291 0.522133 0.525354 0.001116 360 4
0.038842 0.837265 0.503484 0.507813 0.001002 270 3
0.085491 0.956296 0.566204 0.567647 0.001000 450 5
0.044481 0.891314 0.323427 0.326045 0.000000 360 4
0.183520 0.933781 0.564838 0.566337 0.000000 360 4
0.065326 0.955711 0.351487 0.353638 0.000000 360 4
0.054213 0.982193 0.481262 0.484489 0.000565 360 4
0.038800 0.885144 0.445294 0.449013 0.000997 360 4
0.015198 0.828893 0.416548 0.418853 0.000000 360 4
0.215723 0.762042 0.413895 0.416807 0.000000 360 4
0.100142 0.713059 0.458173 0.459293 0.000000 360 4
0.291573 0.928149 0.585097 0.589494 0.000896 360 4
0.073904 0.883171 0.439161 0.440882 0.000596 360 4
0.019690 0.991664 0.472970 0.474435 0.001000 360 4
0.031190 0.916524 0.468152 0.471927 0.000000 360 4
0.009696 0.926127 0.351858 0.353702 0.000374 360 4
0.010036 0.914285 0.479848 0.481767 0.000000 450 5
0.083414 0.917773 0.454304 0.458441 0.000000 360 4
0.211397 0.907262 0.572049 0.575349 0.000946 360 4
0.208265 0.991803 0.596741 0.599666 0.001000 360 4
0.058770 0.925298 0.526279 0.528900 0.000000 360 4
0.011836 0.964889 0.454327 0.456586 0.000000 360 4
0.070717 0.821250 0.449639 0.451603 0.000000 450 5
0.056770 0.976786 0.619436 0.622809 0.000000 360 4
0.026668 0.943967 0.557656 0.559663 0.000000 360 4
0.273555 0.902861 0.550383 0.553807 0.000000 360 4
0.037162 0.874991 0.457244 0.459795 0.000000 450 5
0.029560 0.991819 0.547541 0.549155 0.000000 450 5
0.056913 0.866153 0.604030 0.605357 0.000000 360 4
0.149099 0.971767 0.565805 0.567812 0.000962 360 4
0.111795 0.983164 0.490311 0.492863 0.001326 360 4
0.020061 0.969822 0.431044 0.435471 0.001001 360 4
0.001850 0.981852 0.327589 0.331575 0.001131 270 3
0.209772 0.891173 0.516377 0.518893 0.000999 360 4
0.032985 0.952744 0.426698 0.429606 0.001000 360 4
0.037312 0.886750 0.564924 0.566909 0.000000 360 4
0.091350 0.964969 0.501246 0.503031 0.000867 450 5
0.121873 0.842884 0.477621 0.481535 0.000000 360 4
0.064660 0.933355 0.541916 0.546430 0.000000 360 4
0.116691 0.980428 0.625463 0.627433 0.000000 360 4
0.098093 0.967529 0.629550 0.633782 0.001212 360 4
0.147928 0.875557 0.478489 0.482549 0.000000 360 4
0.103719 0.908613 0.492507 0.494345 0.001000 360 4
0.024911 0.921637 0.466298 0.468800 0.001000 450 5
0.061211 0.977593 0.521220 0.526210 0.001000 270 3
0.118070 0.971168 0.574673 0.578674 0.000000 360 4
0.227523 0.997066 0.614213 0.616215 0.000000 360 4
0.033069 0.810107 0.521527 0.523276 0.000000 360 4
0.279907 0.994257 0.697694 0.699759 0.000000 360 4
0.014047 0.879313 0.309047 0.310959 0.001001 360 4
0.079098 0.995309 0.641784 0.645446 0.000000 360 4
0.000737 0.938605 0.367985 0.370229 0.000000 360 4
0.003295 0.868966 0.488198 0.490329 0.000000 360 4
0.006545 0.984578 0.517308 0.519488 0.000000 360 4
0.199653 0.858726 0.426548 0.429572 0.000000 360 4
0.022658 0.916387 0.452279 0.457255 0.001000 270 3
0.034648 0.894644 0.269842 0.274771 0.001000 270 3
0.033725 0.982401 0.545928 0.548130 0.000999 360 4
0.006192 0.837585 0.354734 0.358859 0.001000 360 4
0.143619 0.998633 0.634357 0.636572 0.001000 360 4
0.017852 0.944064 0.334714 0.336508 0.000895 360 4
0.033503 0.969269 0.384442 0.389255 0.001000 360 4
0.056288 0.897291 0.424181 0.427880 0.000000 360 4
0.122059 0.995714 0.587262 0.589989 0.000000 360 4
0.268600 0.982480 0.666924 0.668411 0.000000 450 5
0.159968 0.896238 0.553184 0.557713 0.001047 360 4
