0.017955 0.950608 0.484786 0.489763 26.920046 766878 434
0.035889 0.957210 0.528900 0.533892 38.364000 1100988 612
0.024889 0.974448 0.487086 0.492074 49.682997 1105916 622
0.032031 0.970490 0.501681 0.506665 21.971045 1034825 583
0.051618 0.992498 0.486511 0.491502 23.994939 985600 550
0.033847 0.972570 0.513347 0.518325 26.727042 1234690 710
0.004935 0.958759 0.480008 0.485003 22.414938 1011456 576
0.027605 0.972550 0.496193 0.501175 22.341045 1022971 563
0.047650 0.974048 0.493902 0.498873 8.909421 351360 192
0.038925 0.991963 0.497391 0.502382 19.902995 1047774 606
0.043586 0.996401 0.479495 0.484459 15.089375 787897 451
0.018127 0.982357 0.494739 0.499729 17.998006 920668 524
0.023197 0.972372 0.488491 0.493470 18.161001 973840 560
0.013154 0.973647 0.508280 0.513268 16.946962 889542 513
0.039669 0.981146 0.486122 0.491115 22.438817 850584 488
0.029684 0.966463 0.495531 0.500523 14.419000 758520 430
0.042726 0.950947 0.517844 0.522814 25.400944 1281995 715
0.015797 0.940322 0.503204 0.508199 28.453999 1021064 566
0.010111 0.980582 0.478573 0.483549 29.605963 872160 480
0.045241 0.976853 0.486736 0.491711 18.785980 707364 401
0.011346 0.989879 0.491706 0.496694 14.862988 764150 425
0.029452 0.988733 0.496785 0.501761 15.520994 793359 441
0.024240 0.959993 0.493914 0.498900 23.057336 1162158 654
0.022267 0.991637 0.509905 0.514900 18.942842 986553 549
0.047160 0.954805 0.504581 0.509570 9.755951 509760 288
0.032968 0.963331 0.509159 0.514156 17.563051 903393 513
0.023613 0.978785 0.536056 0.541042 22.428034 1137740 652
0.024343 0.978176 0.492717 0.497714 28.698041 1487592 852
0.012879 0.980678 0.506545 0.511526 21.819956 883309 491
0.038813 0.994600 0.497038 0.502034 15.825125 776112 437
