0.016655 0.951452 0.484664 0.489638 17.574789 712555 505
0.041133 0.994721 0.499431 0.504421 11.627272 443175 311
0.028159 0.996206 0.479112 0.484097 15.280328 734904 519
0.022616 0.973082 0.493831 0.498825 10.072595 453362 329
0.055882 0.983304 0.520163 0.525115 10.690571 347944 244
0.036397 0.979165 0.501596 0.506569 16.466078 509589 369
0.033131 0.980387 0.478576 0.483537 8.841976 270459 189
0.026202 0.981984 0.501170 0.506139 20.695689 548842 398
0.028165 0.973977 0.486916 0.491905 8.277852 257481 183
0.021044 0.969127 0.502301 0.507260 9.657688 317329 223
0.029424 0.980266 0.502018 0.506979 15.447371 517298 362
0.037359 0.984877 0.479444 0.484442 15.285769 556991 397
0.015371 0.986076 0.483489 0.488480 14.825657 512640 356
0.033944 0.998287 0.493011 0.497981 12.884593 428745 303
0.033075 0.971723 0.486214 0.491191 18.270810 625660 436
0.018478 0.995937 0.488081 0.493051 13.961392 496620 356
0.039302 0.964694 0.486629 0.491619 12.627099 442104 312
0.024801 0.983953 0.504686 0.509666 13.961819 407100 295
0.008494 0.978488 0.517491 0.522471 18.797448 530688 384
0.049895 0.981167 0.495798 0.500770 6.516985 217872 153
0.012066 0.980045 0.506678 0.511674 14.180022 463650 330
0.058276 0.969667 0.515897 0.520894 10.641389 360426 254
0.035026 0.979877 0.515726 0.520723 13.200793 462080 320
0.013040 0.984086 0.492836 0.497830 19.036221 715080 505
0.024550 0.977429 0.490257 0.495254 16.002954 603169 433
0.031672 0.982022 0.495281 0.500262 8.920056 339147 237
0.043062 0.980795 0.493635 0.498619 8.591000 305868 213
0.009105 0.976993 0.493504 0.498494 13.660954 663100 475
0.025318 0.984933 0.504955 0.509938 7.232946 271029 191
0.047753 0.950020 0.515239 0.520234 17.468047 592752 424
0.030566 0.982122 0.511928 0.516898 13.036001 478270 338
0.014026 0.969892 0.500029 0.505014 15.181057 486822 346
0.027318 0.986751 0.473394 0.478388 17.653001 603602 433
0.058583 0.967407 0.508184 0.513164 16.082939 619318 434
0.039597 0.973466 0.504217 0.509215 13.986000 492012 346
0.033456 0.960056 0.496855 0.501816 7.433949 271488 192
0.030817 0.972685 0.488388 0.493371 7.765005 280192 199
0.028074 0.949089 0.498685 0.503684 20.635958 647465 455
0.034952 0.939168 0.498235 0.503211 12.757999 426853 289
0.036926 0.979654 0.471600 0.476589 21.586046 748340 527
0.032524 0.991714 0.498835 0.503783 16.648041 577600 400
0.048959 0.950567 0.499957 0.504953 8.882005 323904 224
0.017245 0.983477 0.505709 0.510694 16.270994 565920 393
0.049651 0.959096 0.493345 0.498329 18.522049 706158 486
0.067586 0.950565 0.501354 0.506344 7.778995 284172 199
0.021089 0.991642 0.524019 0.528979 14.264948 538856 386
0.020454 0.957489 0.476532 0.481506 7.256045 441816 328
0.043512 0.968650 0.509939 0.514798 2.743985 161008 116
0.002383 0.979750 0.493323 0.498311 10.540003 610305 435
0.032121 0.977616 0.489593 0.494562 7.963049 459756 324
0.038950 0.972550 0.500121 0.505057 9.670989 560938 389
0.053841 0.969684 0.494757 0.499745 9.847057 569232 402
0.010051 0.971566 0.506621 0.511591 7.651004 435024 304
0.009897 0.939873 0.494090 0.499072 12.308048 690500 500
0.049376 0.971075 0.482529 0.487485 11.608989 671616 477
0.019129 0.960841 0.512509 0.517502 9.420061 542076 398
0.067596 0.981303 0.509554 0.514527 8.640941 496314 351
0.043993 0.979602 0.526835 0.531815 9.333000 538317 387
0.021470 0.955565 0.504102 0.508989 2.971045 172020 122
0.064487 0.937899 0.491462 0.496451 9.610996 551772 393
0.046966 0.976974 0.518657 0.523639 12.651991 732028 524
0.051073 0.992588 0.509463 0.514461 7.474041 424948 298
0.030004 0.944712 0.478194 0.483177 11.889941 685927 491
0.025457 0.980054 0.478357 0.483328 8.651003 497262 358
0.040529 0.953107 0.499040 0.504014 7.646955 439722 306
0.061636 0.989477 0.500089 0.505057 9.278930 534352 367
0.056156 0.976083 0.512473 0.517461 8.726988 507654 357
0.016934 0.963189 0.496790 0.501788 4.145045 239229 171
0.002895 0.990106 0.500004 0.504989 9.113942 525636 372
0.033513 0.964660 0.518077 0.523048 11.192045 645645 455
0.016624 0.946620 0.490332 0.495304 13.037938 752352 544
0.037210 0.946477 0.495653 0.500606 6.166988 358912 256
0.039997 0.947547 0.496883 0.501819 6.632991 385476 273
0.028045 0.971935 0.486122 0.491106 9.130943 537516 378
0.027938 0.972987 0.481130 0.486116 7.487049 432290 311
0.024132 0.957523 0.514282 0.519278 7.274935 416712 291
0.034612 0.961264 0.500491 0.505486 4.776052 276588 197
0.013435 0.993485 0.492861 0.497823 5.768985 332525 235
0.046343 0.970965 0.503705 0.508692 7.935047 460404 324
0.036011 0.943348 0.494208 0.499195 10.327044 598688 424
0.022668 0.975983 0.490270 0.495249 8.371047 483930 342
0.002379 0.936549 0.482690 0.487682 12.502048 722390 530
0.003545 0.972826 0.476906 0.481889 7.572042 436080 316
0.034600 0.967547 0.492747 0.497687 11.461048 666918 469
0.071038 0.940941 0.510995 0.515977 6.394000 375301 263
0.021556 0.964966 0.491194 0.496193 9.331988 546227 391
0.012185 0.961598 0.490485 0.495469 7.168985 422688 296
0.021017 0.994907 0.490128 0.495103 10.760000 616330 431
0.031651 0.980603 0.475127 0.480096 9.097001 518610 354
0.009008 0.951996 0.507006 0.511972 7.818941 446338 313
0.041026 0.964562 0.487495 0.492475 5.229049 244122 174
0.031146 0.954119 0.501273 0.506272 10.139048 567415 401
0.011677 0.958898 0.475423 0.480408 8.251939 476634 339
0.040550 0.967336 0.505056 0.510056 6.310937 359604 252
0.035533 0.957366 0.528150 0.533141 10.824050 622944 432
0.022707 0.964779 0.487667 0.492597 2.745945 161124 116
0.006620 0.978560 0.493664 0.498657 10.264000 580944 399
0.016919 0.959714 0.497687 0.502645 2.545999 142200 100
0.009660 0.973372 0.502325 0.507274 8.225940 468184 344
0.025127 0.949675 0.492062 0.497056 3.213048 181740 130
