0.065303 0.901654 0.520787 0.524579 0.005334 2520 14
0.189658 0.986568 0.593015 0.595819 0.005926 2760 15
0.108522 0.943637 0.465682 0.469038 0.004893 2314 13
0.113671 0.801553 0.458270 0.461858 0.004799 2327 13
0.037150 0.860897 0.477880 0.482031 0.004863 2520 14
0.135578 0.907743 0.541034 0.545946 0.005622 2752 16
0.149697 0.955020 0.524375 0.528510 0.006284 3287 19
0.054339 0.971121 0.495320 0.499868 0.005821 2960 16
0.123503 0.943540 0.557241 0.560919 0.003836 1991 11
0.117721 0.855913 0.514210 0.518568 0.005651 2907 17
0.169689 0.938742 0.497514 0.501540 0.010226 3801 21
0.063026 0.950018 0.513579 0.517825 0.007154 3200 20
0.182482 0.849486 0.470685 0.474658 0.008584 4488 24
0.157177 0.936357 0.528063 0.531459 0.005260 2470 13
0.119967 0.952332 0.473267 0.477810 0.004512 2340 13
0.047293 0.952979 0.464108 0.468838 0.005982 2958 17
0.007314 0.943701 0.478434 0.481549 0.006842 3510 18
0.145244 0.904419 0.492860 0.496285 0.004821 2408 14
0.067351 0.942716 0.507107 0.511849 0.005258 2685 15
0.052269 0.888510 0.535806 0.539316 0.005388 2688 16
0.096621 0.971366 0.508181 0.512981 0.006368 3078 18
0.088334 0.900670 0.522419 0.526476 0.005194 2560 16
0.069659 0.969822 0.528140 0.532183 0.005445 2704 16
0.066724 0.962301 0.479676 0.483408 0.004775 2352 14
0.025458 0.878533 0.466310 0.470794 0.005068 2550 15
0.010254 0.886995 0.511653 0.515802 0.007316 3633 21
0.163930 0.831889 0.519482 0.523856 0.005738 2958 17
0.042280 0.851681 0.490609 0.493662 0.005613 2856 17
0.071652 0.938198 0.499069 0.502199 0.004832 2520 15
0.229885 0.815175 0.520271 0.524036 0.005244 2655 15
0.137849 0.918182 0.467326 0.471757 0.004533 2380 14
0.134337 0.941510 0.501586 0.506183 0.005953 2944 16
0.012202 0.945583 0.490650 0.495648 0.004320 2040 12
0.041060 0.889132 0.481199 0.484708 0.005941 2992 17
0.102389 0.968805 0.487499 0.492180 0.004677 2353 13
0.021679 0.858658 0.479113 0.482549 0.005049 2379 13
0.043924 0.934126 0.474108 0.479039 0.005610 2790 15
0.038887 0.951438 0.496764 0.501575 0.005062 2314 13
0.123494 0.953847 0.551370 0.555000 0.004404 2172 12
0.082369 0.957973 0.463660 0.468213 0.004898 2520 14
0.051805 0.966636 0.488230 0.492826 0.005286 2688 14
0.078351 0.860232 0.505396 0.509764 0.005427 2550 15
0.092929 0.996763 0.538072 0.542483 0.004476 2119 13
0.088999 0.990986 0.542553 0.545122 0.004735 2310 14
0.125778 0.876777 0.416402 0.420892 0.005909 2941 17
0.091809 0.947373 0.489765 0.493356 0.007465 3608 22
0.164230 0.871801 0.493749 0.498467 0.004511 2314 13
0.076912 0.944184 0.535816 0.540048 0.004373 1991 11
0.064834 0.973966 0.564545 0.568395 0.004501 2254 14
0.025521 0.902092 0.554653 0.558888 0.009050 4536 27
0.053490 0.965401 0.501899 0.505206 0.004575 2275 13
0.087315 0.876835 0.561710 0.566359 0.006193 2925 15
0.026867 0.901589 0.491114 0.495093 0.004888 2445 15
0.156467 0.886152 0.513783 0.517497 0.005052 2625 15
0.055701 0.885187 0.505478 0.510194 0.005141 2520 15
0.042624 0.822346 0.442233 0.447058 0.007149 3720 20
0.117164 0.912238 0.485258 0.489564 0.006679 3380 20
0.156536 0.817237 0.539950 0.544728 0.004320 2119 13
0.089322 0.870488 0.507618 0.511495 0.005260 2595 15
0.060690 0.993731 0.524241 0.528480 0.005202 2608 16
0.178772 0.908316 0.530080 0.534404 0.003630 1740 10
0.029584 0.825704 0.463000 0.466637 0.004865 2327 13
0.025801 0.888292 0.476181 0.480867 0.006416 3325 19
0.095656 0.873126 0.471797 0.474832 0.006315 3060 18
0.041740 0.946499 0.514843 0.519839 0.004383 2184 13
0.054858 0.932490 0.488962 0.492813 0.006837 3325 19
0.074628 0.824862 0.502015 0.504804 0.005505 2775 15
0.113865 0.940607 0.504848 0.508377 0.006412 3258 18
0.025788 0.854646 0.474895 0.479415 0.004200 2052 12
0.054711 0.919113 0.445001 0.449707 0.006409 3276 18
0.090645 0.846490 0.481880 0.486464 0.006056 3040 16
0.022580 0.921270 0.501192 0.505796 0.005154 2405 13
0.075960 0.884226 0.536218 0.539950 0.006066 3060 17
0.056835 0.973324 0.485150 0.490135 0.006384 3006 18
0.065203 0.838874 0.453409 0.457609 0.004416 2124 12
0.099113 0.900095 0.504201 0.508755 0.003926 1958 11
0.033663 0.891239 0.495487 0.500476 0.004472 2040 12
0.128828 0.966372 0.515981 0.519585 0.005147 2520 15
0.074315 0.950132 0.499779 0.503736 0.004531 2288 13
0.027449 0.934193 0.507673 0.511223 0.005771 2895 15
0.136046 0.965957 0.543738 0.548058 0.005670 2873 17
0.014969 0.967517 0.486967 0.490714 0.007214 3439 19
0.066417 0.945787 0.473892 0.478707 0.004503 2210 13
0.128457 0.903979 0.448421 0.452613 0.004184 2028 12
0.062392 0.898960 0.481074 0.485061 0.007663 3960 24
0.075336 0.827032 0.509296 0.513928 0.004536 2288 13
0.050276 0.817971 0.497112 0.501716 0.005853 2832 16
0.133140 0.935362 0.493114 0.497805 0.004246 2112 12
0.118398 0.923367 0.537528 0.542284 0.004547 2184 13
0.149205 0.927556 0.542347 0.545718 0.004830 2352 14
0.122337 0.900526 0.491230 0.495463 0.004527 2314 13
0.112995 0.935481 0.564137 0.568957 0.005099 2408 14
0.112469 0.950570 0.551449 0.554732 0.004468 2292 12
0.020071 0.938687 0.496995 0.501668 0.005375 2632 14
0.143503 0.955255 0.550834 0.555118 0.007543 3828 22
0.048779 0.903959 0.471805 0.475904 0.006550 3287 19
0.134101 0.903124 0.430411 0.435273 0.006277 3240 18
0.133654 0.949521 0.506911 0.510874 0.004898 2324 14
0.060660 0.912201 0.486903 0.491112 0.004464 2158 13
0.040863 0.931045 0.480735 0.484968 0.005128 2640 15
