0.018515 0.944740 0.479238 0.484052 0.123795 28098 63
0.070755 0.983688 0.497027 0.501874 0.097943 19712 44
0.030168 0.954439 0.506046 0.510625 0.083226 19152 42
0.077480 0.973198 0.546737 0.551614 0.074573 18000 40
0.073966 0.984078 0.511689 0.516514 0.112057 25404 58
0.026487 0.946921 0.507314 0.512185 0.147971 34034 77
0.055673 0.941303 0.455392 0.460280 0.088694 19756 44
0.079636 0.898862 0.483927 0.488867 0.098993 23712 52
0.005465 0.939984 0.439674 0.444510 0.072398 17280 40
0.057564 0.977206 0.481160 0.485721 0.031797 7582 17
0.071845 0.976676 0.466213 0.471091 0.106084 25140 60
0.064601 0.961914 0.503085 0.507701 0.130702 27939 67
0.113453 0.929365 0.533272 0.537822 0.095617 24090 55
0.090763 0.893832 0.502360 0.507235 0.089692 21009 47
0.022134 0.901916 0.490548 0.495490 0.122990 31464 72
0.004456 0.978051 0.500160 0.504987 0.060179 14756 34
0.151271 0.890256 0.530807 0.535698 0.062820 15984 37
0.075826 0.991705 0.502418 0.507242 0.078762 19888 44
0.034131 0.957365 0.454639 0.459616 0.077986 19651 43
0.017568 0.980768 0.460708 0.465573 0.080729 20210 47
0.028291 0.925813 0.481362 0.486346 0.059262 15516 36
0.040584 0.939142 0.481221 0.486090 0.069440 17168 37
0.110082 0.967562 0.444842 0.449496 0.088754 22568 52
0.028125 0.927217 0.519417 0.524287 0.082566 21266 49
0.040049 0.940282 0.485671 0.490518 0.132305 34365 79
0.104591 0.975228 0.528484 0.533328 0.093515 24462 54
0.027830 0.895240 0.495689 0.500524 0.058371 15130 34
0.040726 0.978763 0.511442 0.516041 0.087715 22788 54
0.049900 0.964014 0.522620 0.527258 0.077193 19620 45
0.089767 0.953947 0.507471 0.512423 0.099239 25144 56
0.020492 0.912822 0.504629 0.509521 0.079563 20688 48
0.064223 0.947236 0.538957 0.543836 0.052087 12960 30
0.004459 0.967653 0.525025 0.530020 0.091099 23154 51
0.075933 0.954120 0.484951 0.489946 0.083582 21244 47
0.043631 0.964259 0.508517 0.513224 0.064856 16872 37
0.045311 0.907369 0.494862 0.499551 0.056751 14560 35
0.047186 0.995927 0.549108 0.554072 0.079744 20680 47
0.059198 0.936304 0.479128 0.484071 0.114543 29634 66
0.009828 0.849822 0.475434 0.480313 0.084046 21312 48
0.069237 0.945872 0.520115 0.524729 0.055679 13620 30
0.061450 0.945465 0.474589 0.479405 0.105467 26230 61
0.045926 0.975868 0.508224 0.512786 0.097760 23814 54
0.067108 0.904197 0.475668 0.480604 0.070163 18102 42
0.015826 0.935524 0.470358 0.475082 0.078323 20194 46
0.043669 0.911588 0.505310 0.510105 0.077417 20237 49
0.058495 0.954228 0.482604 0.487389 0.096154 24909 57
0.086988 0.953042 0.510596 0.515225 0.108295 27560 65
0.067854 0.961389 0.499166 0.504118 0.066647 16650 37
0.082436 0.942771 0.516342 0.521300 0.116525 29480 67
0.027835 0.947951 0.453657 0.458350 0.109167 27280 62
0.020873 0.974442 0.476896 0.481773 0.093838 23912 56
0.049027 0.958096 0.459037 0.463926 0.091586 22393 49
0.024951 0.977550 0.503203 0.507953 0.070727 17680 40
0.040746 0.984828 0.501051 0.505796 0.071755 17724 42
0.023836 0.951476 0.495457 0.500453 0.123704 27572 61
0.049610 0.938265 0.472542 0.477496 0.122790 31536 73
0.059111 0.914170 0.508391 0.513249 0.074233 19264 43
0.036016 0.957054 0.514256 0.518960 0.079656 20640 48
0.054847 0.976784 0.511436 0.516429 0.067904 17784 39
0.093653 0.958627 0.533961 0.538826 0.080993 20332 46
0.078871 0.931348 0.497794 0.502509 0.082563 21009 47
0.036236 0.969548 0.473372 0.478022 0.073004 17917 41
0.019592 0.930399 0.499548 0.504329 0.097261 25134 59
0.041546 0.990188 0.497503 0.502464 0.110248 28148 62
0.019640 0.945364 0.505868 0.510415 0.109068 27720 60
0.094545 0.970433 0.505197 0.510112 0.156971 40040 91
0.044558 0.977591 0.487010 0.491939 0.117916 30100 70
0.018121 0.965221 0.493473 0.498387 0.069954 17720 40
0.047084 0.974191 0.505719 0.510395 0.080799 21100 50
0.049832 0.989373 0.517033 0.521953 0.045864 11622 26
0.100801 0.959431 0.505904 0.510796 0.076302 20102 46
0.024660 0.924183 0.483773 0.488505 0.060161 15130 34
0.085551 0.943562 0.524150 0.528714 0.079571 19935 45
0.021005 0.907165 0.488262 0.493017 0.104830 26340 60
0.034829 0.914102 0.498516 0.503406 0.083043 20928 48
0.113951 0.943176 0.495819 0.500568 0.103380 25878 57
0.010406 0.957838 0.522961 0.527956 0.093477 23520 56
0.068818 0.965129 0.475002 0.479779 0.070091 17290 38
0.035209 0.952903 0.500329 0.505301 0.086678 21879 51
0.091298 0.951568 0.502519 0.507458 0.083193 21200 50
0.161073 0.980343 0.532201 0.536798 0.045445 9746 22
0.058797 0.875474 0.476509 0.481393 0.148108 36686 83
0.083816 0.868892 0.518769 0.523652 0.088032 21550 50
0.071032 0.954992 0.503420 0.508253 0.094532 23192 52
0.017414 0.974141 0.468501 0.473246 0.106661 26722 62
0.038895 0.957925 0.483133 0.487863 0.083920 21420 51
0.051217 0.941938 0.499085 0.503865 0.060305 15470 35
0.067951 0.931650 0.503749 0.508439 0.080545 20070 45
0.093462 0.937081 0.499182 0.503798 0.077988 19395 45
0.050115 0.921159 0.487117 0.492031 0.051283 12644 29
0.062063 0.997468 0.506212 0.511185 0.124864 31257 69
0.063697 0.884690 0.492550 0.496808 0.033189 8082 18
0.020253 0.962582 0.485570 0.490389 0.074003 19178 43
0.081929 0.904359 0.525438 0.530376 0.068115 17480 40
0.080665 0.948962 0.503118 0.508008 0.112083 29315 65
0.040363 0.935093 0.509388 0.514275 0.102153 25422 57
0.026197 0.954486 0.489259 0.494174 0.078698 19316 44
0.113218 0.911181 0.503722 0.508471 0.090070 22400 50
0.067162 0.973309 0.538215 0.543171 0.109132 28224 64
0.073670 0.909283 0.507690 0.512501 0.088811 22932 52
