0.046986 0.945553 0.487957 0.492871 0.503401 59096 83
0.054306 0.974654 0.500750 0.505624 0.820615 89712 126
0.023642 0.981097 0.511130 0.516053 0.502147 60424 83
0.058309 0.972050 0.502551 0.507460 0.519079 62304 88
0.041716 0.961924 0.501085 0.506073 0.540991 63720 90
0.018487 0.981338 0.489041 0.494032 0.732822 73629 101
0.013278 0.938013 0.479673 0.484580 0.728803 72420 102
0.024615 0.941765 0.521714 0.526660 0.578923 68482 97
0.014656 0.961742 0.478127 0.483067 0.599310 67797 93
0.058368 0.950564 0.495924 0.500853 0.730664 71968 104
0.061862 0.921492 0.502095 0.506825 0.466190 52170 74
0.068392 0.983132 0.470831 0.475780 0.535788 58320 81
0.064530 0.953680 0.524062 0.528993 0.556665 61540 85
0.099823 0.956734 0.499457 0.504403 0.826344 86880 120
0.069267 0.964796 0.503616 0.508559 0.817818 83538 117
0.021802 0.963028 0.483661 0.488654 0.686434 71604 102
0.043887 0.963473 0.495310 0.500309 0.756299 76956 106
0.067371 0.921883 0.511368 0.516258 0.810345 83880 120
0.027961 0.982097 0.472840 0.477811 0.885835 89404 124
0.046938 0.924503 0.478869 0.483805 1.028212 95472 136
0.071237 0.980839 0.505829 0.510793 0.769908 73840 104
0.055259 0.984651 0.499495 0.504446 1.183037 109275 155
0.069981 0.982899 0.521012 0.525927 0.921194 80960 115
0.039038 0.982097 0.482295 0.487167 0.670133 58598 83
0.027403 0.975455 0.505684 0.510578 0.730292 64800 90
0.104044 0.954818 0.498190 0.503107 0.646531 49487 71
0.045784 0.945841 0.488977 0.493975 0.823178 63368 89
0.066587 0.968699 0.481344 0.486151 1.371308 89526 129
0.050120 0.951345 0.509211 0.513984 1.301679 79116 114
0.049563 0.975785 0.463291 0.468169 1.294603 78210 110
0.037963 0.950757 0.473366 0.478359 0.915194 55323 81
0.047186 0.947655 0.451739 0.456687 0.955940 70200 100
0.047577 0.941692 0.529810 0.534710 0.761855 39582 54
0.069293 0.968356 0.480961 0.485948 1.315678 96880 140
0.011259 0.946988 0.490998 0.495989 1.485436 99792 144
0.031985 0.939693 0.492490 0.497452 1.270633 75924 114
0.048184 0.964501 0.506714 0.511696 0.372325 26334 38
0.048871 0.953483 0.489735 0.494678 1.214222 69743 97
0.018860 0.918983 0.481357 0.486218 0.618071 39424 56
0.019295 0.930011 0.468301 0.473144 1.168404 82225 115
0.064202 0.964147 0.518372 0.523248 1.304215 83288 116
0.046974 0.970384 0.507002 0.511972 2.020901 124785 177
0.067047 0.878156 0.499302 0.504285 0.839814 51282 74
0.012102 0.967953 0.503775 0.508696 1.642054 90678 127
0.051250 0.930660 0.505733 0.510670 1.272255 79520 112
0.041950 0.971125 0.483633 0.488548 2.005584 104255 145
0.067715 0.943082 0.507682 0.512673 1.644800 97720 140
0.024565 0.933182 0.520200 0.525110 1.214185 70422 97
0.042571 0.940431 0.487342 0.492341 0.695775 43680 65
0.036158 0.964093 0.466972 0.471894 1.157923 69937 97
0.038649 0.957271 0.536525 0.541455 1.551516 96996 137
0.016556 0.951813 0.493833 0.498802 1.165757 69400 100
0.055510 0.977038 0.492725 0.497663 1.153918 93010 131
0.033472 0.954570 0.505463 0.510355 0.563934 60028 86
0.024685 0.886521 0.495811 0.500777 0.438414 40299 57
0.093776 0.959502 0.497212 0.502066 0.772961 79587 111
0.075535 0.977678 0.530726 0.535719 1.282823 71482 103
0.018073 0.964557 0.489982 0.494911 1.570768 81396 119
0.064110 0.929630 0.477561 0.482416 1.120206 66066 91
0.060800 0.931970 0.471474 0.476405 0.454118 26562 38
0.008553 0.961767 0.492775 0.497708 1.576843 91260 135
0.015228 0.957746 0.480232 0.485165 1.126131 79164 108
0.016500 0.936034 0.504454 0.509408 1.535196 88949 131
0.054290 0.969665 0.522839 0.527506 0.392175 28782 41
0.074374 0.910528 0.511998 0.516995 0.462053 25848 36
0.091893 0.921838 0.493859 0.498755 1.451745 88437 123
0.099077 0.958774 0.499530 0.504416 0.987949 66123 93
0.030068 0.959813 0.499573 0.504494 1.318916 86620 122
0.024519 0.980290 0.507878 0.512869 1.624000 100080 139
0.105839 0.957924 0.519417 0.524416 0.699827 61944 89
0.072183 0.935320 0.507304 0.512246 1.068836 99663 139
0.042067 0.968460 0.484963 0.489849 0.475464 45440 64
0.043385 0.940697 0.522747 0.527731 0.905850 89662 127
0.030010 0.960895 0.501204 0.506167 0.918388 91476 132
0.043834 0.959691 0.507047 0.512009 0.887894 81780 116
0.031369 0.933332 0.486535 0.491518 0.932066 84870 123
0.055419 0.977565 0.504580 0.509556 0.908323 85888 122
0.042984 0.969058 0.488262 0.493230 1.105515 84133 119
0.045455 0.912021 0.494012 0.498957 1.185664 74412 106
0.021753 0.955306 0.519291 0.524289 1.226590 74256 104
0.031003 0.947277 0.517100 0.522000 1.144415 83692 122
0.027143 0.980907 0.501323 0.506315 0.696210 44265 65
0.025365 0.979871 0.496856 0.501842 1.481186 98122 142
0.078418 0.973395 0.472498 0.477455 0.624516 48777 71
0.025254 0.986316 0.520236 0.525174 0.758875 67680 96
0.045561 0.921878 0.521055 0.526050 1.114499 81774 118
0.023593 0.954913 0.504896 0.509880 0.487264 29438 41
0.032396 0.941058 0.493040 0.498017 1.267374 73848 102
0.029120 0.970327 0.469586 0.474519 0.987629 78699 111
0.046250 0.950135 0.468836 0.473730 0.956545 54796 76
0.010900 0.980075 0.471964 0.476655 0.383464 26122 37
0.044819 0.990469 0.510968 0.515942 1.180816 73954 103
0.066367 0.961378 0.491203 0.496183 0.722108 50400 70
0.025312 0.965401 0.497642 0.502517 0.699964 54720 80
0.041576 0.962282 0.484341 0.489295 1.296844 82225 115
0.031656 0.980064 0.484313 0.489247 1.255430 102816 144
0.051979 0.967451 0.491809 0.496714 1.132637 79968 112
0.062142 0.957146 0.482642 0.487552 1.210623 84912 122
0.050852 0.967970 0.515670 0.520581 1.081149 81316 116
0.045616 0.941337 0.497283 0.502190 1.121219 82570 115
