0.013750 0.931775 0.524514 0.529440 0.211510 45645 85
0.004766 0.950689 0.500599 0.505209 0.086496 18051 33
0.061367 0.987636 0.498837 0.503755 0.085468 17748 34
0.062862 0.928835 0.450679 0.455614 0.145723 30552 57
0.028673 0.895758 0.473923 0.478717 0.142806 29808 54
0.015465 0.964996 0.522778 0.527752 0.198392 41420 76
0.029433 0.961327 0.549154 0.554136 0.223479 46903 89
0.067674 0.946722 0.479512 0.484291 0.180153 37329 69
0.032275 0.929531 0.475825 0.480679 0.161150 33299 67
0.060543 0.970265 0.546388 0.551258 0.124779 25676 49
0.025217 0.975868 0.499888 0.504776 0.117227 24910 47
0.068489 0.918563 0.504592 0.509529 0.072052 14761 29
0.021242 0.941540 0.500440 0.505057 0.082748 17544 34
0.045982 0.959041 0.481400 0.486320 0.170549 34650 70
0.011328 0.966464 0.507174 0.511883 0.206624 42120 81
0.061824 0.973837 0.507563 0.512377 0.169690 35640 66
0.018414 0.986211 0.474316 0.479309 0.164042 34472 62
0.082671 0.981209 0.514430 0.519262 0.143709 29862 54
0.049548 0.955221 0.518887 0.523676 0.193144 40812 76
0.030165 0.940893 0.484768 0.489655 0.145460 29412 57
0.046362 0.980911 0.498794 0.503704 0.176115 36680 70
0.090179 0.938261 0.485259 0.490144 0.105194 21853 41
0.021735 0.953867 0.492617 0.497190 0.061960 12581 23
0.115959 0.931666 0.518552 0.523527 0.165515 34410 62
0.064406 0.993116 0.495973 0.500865 0.122514 24990 49
0.055956 0.980516 0.493321 0.498230 0.243106 50730 95
0.044448 0.898687 0.484325 0.489287 0.177554 36852 74
0.040515 0.979473 0.518489 0.523483 0.262200 53872 104
0.031385 0.964691 0.515276 0.520120 0.164234 34190 65
0.085797 0.969551 0.508681 0.513511 0.126287 26104 52
0.047584 0.990314 0.498743 0.503595 0.122770 25584 48
0.072430 0.967142 0.502810 0.507742 0.110524 22470 42
0.029243 0.958657 0.512024 0.516862 0.135377 28143 53
0.040462 0.937168 0.471449 0.476242 0.161350 32768 64
0.062076 0.947281 0.523624 0.528508 0.211216 43788 82
0.052254 0.992631 0.488747 0.493744 0.154962 31919 59
0.013765 0.973506 0.479848 0.484833 0.172078 36448 68
0.134178 0.945076 0.474024 0.478754 0.166999 34190 65
0.088604 0.943264 0.506729 0.511725 0.156457 32596 58
0.037226 0.915893 0.517294 0.522268 0.136148 28350 54
0.077573 0.996297 0.531877 0.536821 0.132345 27846 51
0.042680 0.992393 0.508944 0.513906 0.203148 41876 76
0.016308 0.929394 0.494000 0.498864 0.141236 29430 54
0.054565 0.942711 0.530527 0.535233 0.183187 38088 72
0.123244 0.948214 0.532394 0.537222 0.164377 34254 66
0.056918 0.938072 0.484565 0.489546 0.080248 16704 32
0.094419 0.973909 0.465228 0.470101 0.169121 35041 67
0.115276 0.914618 0.498672 0.503572 0.155223 31860 60
0.016296 0.976606 0.496690 0.501670 0.216972 45580 86
0.054042 0.871267 0.466350 0.471154 0.241394 49036 92
0.016802 0.965480 0.476350 0.481231 0.109860 22554 42
0.106525 0.923069 0.502645 0.507284 0.069866 14196 26
0.041624 0.913898 0.500775 0.505680 0.141077 29645 55
0.055550 0.931505 0.507964 0.512833 0.157021 32037 59
0.020657 0.959612 0.504308 0.509152 0.100955 20880 40
0.099193 0.978067 0.482216 0.487167 0.089781 18020 34
0.040110 0.979217 0.491479 0.496256 0.106473 21840 42
0.050413 0.986262 0.494908 0.499628 0.242431 49320 90
0.060291 0.945423 0.507888 0.512884 0.080848 16928 32
0.049337 0.971595 0.507391 0.512347 0.210632 43512 84
0.060497 0.961990 0.519713 0.524665 0.074724 15399 29
0.047629 0.957792 0.519508 0.524305 0.149444 30552 57
0.039118 0.954605 0.503075 0.507808 0.091428 19240 37
0.007049 0.908055 0.482559 0.487553 0.171435 35630 70
0.080566 0.923775 0.502915 0.507787 0.134165 27924 52
0.010963 0.966665 0.487560 0.492345 0.183668 37417 71
0.065407 0.946128 0.541764 0.546711 0.171679 35490 70
0.092456 0.995205 0.506058 0.510876 0.225747 46956 86
0.051004 0.975389 0.485097 0.490038 0.184424 37944 72
0.038789 0.935697 0.474816 0.479686 0.274989 51579 99
0.020303 0.964727 0.467983 0.472831 0.116403 23805 45
0.093104 0.999169 0.486653 0.491496 0.188033 37240 70
0.080562 0.970314 0.547017 0.551977 0.185205 38258 74
0.095080 0.940258 0.510169 0.514724 0.120388 24886 46
0.045250 0.929652 0.484479 0.489425 0.166512 34880 64
0.090704 0.947180 0.513607 0.518594 0.156790 31806 62
0.095000 0.936649 0.474666 0.479514 0.122601 25774 49
0.070688 0.967067 0.545383 0.550380 0.169688 35112 66
0.025017 0.959473 0.517377 0.522335 0.142146 29928 58
0.051924 0.917475 0.504183 0.509040 0.198724 40182 74
0.040123 0.945267 0.482777 0.487739 0.167102 34385 65
0.059000 0.937972 0.511368 0.516318 0.263606 54126 97
0.087757 0.997873 0.493431 0.498385 0.059978 12122 22
0.053690 0.947038 0.522249 0.527054 0.253644 51992 97
0.033925 0.968402 0.512669 0.517614 0.154774 31919 59
0.021066 0.920802 0.494135 0.498808 0.203625 41800 76
0.042622 0.968266 0.505966 0.510798 0.131556 27250 50
0.042586 0.948061 0.500172 0.505115 0.266119 54194 98
0.074701 0.942758 0.472547 0.477501 0.156333 32220 60
0.004496 0.951181 0.526100 0.530975 0.118324 24240 48
0.062201 0.966230 0.506993 0.511792 0.115017 23970 47
0.020621 0.967579 0.525860 0.530770 0.222971 45236 86
0.036772 0.992911 0.515795 0.520572 0.261515 54600 100
0.012484 0.941772 0.523909 0.528771 0.163360 34432 64
0.070543 0.923021 0.480882 0.485512 0.150013 31682 62
0.116897 0.940947 0.519015 0.523932 0.228950 47502 87
0.095404 0.947295 0.523417 0.528340 0.141737 30153 57
0.034468 0.956683 0.503984 0.508794 0.156872 32513 61
0.062941 0.974131 0.503783 0.508759 0.169253 35912 67
0.091851 0.929619 0.527043 0.531975 0.213543 44034 82
