0.027064 0.929089 0.478153 0.483140 2.986073 230120 220
0.033721 0.973348 0.493455 0.498409 2.510005 165792 157
0.039744 0.963717 0.493940 0.498916 6.544319 267927 253
0.009966 0.996460 0.501040 0.506032 2.850864 114885 111
0.035859 0.965412 0.456275 0.461172 2.950850 123403 119
0.027203 0.962702 0.503018 0.508011 6.956747 273267 261
0.083808 0.972776 0.505837 0.510808 4.749588 213004 206
0.033612 0.950128 0.501533 0.506485 5.648966 265100 241
0.015562 0.956002 0.499613 0.504564 3.157986 143906 133
0.020862 0.967920 0.498472 0.503468 4.213268 306432 288
0.020159 0.975588 0.513007 0.518000 1.276691 55068 52
0.017874 0.982351 0.535790 0.540743 4.771600 199786 191
0.023111 0.980035 0.486910 0.491891 5.118673 226556 209
0.019354 0.975255 0.472615 0.477611 5.824204 241626 231
0.056608 0.997609 0.501454 0.506453 3.692287 225568 212
0.006462 0.979085 0.505363 0.510308 4.783258 196100 185
0.029894 0.952557 0.527645 0.532637 2.022786 96840 90
0.031342 0.983393 0.492578 0.497559 7.625825 303376 283
0.018778 0.952779 0.505504 0.510431 4.835538 215789 203
0.041846 0.964918 0.490157 0.495096 1.462513 89165 85
0.048819 0.979841 0.503266 0.508236 3.239050 130800 120
0.053031 0.967384 0.513375 0.518341 4.335608 280621 263
0.036705 0.959378 0.488507 0.493452 3.550877 205668 197
0.014348 0.974713 0.513629 0.518603 4.619775 273493 253
0.018718 0.967882 0.503361 0.508352 3.675460 187398 174
0.025166 0.945976 0.509401 0.514366 3.967212 238126 233
0.017715 0.940245 0.500824 0.505787 5.936393 329386 314
0.033781 0.964954 0.491649 0.496624 2.460939 137800 130
0.028810 0.960592 0.499994 0.504958 4.027159 202078 191
0.019645 0.964042 0.514655 0.519638 4.206421 254410 247
0.046150 0.973444 0.499887 0.504866 4.810859 267250 250
0.012665 0.961278 0.487582 0.492498 3.937833 195114 186
0.068746 0.942122 0.493187 0.498168 3.081011 179690 170
0.104432 0.970713 0.493063 0.498003 4.606292 247996 238
0.010455 0.966492 0.508378 0.513319 4.057306 241395 231
0.025592 0.970412 0.509741 0.514726 3.480262 208060 202
0.049621 0.978159 0.520937 0.525811 1.011758 56710 53
0.005393 0.942457 0.510854 0.515847 2.237597 133640 130
0.055686 0.955486 0.478660 0.483642 4.998053 291837 273
0.043677 0.945625 0.485423 0.490392 1.921045 114660 105
0.079298 0.988787 0.514330 0.519310 6.323718 321724 299
0.044105 0.979351 0.480495 0.485484 5.826504 335703 317
0.069140 0.970093 0.521201 0.526185 4.512688 259680 240
0.016450 0.940375 0.492478 0.497372 3.822047 224048 209
0.024812 0.955208 0.506398 0.511389 1.680074 96369 91
0.042389 0.963765 0.492537 0.497482 4.130215 214120 202
0.018063 0.965707 0.488552 0.493518 4.053760 228216 222
0.005870 0.918467 0.501736 0.506690 5.460653 291270 285
0.019545 0.988975 0.542703 0.547658 3.752124 203643 187
0.020939 0.968060 0.497113 0.502030 4.013896 221130 210
0.018837 0.953042 0.486606 0.491605 6.629721 271152 252
0.004215 0.967924 0.485192 0.490148 4.486397 251991 243
0.036469 0.955216 0.496014 0.500974 3.239867 181308 174
0.067396 0.974292 0.490906 0.495860 4.454127 190635 179
0.020152 0.973148 0.513846 0.518509 0.817546 50352 48
0.015102 0.990582 0.506206 0.511182 5.807057 229177 221
0.024509 0.992183 0.499290 0.504253 5.746196 227476 212
0.056615 0.967525 0.506134 0.511126 3.113892 124593 119
0.041738 0.984438 0.509826 0.514764 3.840918 196650 190
0.016256 0.962520 0.480924 0.485912 2.588746 122844 116
0.032332 0.964804 0.491980 0.496889 5.218893 220704 209
0.034537 0.973394 0.502172 0.507142 7.020199 294680 278
0.032060 0.937252 0.522219 0.527196 8.292321 341734 323
0.057717 0.978229 0.504574 0.509561 5.792259 232000 232
0.010917 0.964623 0.477150 0.482147 4.833105 206584 196
0.033100 0.971968 0.514538 0.519481 2.054309 95490 90
0.048589 0.962288 0.505635 0.510611 6.166790 259372 244
0.025717 0.983584 0.510779 0.515757 5.198128 229622 214
0.031267 0.964802 0.485529 0.490528 5.650064 237150 225
0.023300 0.990459 0.485933 0.490892 2.986752 110250 105
0.024289 0.919216 0.466368 0.471363 4.997961 213759 203
0.068603 0.943899 0.507515 0.512442 4.346900 190650 186
0.075800 0.950497 0.510505 0.515483 6.055380 270655 259
0.008591 0.921381 0.487194 0.492154 4.749827 209714 194
0.056615 0.975335 0.519963 0.524953 3.047215 134160 129
0.020862 0.953824 0.497034 0.501993 3.977924 159495 155
0.071301 0.962033 0.503861 0.508838 5.430877 222585 209
0.035429 0.964655 0.501745 0.506713 7.231008 284832 276
0.027434 0.954881 0.510034 0.514986 7.746607 288842 278
0.034806 0.977934 0.498445 0.503385 4.669372 185832 174
0.020767 0.977671 0.500291 0.505245 7.132347 277420 260
0.021548 0.973619 0.511419 0.516357 4.133166 175628 166
0.002852 0.992060 0.477624 0.482585 4.621859 195915 185
0.055065 0.952242 0.527154 0.532153 5.649151 280060 268
0.014680 0.995502 0.498094 0.503071 4.835780 221283 207
0.016053 0.981100 0.483981 0.488952 6.751679 299820 285
0.017809 0.946681 0.471292 0.476261 5.635991 233232 226
0.009375 0.951282 0.478936 0.483936 6.460852 262788 244
0.050916 0.942954 0.485324 0.490299 6.797867 282924 271
0.059911 0.942364 0.486072 0.491058 7.158710 293760 272
0.021670 0.985504 0.521832 0.526801 5.304815 238950 225
0.031698 0.963941 0.472549 0.477515 6.676995 267295 245
0.036046 0.973204 0.489568 0.494552 8.261116 333674 319
0.061316 0.952880 0.497209 0.502186 5.938474 247800 236
0.073185 0.982157 0.493761 0.498663 6.186957 265903 253
0.037342 0.963137 0.492486 0.497427 5.504838 231531 213
0.044850 0.949203 0.502202 0.507150 5.630777 238389 229
0.039853 0.959655 0.478974 0.483929 5.266319 222183 211
0.027962 0.992069 0.498577 0.503550 2.372388 91437 87
0.013577 0.949578 0.486480 0.491427 3.852652 159544 154
