0.147007 0.950097 0.499452 0.503621 0.002562 1443 13
0.086900 0.853841 0.507190 0.511325 0.001936 1110 10
0.069324 0.970708 0.602147 0.606331 0.002623 1836 17
0.129167 0.863013 0.500393 0.504535 0.001911 1296 12
0.072656 0.922555 0.524013 0.528800 0.001803 1199 11
0.137262 0.857036 0.517907 0.522021 0.002192 1358 14
0.105058 0.810058 0.430134 0.433115 0.001878 1120 10
0.183515 0.914895 0.503202 0.507016 0.002120 1380 12
0.134683 0.902037 0.502408 0.506665 0.001861 1176 12
0.039322 0.867607 0.473157 0.477289 0.001947 1272 12
0.064330 0.755446 0.421764 0.426363 0.001884 1144 11
0.193393 0.900183 0.524910 0.529778 0.001840 1089 11
0.051339 0.963310 0.369413 0.372908 0.001479 990 11
0.071468 0.922949 0.434528 0.439215 0.002071 1272 12
0.130622 0.866217 0.535064 0.538626 0.002132 1575 15
0.098534 0.928603 0.551236 0.554848 0.002358 1700 17
0.060625 0.856362 0.386610 0.389612 0.001376 927 9
0.178556 0.805399 0.537000 0.540429 0.001970 1365 13
0.043149 0.866018 0.517039 0.521464 0.002086 1414 14
0.209318 0.903447 0.525408 0.528047 0.001656 1111 11
0.090972 0.896744 0.451395 0.454878 0.002468 1760 16
0.244829 0.936483 0.496618 0.501108 0.003567 1386 14
0.070034 0.859339 0.487863 0.492829 0.001820 1272 12
0.123658 0.952823 0.512488 0.516853 0.001631 1155 11
0.116194 0.786297 0.480851 0.484633 0.001680 1122 11
0.044256 0.750036 0.517633 0.521358 0.001732 1176 12
0.163521 0.877423 0.477336 0.482144 0.001947 1302 14
0.117093 0.939909 0.520035 0.524899 0.002032 1442 14
0.174711 0.773409 0.503703 0.506642 0.001593 1111 11
0.138664 0.861528 0.426785 0.430734 0.001795 1272 12
0.016664 0.890206 0.479458 0.483636 0.002141 1261 13
0.042202 0.981010 0.576138 0.580145 0.001901 1034 11
0.154886 0.955125 0.506441 0.510827 0.002172 1443 13
0.101545 0.963582 0.531846 0.535502 0.001778 1236 12
0.082383 0.824816 0.447017 0.451916 0.002248 1456 14
0.162110 0.931679 0.512181 0.516174 0.002070 1400 14
0.128851 0.953658 0.511245 0.514241 0.001908 1308 12
0.128003 0.934155 0.541799 0.546782 0.001577 1100 11
0.041224 0.895484 0.474095 0.478431 0.001541 1030 10
0.047057 0.845134 0.507662 0.512368 0.001734 1100 11
0.129905 0.917528 0.517859 0.521546 0.001916 1339 13
0.014401 0.905774 0.440795 0.444134 0.003168 1995 21
0.110504 0.829201 0.464005 0.467371 0.001836 1339 13
0.041852 0.914300 0.456089 0.460928 0.001853 1122 11
0.041847 0.955582 0.395168 0.398802 0.001786 1212 12
0.182661 0.835350 0.484980 0.489817 0.001802 1177 11
0.129150 0.861311 0.404054 0.408873 0.002923 2090 22
0.088826 0.960321 0.457519 0.461859 0.001569 1056 11
0.089142 0.893248 0.535487 0.540208 0.002188 1552 16
0.082898 0.688679 0.459747 0.464335 0.001640 1150 10
0.134244 0.896877 0.526493 0.530090 0.001849 1212 12
0.111968 0.911591 0.504648 0.509280 0.001826 1188 11
0.058349 0.797935 0.500014 0.503765 0.001714 1111 11
0.111269 0.825017 0.505297 0.508134 0.001958 1339 13
0.079879 0.864267 0.488540 0.491267 0.001631 1166 11
0.190917 0.863800 0.561515 0.565060 0.002536 1862 19
0.195094 0.870971 0.482061 0.485006 0.001549 1060 10
0.147516 0.794696 0.438746 0.440867 0.001461 980 10
0.011972 0.847910 0.415672 0.419869 0.001788 1272 12
0.014940 0.852777 0.502798 0.507188 0.001644 1133 11
0.045661 0.962752 0.433666 0.437548 0.002084 1456 14
0.105993 0.848616 0.468786 0.472427 0.002223 1155 11
0.171956 0.826925 0.576030 0.580458 0.001928 1378 13
0.100687 0.720683 0.416648 0.421601 0.001460 990 10
0.090406 0.861441 0.454173 0.458274 0.001555 1111 11
0.114707 0.901954 0.470269 0.474657 0.001843 1331 11
0.056779 0.788554 0.504370 0.508762 0.001709 1080 10
0.065608 0.728700 0.443163 0.447431 0.001821 1276 11
0.039737 0.925164 0.495335 0.499233 0.001918 1404 12
0.194316 0.867798 0.446931 0.449924 0.001993 1414 14
0.053259 0.863301 0.494952 0.499715 0.001905 1313 13
0.083223 0.863234 0.502633 0.507129 0.002134 1326 13
0.175726 0.933403 0.607682 0.612054 0.002271 1620 15
0.208393 0.810673 0.467130 0.471255 0.001535 1062 9
0.158628 0.854044 0.528323 0.531693 0.001724 1166 11
0.224699 0.971113 0.537958 0.542942 0.001679 1140 10
0.039106 0.832886 0.563276 0.567851 0.001555 1089 11
0.086237 0.905062 0.519982 0.524812 0.001575 1080 10
0.202892 0.848681 0.435413 0.439228 0.001649 1111 11
0.082446 0.862533 0.502144 0.505684 0.001627 1067 11
0.051397 0.811390 0.432563 0.435987 0.002040 1313 13
0.042006 0.924108 0.552576 0.556146 0.002053 1378 13
0.033136 0.909620 0.544563 0.548824 0.002194 1600 16
0.139459 0.949071 0.524639 0.528308 0.001869 1352 13
0.120149 0.949953 0.482085 0.486406 0.002103 1442 14
0.047411 0.891720 0.485057 0.489306 0.002366 1472 16
0.151477 0.898620 0.563828 0.567207 0.001662 1133 11
0.119950 0.934178 0.489544 0.493280 0.001495 1040 10
0.046318 0.861125 0.491572 0.495444 0.001374 960 10
0.180886 0.914303 0.561692 0.564445 0.001811 1276 11
0.042924 0.860648 0.464403 0.468792 0.001603 1100 10
0.212397 0.869363 0.494992 0.497396 0.002234 1358 14
0.147503 0.923194 0.510043 0.514916 0.002051 1455 15
0.021071 0.857135 0.446478 0.449337 0.002208 1560 15
0.178044 0.925226 0.528130 0.532824 0.006032 3996 36
0.117082 0.934123 0.443087 0.446015 0.001745 1183 13
0.172198 0.951200 0.517903 0.520628 0.001879 1300 13
0.032063 0.904675 0.519090 0.523722 0.001894 1339 13
0.093653 0.946272 0.541097 0.545757 0.001731 1176 12
0.103108 0.954864 0.499634 0.502421 0.002254 1484 14
