0.082460 0.921318 0.587899 0.590713 0.003882 1680 12
0.205514 0.945840 0.529829 0.533673 0.003742 1872 13
0.069145 0.867096 0.492684 0.496253 0.003270 1781 13
0.044981 0.938016 0.517538 0.521747 0.002806 1668 12
0.111696 0.951818 0.500174 0.503414 0.003289 2030 14
0.025718 0.939478 0.462245 0.465913 0.003032 1664 13
0.161220 0.993655 0.532252 0.536496 0.003189 1794 13
0.079243 0.851962 0.484182 0.488665 0.002747 1638 13
0.157128 0.960781 0.559230 0.563035 0.002800 1620 12
0.040247 0.921808 0.454803 0.457694 0.003669 2192 16
0.099405 0.940638 0.470591 0.475179 0.003541 2030 14
0.070634 0.919244 0.495931 0.500123 0.004380 2466 18
0.132576 0.890078 0.516566 0.520047 0.003711 2288 16
0.097558 0.958392 0.378377 0.383344 0.004051 2145 15
0.020808 0.871325 0.544961 0.548154 0.003865 2278 17
0.146925 0.884911 0.489049 0.491862 0.002970 1806 14
0.229048 0.850560 0.493569 0.497511 0.003024 1740 12
0.045500 0.932497 0.523559 0.525802 0.003308 1911 13
0.053204 0.982675 0.552242 0.556021 0.002804 1608 12
0.165438 0.958326 0.501150 0.505831 0.004787 2620 20
0.151753 0.918765 0.523166 0.526977 0.003237 1918 14
0.143709 0.914180 0.505950 0.509479 0.003184 1752 12
0.127052 0.919522 0.477960 0.480495 0.003487 1918 14
0.048535 0.905838 0.454418 0.457356 0.003105 1904 14
0.081188 0.956977 0.482104 0.486526 0.003568 2115 15
0.115354 0.950472 0.538142 0.541642 0.003745 2041 13
0.190316 0.831825 0.564543 0.569112 0.003065 1794 13
0.023024 0.931637 0.490270 0.494766 0.002718 1596 12
0.113141 0.951671 0.473291 0.477185 0.004705 2601 17
0.043285 0.746302 0.516290 0.520565 0.003387 2040 15
0.051762 0.971399 0.484606 0.489509 0.002612 1540 11
0.225031 0.896231 0.535374 0.539574 0.003110 1584 11
0.045199 0.887532 0.473881 0.478356 0.003284 1980 15
0.076956 0.963390 0.511009 0.513204 0.003026 1824 12
0.137452 0.926161 0.511391 0.515063 0.003159 1859 13
0.123234 0.956914 0.502335 0.505759 0.003460 1620 12
0.083841 0.925319 0.516192 0.520588 0.003334 1995 15
0.096088 0.854048 0.473796 0.477614 0.002740 1628 11
0.076921 0.924948 0.485291 0.488386 0.002880 1540 10
0.052917 0.932441 0.479268 0.483513 0.003906 2322 18
0.063094 0.814156 0.487007 0.491825 0.003179 1918 14
0.095060 0.906830 0.508571 0.512406 0.003279 1833 13
0.089051 0.835971 0.450223 0.454120 0.004632 2489 19
0.050812 0.904238 0.422787 0.427135 0.003452 2160 15
0.059674 0.740164 0.477234 0.482097 0.003260 1800 15
0.099955 0.948607 0.445308 0.450154 0.004078 2466 18
0.108069 0.841112 0.474950 0.479106 0.003390 2010 15
0.014050 0.904214 0.487922 0.492449 0.003971 2397 17
0.127546 0.934326 0.499249 0.501863 0.002896 1650 11
0.042849 0.891039 0.518260 0.522447 0.003264 2002 14
0.201587 0.840408 0.485794 0.490472 0.002657 1507 11
0.116376 0.883780 0.538028 0.542247 0.004117 2286 18
0.148844 0.949174 0.425531 0.429888 0.003024 1742 13
0.105289 0.775457 0.455822 0.458699 0.003308 1988 14
0.032353 0.979215 0.482942 0.486928 0.003251 1950 13
0.161766 0.921848 0.526469 0.531043 0.003088 1800 12
0.095294 0.905995 0.516845 0.521352 0.002772 1680 12
0.063547 0.892630 0.465081 0.469657 0.003414 1632 12
0.114588 0.898210 0.493413 0.496793 0.003011 1792 14
0.008168 0.898362 0.423374 0.426697 0.003240 1846 13
0.162032 0.862444 0.509990 0.513026 0.003614 2044 14
0.027171 0.871466 0.468568 0.472485 0.003645 2044 14
0.111044 0.877998 0.502777 0.506780 0.003150 1859 13
0.104048 0.908090 0.536160 0.539960 0.002617 1490 10
0.132752 0.912939 0.526076 0.530323 0.003303 2058 14
0.099241 0.864625 0.516107 0.520322 0.003495 2016 14
0.061676 0.811810 0.490626 0.494145 0.003030 1812 12
0.173091 0.869980 0.505995 0.509209 0.002869 1651 13
0.232938 0.914961 0.545329 0.548983 0.003681 2190 15
0.096985 0.762197 0.447548 0.451305 0.002342 1359 9
0.199328 0.939804 0.555555 0.559579 0.002981 1776 12
0.190746 0.853283 0.520249 0.523172 0.003031 1628 11
0.100626 0.822228 0.499388 0.502761 0.003198 1620 12
0.182838 0.959086 0.505149 0.509498 0.002764 1692 12
0.102671 0.970193 0.533015 0.536378 0.002958 1776 12
0.058928 0.869604 0.548948 0.553594 0.003370 1807 13
0.158001 0.937218 0.499564 0.503297 0.004032 2414 17
0.122274 0.883836 0.457703 0.462420 0.002814 1562 11
0.171408 0.924229 0.539952 0.542726 0.003143 1788 12
0.143561 0.873103 0.495586 0.498557 0.003350 2055 15
0.126189 0.862211 0.493952 0.497672 0.002978 1794 13
0.142793 0.892365 0.483293 0.486568 0.002874 1625 13
0.073168 0.830816 0.449516 0.452366 0.003735 1976 13
0.045807 0.905855 0.527970 0.530380 0.003168 1924 13
0.016506 0.947180 0.526918 0.531300 0.002899 1776 12
0.052350 0.955033 0.488564 0.493544 0.003537 1980 15
0.154747 0.923407 0.537223 0.541709 0.002458 1474 11
0.145416 0.923650 0.532983 0.537942 0.002647 1507 11
0.081636 0.919893 0.458410 0.462677 0.002497 1485 11
0.193033 0.925558 0.497860 0.500498 0.002743 1529 11
0.087236 0.953303 0.527201 0.529200 0.002896 1738 11
0.130177 0.917213 0.511193 0.514193 0.002575 1380 10
0.167369 0.865264 0.502566 0.507203 0.002897 1672 11
0.088222 0.863549 0.451934 0.454829 0.003373 1950 15
0.160426 0.956209 0.564776 0.569759 0.003010 1776 12
0.133002 0.880799 0.536909 0.541024 0.002842 1704 12
0.095276 0.817843 0.443726 0.447589 0.004320 2538 18
0.017127 0.799178 0.486144 0.490508 0.002994 1680 12
0.037104 0.979945 0.529551 0.533525 0.003127 1890 14
0.150554 0.985639 0.545949 0.550111 0.003252 1974 14
