0.011948 0.977206 0.498751 0.499717 69.905605 15390 46
0.007829 0.980306 0.538512 0.539394 63.842219 13377 40
0.018208 0.959775 0.547766 0.548708 136.236443 29274 83
0.014393 0.996622 0.502617 0.503492 105.997057 23168 65
0.002903 0.999613 0.534963 0.535932 116.243166 26207 74
0.038665 0.997441 0.580733 0.581713 80.831110 18277 50
0.024324 0.998133 0.491711 0.492620 50.950500 12005 36
0.002337 0.985442 0.494222 0.495145 92.208863 20577 58
0.000003 0.981969 0.482119 0.483109 45.054964 10757 32
0.013186 0.984565 0.478450 0.479443 52.896483 12177 34
0.007535 0.988826 0.490691 0.491612 98.822308 21889 60
0.013113 0.994981 0.504522 0.505461 84.436470 19635 56
0.008617 0.956395 0.524993 0.525960 81.497448 18815 54
0.015175 0.991671 0.560630 0.561609 55.635767 12888 37
0.004307 0.978754 0.488541 0.489496 84.590282 19032 53
0.012649 0.998950 0.519797 0.520792 92.878406 21080 63
0.025102 0.998877 0.489216 0.490140 78.051351 17280 49
0.002050 0.989528 0.451741 0.452709 83.566035 17992 53
0.004262 0.991595 0.537459 0.538398 80.756819 17544 52
0.030254 0.993933 0.532027 0.532979 82.807854 18974 54
0.000270 0.999559 0.477890 0.478737 89.098523 19980 55
0.006764 0.996779 0.505366 0.506341 125.536855 26873 78
0.001086 0.978094 0.488643 0.489620 71.270297 16168 48
0.001965 0.997945 0.526482 0.527434 110.102734 24589 68
0.014143 0.996981 0.468597 0.469526 87.766397 18810 56
0.020333 0.985173 0.448087 0.449055 76.129569 16054 47
0.000190 0.994844 0.462812 0.463787 107.661172 21112 59
0.001698 0.997602 0.504018 0.504969 99.531678 21518 59
0.012115 0.998454 0.476600 0.477581 111.472542 23958 67
0.014800 0.996268 0.461623 0.462570 56.545086 13209 38
0.009094 0.984636 0.511803 0.512768 48.339486 11418 34
0.005712 0.997084 0.518468 0.519428 134.465507 29565 82
0.002258 0.981480 0.504372 0.505277 90.085313 20979 64
0.002322 0.992726 0.529092 0.530080 99.320095 22984 69
0.008625 0.996738 0.520210 0.521200 90.367083 20590 59
0.025691 0.995972 0.508788 0.509772 115.269167 25350 76
0.001627 0.988551 0.428269 0.429230 57.116832 12744 37
0.003797 0.990090 0.496370 0.497362 78.727092 17150 50
0.001523 0.979389 0.470217 0.471172 73.031885 16074 48
0.001020 0.986591 0.417646 0.418573 102.419401 22196 63
0.005902 0.996693 0.504348 0.505290 70.489919 15414 43
0.008443 0.999121 0.467528 0.468467 87.753280 18928 53
0.007972 0.995022 0.506940 0.507875 81.076758 17493 50
0.024065 0.998880 0.475282 0.476239 48.675759 10800 31
0.005589 0.989741 0.516435 0.517389 98.820210 21905 66
0.022562 0.998532 0.573173 0.573910 62.323532 14028 43
0.016974 0.984712 0.555536 0.556515 99.654953 21533 62
0.029676 0.997731 0.486449 0.487438 117.917228 25631 72
0.001996 0.994987 0.565750 0.566738 122.356440 27104 78
0.028327 0.992482 0.555532 0.556408 67.177230 15356 45
0.032440 0.981676 0.481297 0.482209 100.195477 22258 63
0.006633 0.999685 0.505121 0.505937 44.931347 10688 33
0.009235 0.988536 0.487713 0.488701 100.791844 22302 60
0.020563 0.999560 0.532925 0.533812 66.532901 15796 45
0.017571 0.998362 0.534107 0.535087 78.279644 18414 55
0.004180 0.998965 0.536324 0.537256 81.424212 18500 51
0.002580 0.968747 0.479559 0.480474 93.952665 21762 63
0.000782 0.986697 0.447688 0.448607 98.476932 20119 60
0.008307 0.997423 0.472953 0.473916 111.466979 21777 62
0.008598 0.989951 0.415174 0.416068 67.066719 13394 38
0.001788 0.996691 0.496908 0.497904 118.806059 24072 69
0.013088 0.995769 0.492603 0.493511 69.182589 16100 47
0.030128 0.990403 0.488285 0.489270 63.658174 14964 44
0.006757 0.995986 0.442839 0.443775 60.408267 13845 40
0.010717 0.980334 0.538009 0.538966 82.943625 18772 53
0.020018 0.994485 0.549918 0.550878 86.377987 19893 58
0.011477 0.996883 0.508529 0.509529 85.510302 19894 59
0.003265 0.987725 0.487687 0.488678 65.443829 14924 42
0.005369 0.997585 0.558041 0.558987 73.562085 17150 51
0.013359 0.997394 0.542792 0.543728 94.619751 21533 62
0.001385 0.982455 0.490514 0.491468 63.910376 14878 44
0.001858 0.989628 0.446025 0.446907 64.931484 15312 45
0.007995 0.993813 0.477079 0.478065 100.090727 22685 66
0.014276 0.995861 0.525916 0.526913 81.549816 18350 51
0.028110 0.984922 0.458113 0.459111 99.688919 22984 69
0.008840 0.997817 0.548724 0.549722 92.674542 21240 61
0.022875 0.999282 0.494491 0.495464 90.836999 20520 58
0.006222 0.976851 0.569333 0.570305 93.218071 21122 60
0.003500 0.986890 0.474157 0.475124 114.689902 25480 71
0.007991 0.997936 0.473269 0.474251 77.744320 17900 51
0.004494 0.998115 0.466134 0.467124 65.043115 14473 42
0.026605 0.992494 0.524628 0.525624 90.273468 19224 55
0.002839 0.987029 0.500478 0.501381 73.765882 17014 48
0.007810 0.951378 0.456639 0.457630 134.299824 30461 84
0.009536 0.982581 0.479307 0.480240 100.971837 22361 60
0.015451 0.978233 0.495068 0.496001 115.924824 27027 78
0.009680 0.998331 0.456700 0.457611 84.510231 20126 59
0.003567 0.991730 0.530557 0.531431 76.255698 17450 51
0.018856 0.974311 0.539694 0.540679 154.344261 27150 76
0.003349 0.993814 0.526573 0.527526 127.203030 23460 69
0.000329 0.984255 0.450495 0.451418 146.157866 23664 69
0.008734 0.998754 0.478252 0.479180 75.201594 15752 45
0.002691 0.951432 0.432755 0.433682 70.211092 14921 44
0.002840 0.996607 0.505352 0.506265 94.624473 19952 59
0.040595 0.999240 0.487193 0.488170 92.670582 19264 57
0.016959 0.992280 0.494746 0.495683 110.584225 23322 70
0.001924 0.992152 0.577851 0.578774 111.548628 22869 64
0.013970 0.993869 0.566269 0.567263 83.117184 17391 52
0.006748 0.995503 0.425050 0.426018 56.533349 11616 34
0.006117 0.981011 0.492063 0.492993 99.856972 20296 60
