Grafo 1

radio: 1.0
nodos:
[(0, 0.73), (1, 0.875), (2, 0.101), (3, 0.722), (4, 0.266), (5, 0.391), (6, 0.424), (7, 0.199)]
[(8, 0.738), (9, 0.949), (10, 0.958), (11, 0.093), (12, 0.263), (13, 0.452), (14, 0.883), (15, 0.44)]
[(16, 0.255), (17, 0.728), (18, 0.814), (19, 0.888), (20, 0.95), (21, 0.873), (22, 0.44), (23, 0.314)]
[(24, 0.642), (25, 0.58), (26, 0.581), (27, 0.129), (28, 0.113), (29, 0.651), (30, 0.581), (31, 0.137)]
[(32, 0.466), (33, 0.478), (34, 0.727), (35, 0.416), (36, 0.774), (37, 0.005), (38, 0.366), (39, 0.432)]
[(40, 0.064), (41, 0.777), (42, 0.851), (43, 0.135), (44, 0.226), (45, 0.91), (46, 0.545), (47, 0.095)]
[(48, 0.27), (49, 0.432), (50, 0.968), (51, 0.679), (52, 0.179), (53, 0.307), (54, 0.827), (55, 0.015)]
[(56, 0.086), (57, 0.82), (58, 0.501), (59, 0.335), (60, 0.491), (61, 0.524), (62, 0.732), (63, 0.005)]
[(64, 0.416), (65, 0.148), (66, 0.474), (67, 0.537), (68, 0.828), (69, 0.787), (70, 0.324), (71, 0.496)]
[(72, 0.477), (73, 0.855), (74, 0.25), (75, 0.569), (76, 0.912), (77, 0.94), (78, 0.544), (79, 0.902)]
[(80, 0.304), (81, 0.658), (82, 0.003), (83, 0.499), (84, 0.007), (85, 0.866), (86, 0.862), (87, 0.065)]
[(88, 0.854), (89, 0.007), (90, 0.9), (91, 0.854), (92, 0.646), (93, 0.543), (94, 0.356), (95, 0.371)]
[(96, 0.945), (97, 0.609), (98, 0.196), (99, 0.484)]

step: 0, comm: 0

strategia:
-------------------------------------------------------------------------------------

nodos:
[(0, 0.73), (1, 0.875), (2, 0.101), (3, 0.722), (4, 0.266), (5, 0.391), (6, 0.424), (7, 0.199)]
[(8, 0.738), (9, 0.949), (10, 0.958), (11, 0.093), (12, 0.263), (13, 0.452), (14, 0.883), (15, 0.44)]
[(16, 0.255), (17, 0.728), (18, 0.814), (19, 0.888), (20, 0.95), (21, 0.873), (22, 0.44), (23, 0.314)]
[(24, 0.728), (25, 0.58), (26, 0.581), (27, 0.129), (28, 0.113), (29, 0.651), (30, 0.581), (31, 0.137)]
[(32, 0.466), (33, 0.478), (34, 0.727), (35, 0.416), (36, 0.774), (37, 0.005), (38, 0.366), (39, 0.432)]
[(40, 0.064), (41, 0.777), (42, 0.851), (43, 0.135), (44, 0.226), (45, 0.91), (46, 0.545), (47, 0.095)]
[(48, 0.27), (49, 0.432), (50, 0.968), (51, 0.679), (52, 0.179), (53, 0.307), (54, 0.827), (55, 0.015)]
[(56, 0.086), (57, 0.82), (58, 0.501), (59, 0.335), (60, 0.491), (61, 0.524), (62, 0.732), (63, 0.005)]
[(64, 0.416), (65, 0.148), (66, 0.474), (67, 0.537), (68, 0.828), (69, 0.787), (70, 0.324), (71, 0.496)]
[(72, 0.477), (73, 0.855), (74, 0.25), (75, 0.569), (76, 0.912), (77, 0.94), (78, 0.544), (79, 0.902)]
[(80, 0.304), (81, 0.658), (82, 0.003), (83, 0.499), (84, 0.007), (85, 0.866), (86, 0.862), (87, 0.065)]
[(88, 0.854), (89, 0.007), (90, 0.9), (91, 0.854), (92, 0.646), (93, 0.543), (94, 0.356), (95, 0.371)]
[(96, 0.945), (97, 0.609), (98, 0.196), (99, 0.484)]

step: 1, comm: 1

strategia:
[(17, 24)]
-------------------------------------------------------------------------------------

nodos:
[(0, 0.73), (1, 0.875), (2, 0.101), (3, 0.722), (4, 0.266), (5, 0.391), (6, 0.424), (7, 0.199)]
[(8, 0.738), (9, 0.949), (10, 0.958), (11, 0.093), (12, 0.263), (13, 0.452), (14, 0.883), (15, 0.44)]
[(16, 0.255), (17, 0.728), (18, 0.814), (19, 0.888), (20, 0.95), (21, 0.873), (22, 0.44), (23, 0.314)]
[(24, 0.728), (25, 0.58), (26, 0.581), (27, 0.129), (28, 0.113), (29, 0.651), (30, 0.581), (31, 0.137)]
[(32, 0.466), (33, 0.478), (34, 0.727), (35, 0.416), (36, 0.774), (37, 0.005), (38, 0.366), (39, 0.432)]
[(40, 0.064), (41, 0.777), (42, 0.851), (43, 0.135), (44, 0.226), (45, 0.91), (46, 0.545), (47, 0.095)]
[(48, 0.27), (49, 0.432), (50, 0.968), (51, 0.679), (52, 0.179), (53, 0.307), (54, 0.827), (55, 0.015)]
[(56, 0.086), (57, 0.82), (58, 0.501), (59, 0.335), (60, 0.491), (61, 0.524), (62, 0.732), (63, 0.005)]
[(64, 0.416), (65, 0.148), (66, 0.474), (67, 0.537), (68, 0.828), (69, 0.787), (70, 0.324), (71, 0.496)]
[(72, 0.477), (73, 0.855), (74, 0.25), (75, 0.569), (76, 0.912), (77, 0.94), (78, 0.544), (79, 0.902)]
[(80, 0.304), (81, 0.658), (82, 0.003), (83, 0.499), (84, 0.007), (85, 0.866), (86, 0.862), (87, 0.065)]
[(88, 0.854), (89, 0.007), (90, 0.9), (91, 0.854), (92, 0.646), (93, 0.543), (94, 0.356), (95, 0.371)]
[(96, 0.945), (97, 0.609), (98, 0.196), (99, 0.484)]

step: 2, comm: 1

strategia:
-------------------------------------------------------------------------------------

nodos:
[(0, 0.73), (1, 0.875), (2, 0.101), (3, 0.722), (4, 0.266), (5, 0.391), (6, 0.424), (7, 0.199)]
[(8, 0.738), (9, 0.949), (10, 0.958), (11, 0.093), (12, 0.263), (13, 0.452), (14, 0.883), (15, 0.44)]
[(16, 0.255), (17, 0.728), (18, 0.814), (19, 0.888), (20, 0.95), (21, 0.873), (22, 0.44), (23, 0.314)]
[(24, 0.728), (25, 0.58), (26, 0.581), (27, 0.129), (28, 0.113), (29, 0.651), (30, 0.581), (31, 0.137)]
[(32, 0.466), (33, 0.478), (34, 0.727), (35, 0.416), (36, 0.774), (37, 0.005), (38, 0.366), (39, 0.432)]
[(40, 0.064), (41, 0.777), (42, 0.851), (43, 0.135), (44, 0.226), (45, 0.91), (46, 0.545), (47, 0.095)]
[(48, 0.27), (49, 0.432), (50, 0.968), (51, 0.679), (52, 0.179), (53, 0.307), (54, 0.827), (55, 0.015)]
[(56, 0.086), (57, 0.82), (58, 0.501), (59, 0.335), (60, 0.491), (61, 0.524), (62, 0.732), (63, 0.005)]
[(64, 0.416), (65, 0.148), (66, 0.474), (67, 0.537), (68, 0.828), (69, 0.787), (70, 0.324), (71, 0.496)]
[(72, 0.477), (73, 0.855), (74, 0.25), (75, 0.569), (76, 0.912), (77, 0.94), (78, 0.544), (79, 0.902)]
[(80, 0.304), (81, 0.658), (82, 0.003), (83, 0.499), (84, 0.007), (85, 0.866), (86, 0.862), (87, 0.065)]
[(88, 0.854), (89, 0.007), (90, 0.9), (91, 0.854), (92, 0.646), (93, 0.543), (94, 0.356), (95, 0.371)]
[(96, 0.945), (97, 0.609), (98, 0.196), (99, 0.484)]

step: 3, comm: 1

strategia:
-------------------------------------------------------------------------------------

nodos:
[(0, 0.73), (1, 0.875), (2, 0.101), (3, 0.722), (4, 0.266), (5, 0.391), (6, 0.424), (7, 0.199)]
[(8, 0.738), (9, 0.949), (10, 0.958), (11, 0.093), (12, 0.263), (13, 0.452), (14, 0.883), (15, 0.44)]
[(16, 0.255), (17, 0.728), (18, 0.814), (19, 0.888), (20, 0.95), (21, 0.873), (22, 0.44), (23, 0.314)]
[(24, 0.728), (25, 0.58), (26, 0.581), (27, 0.129), (28, 0.113), (29, 0.651), (30, 0.581), (31, 0.137)]
[(32, 0.466), (33, 0.478), (34, 0.727), (35, 0.416), (36, 0.774), (37, 0.005), (38, 0.366), (39, 0.432)]
[(40, 0.064), (41, 0.777), (42, 0.851), (43, 0.135), (44, 0.226), (45, 0.91), (46, 0.545), (47, 0.095)]
[(48, 0.27), (49, 0.432), (50, 0.968), (51, 0.679), (52, 0.179), (53, 0.307), (54, 0.827), (55, 0.015)]
[(56, 0.086), (57, 0.82), (58, 0.501), (59, 0.335), (60, 0.491), (61, 0.524), (62, 0.732), (63, 0.005)]
[(64, 0.416), (65, 0.148), (66, 0.474), (67, 0.537), (68, 0.828), (69, 0.787), (70, 0.324), (71, 0.496)]
[(72, 0.477), (73, 0.855), (74, 0.25), (75, 0.569), (76, 0.912), (77, 0.94), (78, 0.544), (79, 0.902)]
[(80, 0.304), (81, 0.658), (82, 0.003), (83, 0.499), (84, 0.007), (85, 0.866), (86, 0.862), (87, 0.065)]
[(88, 0.854), (89, 0.007), (90, 0.9), (91, 0.854), (92, 0.646), (93, 0.543), (94, 0.356), (95, 0.371)]
[(96, 0.945), (97, 0.609), (98, 0.196), (99, 0.484)]

step: 4, comm: 1

strategia:
-------------------------------------------------------------------------------------

nodos:
[(0, 0.73), (1, 0.875), (2, 0.101), (3, 0.722), (4, 0.266), (5, 0.391), (6, 0.424), (7, 0.199)]
[(8, 0.738), (9, 0.949), (10, 0.958), (11, 0.093), (12, 0.263), (13, 0.452), (14, 0.883), (15, 0.44)]
[(16, 0.255), (17, 0.728), (18, 0.814), (19, 0.888), (20, 0.95), (21, 0.873), (22, 0.44), (23, 0.314)]
[(24, 0.728), (25, 0.58), (26, 0.581), (27, 0.129), (28, 0.113), (29, 0.651), (30, 0.581), (31, 0.137)]
[(32, 0.466), (33, 0.478), (34, 0.727), (35, 0.416), (36, 0.774), (37, 0.005), (38, 0.366), (39, 0.432)]
[(40, 0.064), (41, 0.777), (42, 0.851), (43, 0.135), (44, 0.226), (45, 0.91), (46, 0.545), (47, 0.095)]
[(48, 0.27), (49, 0.432), (50, 0.968), (51, 0.679), (52, 0.179), (53, 0.307), (54, 0.827), (55, 0.015)]
[(56, 0.086), (57, 0.82), (58, 0.501), (59, 0.335), (60, 0.491), (61, 0.524), (62, 0.732), (63, 0.005)]
[(64, 0.416), (65, 0.148), (66, 0.474), (67, 0.537), (68, 0.828), (69, 0.787), (70, 0.324), (71, 0.496)]
[(72, 0.477), (73, 0.855), (74, 0.25), (75, 0.569), (76, 0.912), (77, 0.94), (78, 0.544), (79, 0.902)]
[(80, 0.304), (81, 0.658), (82, 0.003), (83, 0.499), (84, 0.007), (85, 0.866), (86, 0.862), (87, 0.065)]
[(88, 0.854), (89, 0.007), (90, 0.9), (91, 0.854), (92, 0.646), (93, 0.543), (94, 0.356), (95, 0.371)]
[(96, 0.945), (97, 0.609), (98, 0.196), (99, 0.484)]

step: 5, comm: 1

strategia:
-------------------------------------------------------------------------------------

nodos:
[(0, 0.73), (1, 0.875), (2, 0.101), (3, 0.722), (4, 0.266), (5, 0.391), (6, 0.424), (7, 0.199)]
[(8, 0.738), (9, 0.949), (10, 0.958), (11, 0.093), (12, 0.263), (13, 0.452), (14, 0.883), (15, 0.44)]
[(16, 0.255), (17, 0.728), (18, 0.814), (19, 0.888), (20, 0.95), (21, 0.873), (22, 0.44), (23, 0.314)]
[(24, 0.728), (25, 0.58), (26, 0.581), (27, 0.129), (28, 0.113), (29, 0.651), (30, 0.581), (31, 0.137)]
[(32, 0.466), (33, 0.478), (34, 0.727), (35, 0.416), (36, 0.774), (37, 0.005), (38, 0.366), (39, 0.432)]
[(40, 0.064), (41, 0.777), (42, 0.851), (43, 0.135), (44, 0.226), (45, 0.91), (46, 0.545), (47, 0.095)]
[(48, 0.27), (49, 0.432), (50, 0.968), (51, 0.679), (52, 0.179), (53, 0.307), (54, 0.827), (55, 0.015)]
[(56, 0.086), (57, 0.82), (58, 0.501), (59, 0.335), (60, 0.491), (61, 0.524), (62, 0.732), (63, 0.005)]
[(64, 0.416), (65, 0.148), (66, 0.474), (67, 0.537), (68, 0.828), (69, 0.787), (70, 0.324), (71, 0.496)]
[(72, 0.477), (73, 0.855), (74, 0.25), (75, 0.569), (76, 0.912), (77, 0.94), (78, 0.544), (79, 0.902)]
[(80, 0.304), (81, 0.658), (82, 0.003), (83, 0.499), (84, 0.007), (85, 0.866), (86, 0.862), (87, 0.065)]
[(88, 0.854), (89, 0.007), (90, 0.9), (91, 0.854), (92, 0.646), (93, 0.543), (94, 0.356), (95, 0.371)]
[(96, 0.945), (97, 0.609), (98, 0.196), (99, 0.484)]

step: 6, comm: 1

strategia:
-------------------------------------------------------------------------------------

nodos:
[(0, 0.73), (1, 0.875), (2, 0.101), (3, 0.722), (4, 0.266), (5, 0.391), (6, 0.424), (7, 0.199)]
[(8, 0.738), (9, 0.949), (10, 0.958), (11, 0.73), (12, 0.263), (13, 0.73), (14, 0.883), (15, 0.44)]
[(16, 0.73), (17, 0.728), (18, 0.814), (19, 0.888), (20, 0.73), (21, 0.73), (22, 0.44), (23, 0.314)]
[(24, 0.728), (25, 0.728), (26, 0.728), (27, 0.129), (28, 0.113), (29, 0.728), (30, 0.581), (31, 0.728)]
[(32, 0.728), (33, 0.478), (34, 0.727), (35, 0.416), (36, 0.774), (37, 0.727), (38, 0.727), (39, 0.727)]
[(40, 0.064), (41, 0.727), (42, 0.851), (43, 0.727), (44, 0.226), (45, 0.91), (46, 0.545), (47, 0.095)]
[(48, 0.27), (49, 0.432), (50, 0.968), (51, 0.679), (52, 0.179), (53, 0.307), (54, 0.827), (55, 0.015)]
[(56, 0.086), (57, 0.82), (58, 0.501), (59, 0.335), (60, 0.491), (61, 0.524), (62, 0.732), (63, 0.005)]
[(64, 0.416), (65, 0.148), (66, 0.474), (67, 0.537), (68, 0.828), (69, 0.787), (70, 0.324), (71, 0.496)]
[(72, 0.477), (73, 0.855), (74, 0.25), (75, 0.569), (76, 0.912), (77, 0.94), (78, 0.544), (79, 0.902)]
[(80, 0.304), (81, 0.658), (82, 0.003), (83, 0.499), (84, 0.007), (85, 0.866), (86, 0.862), (87, 0.065)]
[(88, 0.854), (89, 0.007), (90, 0.9), (91, 0.854), (92, 0.646), (93, 0.543), (94, 0.356), (95, 0.371)]
[(96, 0.945), (97, 0.609), (98, 0.196), (99, 0.484)]

step: 7, comm: 16

strategia:
[(0, 11), (0, 13), (0, 16), (0, 20), (0, 21), (24, 25), (24, 26), (24, 29), (24, 31), (24, 32)]
[(34, 37), (34, 38), (34, 39), (34, 41), (34, 43)]
-------------------------------------------------------------------------------------

nodos:
[(0, 0.73), (1, 0.875), (2, 0.101), (3, 0.722), (4, 0.266), (5, 0.391), (6, 0.424), (7, 0.199)]
[(8, 0.738), (9, 0.949), (10, 0.958), (11, 0.73), (12, 0.263), (13, 0.73), (14, 0.73), (15, 0.44)]
[(16, 0.73), (17, 0.73), (18, 0.814), (19, 0.73), (20, 0.73), (21, 0.73), (22, 0.73), (23, 0.73)]
[(24, 0.728), (25, 0.728), (26, 0.728), (27, 0.129), (28, 0.728), (29, 0.728), (30, 0.581), (31, 0.728)]
[(32, 0.728), (33, 0.728), (34, 0.727), (35, 0.728), (36, 0.728), (37, 0.727), (38, 0.727), (39, 0.727)]
[(40, 0.73), (41, 0.727), (42, 0.73), (43, 0.727), (44, 0.727), (45, 0.728), (46, 0.73), (47, 0.727)]
[(48, 0.728), (49, 0.432), (50, 0.73), (51, 0.727), (52, 0.727), (53, 0.307), (54, 0.827), (55, 0.015)]
[(56, 0.727), (57, 0.727), (58, 0.501), (59, 0.335), (60, 0.491), (61, 0.524), (62, 0.732), (63, 0.005)]
[(64, 0.416), (65, 0.148), (66, 0.474), (67, 0.537), (68, 0.828), (69, 0.787), (70, 0.324), (71, 0.496)]
[(72, 0.477), (73, 0.855), (74, 0.25), (75, 0.569), (76, 0.912), (77, 0.94), (78, 0.544), (79, 0.902)]
[(80, 0.304), (81, 0.658), (82, 0.003), (83, 0.499), (84, 0.007), (85, 0.866), (86, 0.862), (87, 0.065)]
[(88, 0.854), (89, 0.007), (90, 0.9), (91, 0.854), (92, 0.646), (93, 0.543), (94, 0.356), (95, 0.371)]
[(96, 0.945), (97, 0.609), (98, 0.196), (99, 0.484)]

step: 8, comm: 37

strategia:
[(13, 14), (13, 19), (13, 22), (16, 17), (16, 40), (20, 23), (21, 42), (21, 46), (21, 50), (25, 28)]
[(25, 35), (26, 36), (29, 45), (29, 48), (31, 33), (37, 52), (38, 47), (41, 51), (41, 56), (41, 57)]
[(43, 44)]
-------------------------------------------------------------------------------------

nodos:
[(0, 0.73), (1, 0.875), (2, 0.101), (3, 0.722), (4, 0.266), (5, 0.391), (6, 0.424), (7, 0.199)]
[(8, 0.738), (9, 0.949), (10, 0.958), (11, 0.73), (12, 0.263), (13, 0.73), (14, 0.73), (15, 0.44)]
[(16, 0.73), (17, 0.73), (18, 0.814), (19, 0.73), (20, 0.73), (21, 0.73), (22, 0.73), (23, 0.73)]
[(24, 0.728), (25, 0.728), (26, 0.728), (27, 0.73), (28, 0.728), (29, 0.728), (30, 0.73), (31, 0.728)]
[(32, 0.728), (33, 0.728), (34, 0.727), (35, 0.728), (36, 0.728), (37, 0.727), (38, 0.727), (39, 0.727)]
[(40, 0.73), (41, 0.727), (42, 0.73), (43, 0.727), (44, 0.727), (45, 0.728), (46, 0.73), (47, 0.727)]
[(48, 0.728), (49, 0.727), (50, 0.73), (51, 0.727), (52, 0.727), (53, 0.728), (54, 0.727), (55, 0.728)]
[(56, 0.727), (57, 0.727), (58, 0.501), (59, 0.335), (60, 0.727), (61, 0.524), (62, 0.727), (63, 0.727)]
[(64, 0.727), (65, 0.727), (66, 0.474), (67, 0.73), (68, 0.828), (69, 0.787), (70, 0.324), (71, 0.496)]
[(72, 0.727), (73, 0.855), (74, 0.25), (75, 0.569), (76, 0.727), (77, 0.94), (78, 0.544), (79, 0.902)]
[(80, 0.304), (81, 0.658), (82, 0.003), (83, 0.499), (84, 0.007), (85, 0.866), (86, 0.862), (87, 0.065)]
[(88, 0.854), (89, 0.007), (90, 0.9), (91, 0.854), (92, 0.646), (93, 0.543), (94, 0.356), (95, 0.371)]
[(96, 0.945), (97, 0.609), (98, 0.196), (99, 0.484)]

step: 9, comm: 51

strategia:
[(14, 27), (14, 30), (35, 53), (44, 49), (44, 54), (48, 55), (50, 67), (51, 63), (51, 64), (52, 60)]
[(56, 62), (56, 65), (57, 72), (57, 76)]
-------------------------------------------------------------------------------------

nodos:
[(0, 0.73), (1, 0.875), (2, 0.101), (3, 0.722), (4, 0.266), (5, 0.391), (6, 0.424), (7, 0.199)]
[(8, 0.738), (9, 0.949), (10, 0.958), (11, 0.73), (12, 0.263), (13, 0.73), (14, 0.73), (15, 0.44)]
[(16, 0.73), (17, 0.73), (18, 0.814), (19, 0.73), (20, 0.73), (21, 0.73), (22, 0.73), (23, 0.73)]
[(24, 0.728), (25, 0.728), (26, 0.728), (27, 0.73), (28, 0.728), (29, 0.728), (30, 0.73), (31, 0.728)]
[(32, 0.728), (33, 0.728), (34, 0.727), (35, 0.728), (36, 0.728), (37, 0.727), (38, 0.727), (39, 0.727)]
[(40, 0.73), (41, 0.727), (42, 0.73), (43, 0.727), (44, 0.727), (45, 0.728), (46, 0.73), (47, 0.727)]
[(48, 0.728), (49, 0.727), (50, 0.73), (51, 0.727), (52, 0.727), (53, 0.728), (54, 0.727), (55, 0.728)]
[(56, 0.727), (57, 0.727), (58, 0.727), (59, 0.728), (60, 0.727), (61, 0.728), (62, 0.727), (63, 0.727)]
[(64, 0.727), (65, 0.727), (66, 0.727), (67, 0.73), (68, 0.727), (69, 0.727), (70, 0.727), (71, 0.727)]
[(72, 0.727), (73, 0.727), (74, 0.25), (75, 0.727), (76, 0.727), (77, 0.94), (78, 0.727), (79, 0.902)]
[(80, 0.304), (81, 0.727), (82, 0.727), (83, 0.727), (84, 0.727), (85, 0.866), (86, 0.727), (87, 0.727)]
[(88, 0.854), (89, 0.007), (90, 0.9), (91, 0.854), (92, 0.727), (93, 0.543), (94, 0.356), (95, 0.371)]
[(96, 0.945), (97, 0.609), (98, 0.196), (99, 0.484)]

step: 10, comm: 69

strategia:
[(49, 69), (53, 61), (54, 58), (54, 73), (54, 81), (55, 59), (60, 68), (60, 70), (62, 71), (63, 82)]
[(63, 86), (63, 92), (64, 66), (64, 78), (72, 75), (72, 83), (72, 84), (72, 87)]
-------------------------------------------------------------------------------------

nodos:
[(0, 0.73), (1, 0.727), (2, 0.101), (3, 0.722), (4, 0.266), (5, 0.727), (6, 0.727), (7, 0.199)]
[(8, 0.738), (9, 0.949), (10, 0.727), (11, 0.73), (12, 0.263), (13, 0.73), (14, 0.73), (15, 0.44)]
[(16, 0.73), (17, 0.73), (18, 0.814), (19, 0.73), (20, 0.73), (21, 0.73), (22, 0.73), (23, 0.73)]
[(24, 0.728), (25, 0.728), (26, 0.728), (27, 0.73), (28, 0.728), (29, 0.728), (30, 0.73), (31, 0.728)]
[(32, 0.728), (33, 0.728), (34, 0.727), (35, 0.728), (36, 0.728), (37, 0.727), (38, 0.727), (39, 0.727)]
[(40, 0.73), (41, 0.727), (42, 0.73), (43, 0.727), (44, 0.727), (45, 0.728), (46, 0.73), (47, 0.727)]
[(48, 0.728), (49, 0.727), (50, 0.73), (51, 0.727), (52, 0.727), (53, 0.728), (54, 0.727), (55, 0.728)]
[(56, 0.727), (57, 0.727), (58, 0.727), (59, 0.728), (60, 0.727), (61, 0.728), (62, 0.727), (63, 0.727)]
[(64, 0.727), (65, 0.727), (66, 0.727), (67, 0.73), (68, 0.727), (69, 0.727), (70, 0.727), (71, 0.727)]
[(72, 0.727), (73, 0.727), (74, 0.727), (75, 0.727), (76, 0.727), (77, 0.727), (78, 0.727), (79, 0.727)]
[(80, 0.727), (81, 0.727), (82, 0.727), (83, 0.727), (84, 0.727), (85, 0.727), (86, 0.727), (87, 0.727)]
[(88, 0.727), (89, 0.007), (90, 0.727), (91, 0.727), (92, 0.727), (93, 0.543), (94, 0.727), (95, 0.727)]
[(96, 0.727), (97, 0.609), (98, 0.727), (99, 0.727)]

step: 11, comm: 86

strategia:
[(58, 88), (68, 74), (69, 85), (69, 91), (70, 90), (70, 94), (71, 79), (73, 77), (73, 99), (78, 80)]
[(83, 1), (83, 5), (83, 10), (84, 95), (86, 6), (86, 98), (92, 96)]
-------------------------------------------------------------------------------------

nodos:
[(0, 0.73), (1, 0.727), (2, 0.727), (3, 0.727), (4, 0.266), (5, 0.727), (6, 0.727), (7, 0.727)]
[(8, 0.727), (9, 0.727), (10, 0.727), (11, 0.73), (12, 0.263), (13, 0.73), (14, 0.73), (15, 0.727)]
[(16, 0.73), (17, 0.73), (18, 0.727), (19, 0.73), (20, 0.73), (21, 0.73), (22, 0.73), (23, 0.73)]
[(24, 0.728), (25, 0.728), (26, 0.728), (27, 0.73), (28, 0.728), (29, 0.728), (30, 0.73), (31, 0.728)]
[(32, 0.728), (33, 0.728), (34, 0.727), (35, 0.728), (36, 0.728), (37, 0.727), (38, 0.727), (39, 0.727)]
[(40, 0.73), (41, 0.727), (42, 0.73), (43, 0.727), (44, 0.727), (45, 0.728), (46, 0.73), (47, 0.727)]
[(48, 0.728), (49, 0.727), (50, 0.73), (51, 0.727), (52, 0.727), (53, 0.728), (54, 0.727), (55, 0.728)]
[(56, 0.727), (57, 0.727), (58, 0.727), (59, 0.728), (60, 0.727), (61, 0.728), (62, 0.727), (63, 0.727)]
[(64, 0.727), (65, 0.727), (66, 0.727), (67, 0.73), (68, 0.727), (69, 0.727), (70, 0.727), (71, 0.727)]
[(72, 0.727), (73, 0.727), (74, 0.727), (75, 0.727), (76, 0.727), (77, 0.727), (78, 0.727), (79, 0.727)]
[(80, 0.727), (81, 0.727), (82, 0.727), (83, 0.727), (84, 0.727), (85, 0.727), (86, 0.727), (87, 0.727)]
[(88, 0.727), (89, 0.727), (90, 0.727), (91, 0.727), (92, 0.727), (93, 0.727), (94, 0.727), (95, 0.727)]
[(96, 0.727), (97, 0.727), (98, 0.727), (99, 0.727)]

step: 12, comm: 96

strategia:
[(1, 2), (1, 7), (6, 9), (6, 18), (74, 93), (88, 89), (88, 97), (95, 8), (95, 15), (99, 3)]
-------------------------------------------------------------------------------------

nodos:
[(0, 0.73), (1, 0.727), (2, 0.727), (3, 0.727), (4, 0.727), (5, 0.727), (6, 0.727), (7, 0.727)]
[(8, 0.727), (9, 0.727), (10, 0.727), (11, 0.73), (12, 0.727), (13, 0.73), (14, 0.73), (15, 0.727)]
[(16, 0.73), (17, 0.73), (18, 0.727), (19, 0.73), (20, 0.73), (21, 0.73), (22, 0.73), (23, 0.73)]
[(24, 0.728), (25, 0.728), (26, 0.728), (27, 0.73), (28, 0.728), (29, 0.728), (30, 0.73), (31, 0.728)]
[(32, 0.728), (33, 0.728), (34, 0.727), (35, 0.728), (36, 0.728), (37, 0.727), (38, 0.727), (39, 0.727)]
[(40, 0.73), (41, 0.727), (42, 0.73), (43, 0.727), (44, 0.727), (45, 0.728), (46, 0.73), (47, 0.727)]
[(48, 0.728), (49, 0.727), (50, 0.73), (51, 0.727), (52, 0.727), (53, 0.728), (54, 0.727), (55, 0.728)]
[(56, 0.727), (57, 0.727), (58, 0.727), (59, 0.728), (60, 0.727), (61, 0.728), (62, 0.727), (63, 0.727)]
[(64, 0.727), (65, 0.727), (66, 0.727), (67, 0.73), (68, 0.727), (69, 0.727), (70, 0.727), (71, 0.727)]
[(72, 0.727), (73, 0.727), (74, 0.727), (75, 0.727), (76, 0.727), (77, 0.727), (78, 0.727), (79, 0.727)]
[(80, 0.727), (81, 0.727), (82, 0.727), (83, 0.727), (84, 0.727), (85, 0.727), (86, 0.727), (87, 0.727)]
[(88, 0.727), (89, 0.727), (90, 0.727), (91, 0.727), (92, 0.727), (93, 0.727), (94, 0.727), (95, 0.727)]
[(96, 0.727), (97, 0.727), (98, 0.727), (99, 0.727)]

step: 13, comm: 98

strategia:
[(3, 4), (9, 12)]
-------------------------------------------------------------------------------------

=====================================================================================

Grafo 2

radio: 1.0
nodos:
[(0, 0.953), (1, 0.903), (2, 0.412), (3, 0.327), (4, 0.117), (5, 0.805), (6, 0.171), (7, 0.603)]
[(8, 0.158), (9, 0.385), (10, 0.454), (11, 0.62), (12, 0.662), (13, 0.81), (14, 0.248), (15, 0.149)]
[(16, 0.491), (17, 0.384), (18, 0.909), (19, 0.292), (20, 0.322), (21, 0.071), (22, 0.16), (23, 0.388)]
[(24, 0.561), (25, 0.982), (26, 0.611), (27, 0.554), (28, 0.805), (29, 0.492), (30, 0.571), (31, 0.242)]
[(32, 0.215), (33, 0.495), (34, 0.349), (35, 0.211), (36, 0.758), (37, 0.863), (38, 0.297), (39, 0.963)]
[(40, 0.645), (41, 0.485), (42, 0.141), (43, 0.125), (44, 0.054), (45, 0.252), (46, 0.131), (47, 0.982)]
[(48, 0.483), (49, 0.502), (50, 0.321), (51, 0.245), (52, 0.347), (53, 0.456), (54, 0.72), (55, 0.182)]
[(56, 0.436), (57, 0.782), (58, 0.884), (59, 0.977), (60, 0.726), (61, 0.803), (62, 0.947), (63, 0.252)]
[(64, 0.235), (65, 0.328), (66, 0.493), (67, 0.742), (68, 0.434), (69, 0.194), (70, 0.627), (71, 0.627)]
[(72, 0.85), (73, 0.368), (74, 0.654), (75, 0.343), (76, 0.43), (77, 0.002), (78, 0.54), (79, 0.754)]
[(80, 0.418), (81, 0.277), (82, 0.964), (83, 0.74), (84, 0.139), (85, 0.602), (86, 0.406), (87, 0.426)]
[(88, 0.848), (89, 0.244), (90, 0.913), (91, 0.77), (92, 0.884), (93, 0.198), (94, 0.702), (95, 0.865)]
[(96, 0.965), (97, 0.162), (98, 0.255), (99, 0.451)]

step: 0, comm: 0

strategia:
-------------------------------------------------------------------------------------

nodos:
[(0, 0.953), (1, 0.903), (2, 0.412), (3, 0.327), (4, 0.325), (5, 0.805), (6, 0.171), (7, 0.603)]
[(8, 0.158), (9, 0.385), (10, 0.244), (11, 0.62), (12, 0.662), (13, 0.81), (14, 0.248), (15, 0.149)]
[(16, 0.491), (17, 0.384), (18, 0.909), (19, 0.292), (20, 0.322), (21, 0.071), (22, 0.16), (23, 0.388)]
[(24, 0.561), (25, 0.982), (26, 0.16), (27, 0.554), (28, 0.805), (29, 0.492), (30, 0.571), (31, 0.242)]
[(32, 0.215), (33, 0.495), (34, 0.349), (35, 0.211), (36, 0.758), (37, 0.863), (38, 0.297), (39, 0.963)]
[(40, 0.645), (41, 0.485), (42, 0.141), (43, 0.125), (44, 0.054), (45, 0.252), (46, 0.131), (47, 0.982)]
[(48, 0.483), (49, 0.502), (50, 0.321), (51, 0.245), (52, 0.347), (53, 0.456), (54, 0.72), (55, 0.182)]
[(56, 0.436), (57, 0.782), (58, 0.884), (59, 0.977), (60, 0.726), (61, 0.803), (62, 0.947), (63, 0.252)]
[(64, 0.235), (65, 0.328), (66, 0.493), (67, 0.742), (68, 0.434), (69, 0.194), (70, 0.627), (71, 0.627)]
[(72, 0.85), (73, 0.368), (74, 0.654), (75, 0.343), (76, 0.43), (77, 0.002), (78, 0.54), (79, 0.754)]
[(80, 0.418), (81, 0.277), (82, 0.964), (83, 0.74), (84, 0.139), (85, 0.602), (86, 0.406), (87, 0.426)]
[(88, 0.848), (89, 0.244), (90, 0.913), (91, 0.77), (92, 0.884), (93, 0.198), (94, 0.702), (95, 0.865)]
[(96, 0.965), (97, 0.162), (98, 0.255), (99, 0.451)]

step: 1, comm: 6

strategia:
[(2, 4), (3, 10), (22, 26), (97, 4), (97, 10), (98, 4)]
-------------------------------------------------------------------------------------

nodos:
[(0, 0.953), (1, 0.903), (2, 0.412), (3, 0.327), (4, 0.17), (5, 0.805), (6, 0.171), (7, 0.603)]
[(8, 0.158), (9, 0.385), (10, 0.162), (11, 0.62), (12, 0.662), (13, 0.81), (14, 0.248), (15, 0.149)]
[(16, 0.491), (17, 0.384), (18, 0.909), (19, 0.292), (20, 0.322), (21, 0.071), (22, 0.16), (23, 0.388)]
[(24, 0.561), (25, 0.982), (26, 0.16), (27, 0.554), (28, 0.805), (29, 0.492), (30, 0.571), (31, 0.242)]
[(32, 0.215), (33, 0.495), (34, 0.349), (35, 0.211), (36, 0.758), (37, 0.863), (38, 0.297), (39, 0.963)]
[(40, 0.645), (41, 0.485), (42, 0.141), (43, 0.125), (44, 0.054), (45, 0.252), (46, 0.131), (47, 0.982)]
[(48, 0.483), (49, 0.502), (50, 0.321), (51, 0.245), (52, 0.347), (53, 0.456), (54, 0.72), (55, 0.182)]
[(56, 0.436), (57, 0.782), (58, 0.884), (59, 0.977), (60, 0.726), (61, 0.803), (62, 0.947), (63, 0.252)]
[(64, 0.235), (65, 0.328), (66, 0.493), (67, 0.742), (68, 0.434), (69, 0.194), (70, 0.627), (71, 0.627)]
[(72, 0.85), (73, 0.368), (74, 0.654), (75, 0.343), (76, 0.43), (77, 0.002), (78, 0.54), (79, 0.754)]
[(80, 0.418), (81, 0.277), (82, 0.964), (83, 0.74), (84, 0.139), (85, 0.602), (86, 0.406), (87, 0.426)]
[(88, 0.848), (89, 0.244), (90, 0.913), (91, 0.77), (92, 0.884), (93, 0.198), (94, 0.702), (95, 0.865)]
[(96, 0.965), (97, 0.162), (98, 0.255), (99, 0.451)]

step: 2, comm: 9

strategia:
[(97, 4), (97, 10), (98, 4)]
-------------------------------------------------------------------------------------

nodos:
[(0, 0.953), (1, 0.903), (2, 0.412), (3, 0.327), (4, 0.162), (5, 0.805), (6, 0.171), (7, 0.603)]
[(8, 0.158), (9, 0.385), (10, 0.162), (11, 0.62), (12, 0.662), (13, 0.81), (14, 0.248), (15, 0.149)]
[(16, 0.491), (17, 0.384), (18, 0.909), (19, 0.292), (20, 0.322), (21, 0.071), (22, 0.16), (23, 0.388)]
[(24, 0.561), (25, 0.982), (26, 0.16), (27, 0.554), (28, 0.805), (29, 0.492), (30, 0.571), (31, 0.242)]
[(32, 0.215), (33, 0.495), (34, 0.349), (35, 0.211), (36, 0.758), (37, 0.863), (38, 0.297), (39, 0.963)]
[(40, 0.645), (41, 0.485), (42, 0.141), (43, 0.125), (44, 0.054), (45, 0.252), (46, 0.131), (47, 0.982)]
[(48, 0.483), (49, 0.502), (50, 0.321), (51, 0.245), (52, 0.347), (53, 0.456), (54, 0.72), (55, 0.182)]
[(56, 0.436), (57, 0.782), (58, 0.884), (59, 0.977), (60, 0.726), (61, 0.803), (62, 0.947), (63, 0.252)]
[(64, 0.235), (65, 0.328), (66, 0.493), (67, 0.742), (68, 0.434), (69, 0.194), (70, 0.627), (71, 0.627)]
[(72, 0.85), (73, 0.368), (74, 0.654), (75, 0.343), (76, 0.43), (77, 0.002), (78, 0.54), (79, 0.754)]
[(80, 0.418), (81, 0.277), (82, 0.964), (83, 0.74), (84, 0.139), (85, 0.602), (86, 0.406), (87, 0.426)]
[(88, 0.848), (89, 0.244), (90, 0.913), (91, 0.77), (92, 0.884), (93, 0.198), (94, 0.702), (95, 0.865)]
[(96, 0.965), (97, 0.162), (98, 0.255), (99, 0.451)]

step: 3, comm: 10

strategia:
[(97, 4)]
-------------------------------------------------------------------------------------

nodos:
[(0, 0.953), (1, 0.903), (2, 0.412), (3, 0.327), (4, 0.162), (5, 0.805), (6, 0.171), (7, 0.603)]
[(8, 0.158), (9, 0.385), (10, 0.162), (11, 0.62), (12, 0.662), (13, 0.81), (14, 0.248), (15, 0.149)]
[(16, 0.491), (17, 0.384), (18, 0.909), (19, 0.292), (20, 0.322), (21, 0.071), (22, 0.16), (23, 0.388)]
[(24, 0.561), (25, 0.982), (26, 0.16), (27, 0.554), (28, 0.805), (29, 0.492), (30, 0.571), (31, 0.242)]
[(32, 0.215), (33, 0.495), (34, 0.349), (35, 0.211), (36, 0.758), (37, 0.863), (38, 0.297), (39, 0.963)]
[(40, 0.645), (41, 0.485), (42, 0.141), (43, 0.125), (44, 0.054), (45, 0.252), (46, 0.131), (47, 0.982)]
[(48, 0.483), (49, 0.502), (50, 0.321), (51, 0.245), (52, 0.347), (53, 0.456), (54, 0.72), (55, 0.182)]
[(56, 0.436), (57, 0.782), (58, 0.884), (59, 0.977), (60, 0.726), (61, 0.803), (62, 0.947), (63, 0.252)]
[(64, 0.235), (65, 0.328), (66, 0.493), (67, 0.742), (68, 0.434), (69, 0.194), (70, 0.627), (71, 0.627)]
[(72, 0.85), (73, 0.368), (74, 0.654), (75, 0.343), (76, 0.43), (77, 0.002), (78, 0.54), (79, 0.754)]
[(80, 0.418), (81, 0.277), (82, 0.964), (83, 0.74), (84, 0.139), (85, 0.602), (86, 0.406), (87, 0.426)]
[(88, 0.848), (89, 0.244), (90, 0.913), (91, 0.77), (92, 0.884), (93, 0.198), (94, 0.702), (95, 0.865)]
[(96, 0.965), (97, 0.162), (98, 0.255), (99, 0.451)]

step: 4, comm: 10

strategia:
-------------------------------------------------------------------------------------

nodos:
[(0, 0.953), (1, 0.903), (2, 0.412), (3, 0.327), (4, 0.162), (5, 0.805), (6, 0.171), (7, 0.603)]
[(8, 0.158), (9, 0.385), (10, 0.162), (11, 0.62), (12, 0.662), (13, 0.81), (14, 0.248), (15, 0.149)]
[(16, 0.491), (17, 0.384), (18, 0.909), (19, 0.292), (20, 0.322), (21, 0.071), (22, 0.16), (23, 0.388)]
[(24, 0.561), (25, 0.982), (26, 0.16), (27, 0.554), (28, 0.805), (29, 0.492), (30, 0.571), (31, 0.242)]
[(32, 0.215), (33, 0.495), (34, 0.349), (35, 0.211), (36, 0.758), (37, 0.863), (38, 0.297), (39, 0.963)]
[(40, 0.645), (41, 0.485), (42, 0.141), (43, 0.125), (44, 0.054), (45, 0.252), (46, 0.131), (47, 0.982)]
[(48, 0.483), (49, 0.502), (50, 0.321), (51, 0.245), (52, 0.347), (53, 0.456), (54, 0.72), (55, 0.182)]
[(56, 0.436), (57, 0.782), (58, 0.884), (59, 0.977), (60, 0.726), (61, 0.803), (62, 0.947), (63, 0.252)]
[(64, 0.235), (65, 0.328), (66, 0.493), (67, 0.742), (68, 0.434), (69, 0.194), (70, 0.627), (71, 0.627)]
[(72, 0.85), (73, 0.368), (74, 0.654), (75, 0.343), (76, 0.43), (77, 0.002), (78, 0.54), (79, 0.754)]
[(80, 0.418), (81, 0.277), (82, 0.964), (83, 0.74), (84, 0.139), (85, 0.602), (86, 0.406), (87, 0.426)]
[(88, 0.848), (89, 0.244), (90, 0.913), (91, 0.77), (92, 0.884), (93, 0.198), (94, 0.702), (95, 0.865)]
[(96, 0.965), (97, 0.162), (98, 0.255), (99, 0.451)]

step: 5, comm: 10

strategia:
-------------------------------------------------------------------------------------

nodos:
[(0, 0.953), (1, 0.903), (2, 0.412), (3, 0.327), (4, 0.162), (5, 0.805), (6, 0.171), (7, 0.603)]
[(8, 0.158), (9, 0.385), (10, 0.162), (11, 0.62), (12, 0.662), (13, 0.81), (14, 0.248), (15, 0.149)]
[(16, 0.491), (17, 0.384), (18, 0.909), (19, 0.292), (20, 0.322), (21, 0.071), (22, 0.16), (23, 0.388)]
[(24, 0.561), (25, 0.982), (26, 0.16), (27, 0.554), (28, 0.805), (29, 0.492), (30, 0.571), (31, 0.242)]
[(32, 0.215), (33, 0.495), (34, 0.349), (35, 0.211), (36, 0.758), (37, 0.863), (38, 0.297), (39, 0.963)]
[(40, 0.645), (41, 0.485), (42, 0.141), (43, 0.125), (44, 0.054), (45, 0.252), (46, 0.131), (47, 0.982)]
[(48, 0.483), (49, 0.502), (50, 0.321), (51, 0.245), (52, 0.347), (53, 0.456), (54, 0.72), (55, 0.182)]
[(56, 0.436), (57, 0.782), (58, 0.884), (59, 0.977), (60, 0.726), (61, 0.803), (62, 0.947), (63, 0.252)]
[(64, 0.235), (65, 0.328), (66, 0.493), (67, 0.742), (68, 0.434), (69, 0.194), (70, 0.627), (71, 0.627)]
[(72, 0.85), (73, 0.368), (74, 0.654), (75, 0.343), (76, 0.43), (77, 0.002), (78, 0.54), (79, 0.754)]
[(80, 0.418), (81, 0.277), (82, 0.964), (83, 0.74), (84, 0.139), (85, 0.602), (86, 0.406), (87, 0.426)]
[(88, 0.848), (89, 0.244), (90, 0.913), (91, 0.77), (92, 0.884), (93, 0.198), (94, 0.702), (95, 0.865)]
[(96, 0.965), (97, 0.162), (98, 0.255), (99, 0.451)]

step: 6, comm: 10

strategia:
-------------------------------------------------------------------------------------

nodos:
[(0, 0.953), (1, 0.903), (2, 0.412), (3, 0.327), (4, 0.162), (5, 0.805), (6, 0.162), (7, 0.603)]
[(8, 0.158), (9, 0.385), (10, 0.162), (11, 0.62), (12, 0.162), (13, 0.81), (14, 0.162), (15, 0.149)]
[(16, 0.162), (17, 0.384), (18, 0.162), (19, 0.162), (20, 0.322), (21, 0.162), (22, 0.162), (23, 0.388)]
[(24, 0.561), (25, 0.162), (26, 0.16), (27, 0.554), (28, 0.805), (29, 0.492), (30, 0.571), (31, 0.242)]
[(32, 0.215), (33, 0.162), (34, 0.349), (35, 0.211), (36, 0.758), (37, 0.863), (38, 0.297), (39, 0.963)]
[(40, 0.16), (41, 0.485), (42, 0.141), (43, 0.125), (44, 0.054), (45, 0.252), (46, 0.131), (47, 0.982)]
[(48, 0.483), (49, 0.16), (50, 0.321), (51, 0.245), (52, 0.347), (53, 0.16), (54, 0.16), (55, 0.16)]
[(56, 0.436), (57, 0.782), (58, 0.884), (59, 0.977), (60, 0.726), (61, 0.803), (62, 0.947), (63, 0.252)]
[(64, 0.235), (65, 0.328), (66, 0.493), (67, 0.742), (68, 0.434), (69, 0.194), (70, 0.627), (71, 0.627)]
[(72, 0.85), (73, 0.368), (74, 0.654), (75, 0.343), (76, 0.43), (77, 0.002), (78, 0.54), (79, 0.754)]
[(80, 0.418), (81, 0.277), (82, 0.964), (83, 0.74), (84, 0.139), (85, 0.602), (86, 0.406), (87, 0.426)]
[(88, 0.848), (89, 0.244), (90, 0.913), (91, 0.77), (92, 0.884), (93, 0.198), (94, 0.702), (95, 0.865)]
[(96, 0.965), (97, 0.162), (98, 0.255), (99, 0.451)]

step: 7, comm: 25

strategia:
[(4, 6), (4, 12), (4, 16), (4, 21), (4, 22), (10, 14), (10, 18), (10, 19), (10, 25), (10, 33)]
[(26, 40), (26, 49), (26, 53), (26, 54), (26, 55)]
-------------------------------------------------------------------------------------

nodos:
[(0, 0.953), (1, 0.903), (2, 0.412), (3, 0.327), (4, 0.162), (5, 0.805), (6, 0.162), (7, 0.162)]
[(8, 0.158), (9, 0.385), (10, 0.162), (11, 0.62), (12, 0.162), (13, 0.162), (14, 0.162), (15, 0.162)]
[(16, 0.162), (17, 0.162), (18, 0.162), (19, 0.162), (20, 0.322), (21, 0.162), (22, 0.162), (23, 0.162)]
[(24, 0.561), (25, 0.162), (26, 0.16), (27, 0.554), (28, 0.805), (29, 0.162), (30, 0.571), (31, 0.242)]
[(32, 0.162), (33, 0.162), (34, 0.162), (35, 0.211), (36, 0.162), (37, 0.162), (38, 0.297), (39, 0.162)]
[(40, 0.16), (41, 0.485), (42, 0.141), (43, 0.16), (44, 0.054), (45, 0.252), (46, 0.131), (47, 0.982)]
[(48, 0.483), (49, 0.16), (50, 0.16), (51, 0.245), (52, 0.16), (53, 0.16), (54, 0.16), (55, 0.16)]
[(56, 0.436), (57, 0.16), (58, 0.884), (59, 0.977), (60, 0.16), (61, 0.803), (62, 0.947), (63, 0.16)]
[(64, 0.235), (65, 0.16), (66, 0.16), (67, 0.16), (68, 0.434), (69, 0.194), (70, 0.16), (71, 0.627)]
[(72, 0.16), (73, 0.16), (74, 0.654), (75, 0.343), (76, 0.43), (77, 0.16), (78, 0.54), (79, 0.754)]
[(80, 0.418), (81, 0.277), (82, 0.964), (83, 0.74), (84, 0.139), (85, 0.602), (86, 0.406), (87, 0.426)]
[(88, 0.848), (89, 0.244), (90, 0.913), (91, 0.77), (92, 0.884), (93, 0.198), (94, 0.702), (95, 0.16)]
[(96, 0.965), (97, 0.162), (98, 0.255), (99, 0.451)]

step: 8, comm: 50

strategia:
[(6, 7), (12, 13), (12, 15), (14, 17), (18, 23), (19, 32), (19, 39), (22, 34), (25, 29), (25, 36)]
[(33, 37), (40, 43), (40, 50), (40, 52), (49, 63), (49, 72), (49, 73), (53, 65), (53, 66), (54, 57)]
[(54, 77), (55, 60), (55, 67), (55, 70), (55, 95)]
-------------------------------------------------------------------------------------

nodos:
[(0, 0.16), (1, 0.903), (2, 0.16), (3, 0.327), (4, 0.162), (5, 0.16), (6, 0.162), (7, 0.162)]
[(8, 0.158), (9, 0.385), (10, 0.162), (11, 0.62), (12, 0.162), (13, 0.162), (14, 0.162), (15, 0.162)]
[(16, 0.162), (17, 0.162), (18, 0.162), (19, 0.162), (20, 0.162), (21, 0.162), (22, 0.162), (23, 0.162)]
[(24, 0.162), (25, 0.162), (26, 0.16), (27, 0.554), (28, 0.805), (29, 0.162), (30, 0.571), (31, 0.162)]
[(32, 0.162), (33, 0.162), (34, 0.162), (35, 0.211), (36, 0.162), (37, 0.162), (38, 0.297), (39, 0.162)]
[(40, 0.16), (41, 0.162), (42, 0.162), (43, 0.16), (44, 0.162), (45, 0.252), (46, 0.162), (47, 0.982)]
[(48, 0.162), (49, 0.16), (50, 0.16), (51, 0.245), (52, 0.16), (53, 0.16), (54, 0.16), (55, 0.16)]
[(56, 0.162), (57, 0.16), (58, 0.884), (59, 0.162), (60, 0.16), (61, 0.16), (62, 0.16), (63, 0.16)]
[(64, 0.235), (65, 0.16), (66, 0.16), (67, 0.16), (68, 0.16), (69, 0.16), (70, 0.16), (71, 0.16)]
[(72, 0.16), (73, 0.16), (74, 0.16), (75, 0.16), (76, 0.16), (77, 0.16), (78, 0.16), (79, 0.16)]
[(80, 0.16), (81, 0.16), (82, 0.16), (83, 0.74), (84, 0.16), (85, 0.602), (86, 0.16), (87, 0.426)]
[(88, 0.848), (89, 0.16), (90, 0.16), (91, 0.77), (92, 0.884), (93, 0.198), (94, 0.702), (95, 0.16)]
[(96, 0.965), (97, 0.162), (98, 0.255), (99, 0.16)]

step: 9, comm: 81

strategia:
[(7, 20), (7, 24), (15, 31), (17, 46), (29, 56), (32, 42), (34, 44), (36, 48), (36, 59), (39, 41)]
[(50, 62), (50, 71), (52, 68), (60, 61), (60, 74), (63, 79), (63, 84), (66, 69), (67, 75), (72, 78)]
[(73, 76), (73, 80), (73, 82), (73, 90), (77, 0), (77, 81), (77, 86), (77, 89), (77, 99), (95, 2)]
[(95, 5)]
-------------------------------------------------------------------------------------

nodos:
[(0, 0.16), (1, 0.16), (2, 0.16), (3, 0.16), (4, 0.162), (5, 0.16), (6, 0.162), (7, 0.162)]
[(8, 0.16), (9, 0.385), (10, 0.162), (11, 0.62), (12, 0.162), (13, 0.162), (14, 0.162), (15, 0.162)]
[(16, 0.162), (17, 0.162), (18, 0.162), (19, 0.162), (20, 0.162), (21, 0.162), (22, 0.162), (23, 0.162)]
[(24, 0.162), (25, 0.162), (26, 0.16), (27, 0.554), (28, 0.805), (29, 0.162), (30, 0.162), (31, 0.162)]
[(32, 0.162), (33, 0.162), (34, 0.162), (35, 0.162), (36, 0.162), (37, 0.162), (38, 0.297), (39, 0.162)]
[(40, 0.16), (41, 0.162), (42, 0.162), (43, 0.16), (44, 0.162), (45, 0.162), (46, 0.162), (47, 0.162)]
[(48, 0.162), (49, 0.16), (50, 0.16), (51, 0.162), (52, 0.16), (53, 0.16), (54, 0.16), (55, 0.16)]
[(56, 0.162), (57, 0.16), (58, 0.162), (59, 0.162), (60, 0.16), (61, 0.16), (62, 0.16), (63, 0.16)]
[(64, 0.162), (65, 0.16), (66, 0.16), (67, 0.16), (68, 0.16), (69, 0.16), (70, 0.16), (71, 0.16)]
[(72, 0.16), (73, 0.16), (74, 0.16), (75, 0.16), (76, 0.16), (77, 0.16), (78, 0.16), (79, 0.16)]
[(80, 0.16), (81, 0.16), (82, 0.16), (83, 0.16), (84, 0.16), (85, 0.16), (86, 0.16), (87, 0.16)]
[(88, 0.16), (89, 0.16), (90, 0.16), (91, 0.16), (92, 0.16), (93, 0.16), (94, 0.702), (95, 0.16)]
[(96, 0.16), (97, 0.16), (98, 0.255), (99, 0.16)]

step: 10, comm: 100

strategia:
[(5, 8), (20, 35), (24, 30), (44, 45), (44, 47), (46, 58), (48, 51), (48, 64), (74, 85), (74, 87)]
[(74, 88), (75, 83), (79, 3), (80, 91), (81, 97), (82, 92), (84, 1), (84, 93), (90, 96)]
-------------------------------------------------------------------------------------

nodos:
[(0, 0.16), (1, 0.16), (2, 0.16), (3, 0.16), (4, 0.162), (5, 0.16), (6, 0.162), (7, 0.162)]
[(8, 0.16), (9, 0.16), (10, 0.162), (11, 0.16), (12, 0.162), (13, 0.162), (14, 0.162), (15, 0.162)]
[(16, 0.162), (17, 0.162), (18, 0.162), (19, 0.162), (20, 0.162), (21, 0.162), (22, 0.162), (23, 0.162)]
[(24, 0.162), (25, 0.162), (26, 0.16), (27, 0.554), (28, 0.805), (29, 0.162), (30, 0.162), (31, 0.162)]
[(32, 0.162), (33, 0.162), (34, 0.162), (35, 0.162), (36, 0.162), (37, 0.162), (38, 0.297), (39, 0.162)]
[(40, 0.16), (41, 0.162), (42, 0.162), (43, 0.16), (44, 0.162), (45, 0.162), (46, 0.162), (47, 0.162)]
[(48, 0.162), (49, 0.16), (50, 0.16), (51, 0.162), (52, 0.16), (53, 0.16), (54, 0.16), (55, 0.16)]
[(56, 0.162), (57, 0.16), (58, 0.162), (59, 0.162), (60, 0.16), (61, 0.16), (62, 0.16), (63, 0.16)]
[(64, 0.162), (65, 0.16), (66, 0.16), (67, 0.16), (68, 0.16), (69, 0.16), (70, 0.16), (71, 0.16)]
[(72, 0.16), (73, 0.16), (74, 0.16), (75, 0.16), (76, 0.16), (77, 0.16), (78, 0.16), (79, 0.16)]
[(80, 0.16), (81, 0.16), (82, 0.16), (83, 0.16), (84, 0.16), (85, 0.16), (86, 0.16), (87, 0.16)]
[(88, 0.16), (89, 0.16), (90, 0.16), (91, 0.16), (92, 0.16), (93, 0.16), (94, 0.16), (95, 0.16)]
[(96, 0.16), (97, 0.16), (98, 0.16), (99, 0.16)]

step: 11, comm: 104

strategia:
[(3, 11), (91, 98), (92, 94), (96, 9)]
-------------------------------------------------------------------------------------

nodos:
[(0, 0.16), (1, 0.16), (2, 0.16), (3, 0.16), (4, 0.162), (5, 0.16), (6, 0.162), (7, 0.162)]
[(8, 0.16), (9, 0.16), (10, 0.162), (11, 0.16), (12, 0.162), (13, 0.162), (14, 0.162), (15, 0.162)]
[(16, 0.162), (17, 0.162), (18, 0.162), (19, 0.162), (20, 0.162), (21, 0.162), (22, 0.162), (23, 0.162)]
[(24, 0.162), (25, 0.162), (26, 0.16), (27, 0.16), (28, 0.16), (29, 0.162), (30, 0.162), (31, 0.162)]
[(32, 0.162), (33, 0.162), (34, 0.162), (35, 0.162), (36, 0.162), (37, 0.162), (38, 0.297), (39, 0.162)]
[(40, 0.16), (41, 0.162), (42, 0.162), (43, 0.16), (44, 0.162), (45, 0.162), (46, 0.162), (47, 0.162)]
[(48, 0.162), (49, 0.16), (50, 0.16), (51, 0.162), (52, 0.16), (53, 0.16), (54, 0.16), (55, 0.16)]
[(56, 0.162), (57, 0.16), (58, 0.162), (59, 0.162), (60, 0.16), (61, 0.16), (62, 0.16), (63, 0.16)]
[(64, 0.162), (65, 0.16), (66, 0.16), (67, 0.16), (68, 0.16), (69, 0.16), (70, 0.16), (71, 0.16)]
[(72, 0.16), (73, 0.16), (74, 0.16), (75, 0.16), (76, 0.16), (77, 0.16), (78, 0.16), (79, 0.16)]
[(80, 0.16), (81, 0.16), (82, 0.16), (83, 0.16), (84, 0.16), (85, 0.16), (86, 0.16), (87, 0.16)]
[(88, 0.16), (89, 0.16), (90, 0.16), (91, 0.16), (92, 0.16), (93, 0.16), (94, 0.16), (95, 0.16)]
[(96, 0.16), (97, 0.16), (98, 0.16), (99, 0.16)]

step: 12, comm: 106

strategia:
[(11, 27), (11, 28)]
-------------------------------------------------------------------------------------

nodos:
[(0, 0.16), (1, 0.16), (2, 0.16), (3, 0.16), (4, 0.162), (5, 0.16), (6, 0.162), (7, 0.162)]
[(8, 0.16), (9, 0.16), (10, 0.162), (11, 0.16), (12, 0.162), (13, 0.162), (14, 0.162), (15, 0.162)]
[(16, 0.162), (17, 0.162), (18, 0.162), (19, 0.162), (20, 0.162), (21, 0.162), (22, 0.162), (23, 0.162)]
[(24, 0.162), (25, 0.162), (26, 0.16), (27, 0.16), (28, 0.16), (29, 0.162), (30, 0.162), (31, 0.162)]
[(32, 0.162), (33, 0.162), (34, 0.162), (35, 0.162), (36, 0.162), (37, 0.162), (38, 0.16), (39, 0.162)]
[(40, 0.16), (41, 0.162), (42, 0.162), (43, 0.16), (44, 0.162), (45, 0.162), (46, 0.162), (47, 0.162)]
[(48, 0.162), (49, 0.16), (50, 0.16), (51, 0.162), (52, 0.16), (53, 0.16), (54, 0.16), (55, 0.16)]
[(56, 0.162), (57, 0.16), (58, 0.162), (59, 0.162), (60, 0.16), (61, 0.16), (62, 0.16), (63, 0.16)]
[(64, 0.162), (65, 0.16), (66, 0.16), (67, 0.16), (68, 0.16), (69, 0.16), (70, 0.16), (71, 0.16)]
[(72, 0.16), (73, 0.16), (74, 0.16), (75, 0.16), (76, 0.16), (77, 0.16), (78, 0.16), (79, 0.16)]
[(80, 0.16), (81, 0.16), (82, 0.16), (83, 0.16), (84, 0.16), (85, 0.16), (86, 0.16), (87, 0.16)]
[(88, 0.16), (89, 0.16), (90, 0.16), (91, 0.16), (92, 0.16), (93, 0.16), (94, 0.16), (95, 0.16)]
[(96, 0.16), (97, 0.16), (98, 0.16), (99, 0.16)]

step: 13, comm: 107

strategia:
[(28, 38)]
-------------------------------------------------------------------------------------

=====================================================================================

Grafo 3

radio: 6.0
nodos:
[(0, 0.556), (1, 0.256), (2, 0.912), (3, 0.709), (4, 0.796), (5, 0.504), (6, 0.806), (7, 0.301)]
[(8, 0.04), (9, 0.182), (10, 0.978), (11, 0.046), (12, 0.327), (13, 0.553), (14, 0.486), (15, 0.024)]
[(16, 0.791), (17, 0.838), (18, 0.804), (19, 0.794), (20, 0.248), (21, 0.682), (22, 0.362), (23, 0.3)]
[(24, 0.133), (25, 0.672), (26, 0.693), (27, 0.344), (28, 0.472), (29, 0.47), (30, 0.053), (31, 0.142)]
[(32, 0.543), (33, 0.092), (34, 0.199), (35, 0.465), (36, 0.026), (37, 0.08), (38, 0.305), (39, 0.885)]
[(40, 0.448), (41, 0.534), (42, 0.644), (43, 0.549), (44, 0.821), (45, 0.389), (46, 0.862), (47, 0.961)]
[(48, 0.625), (49, 0.739), (50, 0.292), (51, 0.268), (52, 0.771), (53, 0.736), (54, 0.072), (55, 0.98)]
[(56, 0.321), (57, 0.716), (58, 0.295), (59, 0.954), (60, 0.966), (61, 0.872), (62, 0.944), (63, 0.152)]
[(64, 0.092), (65, 0.828), (66, 0.899), (67, 0.389), (68, 0.559), (69, 0.655), (70, 0.644), (71, 0.944)]
[(72, 0.4), (73, 0.06), (74, 0.31), (75, 0.959), (76, 0.349), (77, 0.718), (78, 0.988), (79, 0.696)]
[(80, 0.137), (81, 0.871), (82, 0.445), (83, 0.699), (84, 0.605), (85, 0.212), (86, 0.627), (87, 0.4)]
[(88, 0.947), (89, 0.193), (90, 0.705), (91, 0.241), (92, 0.495), (93, 0.399), (94, 0.486), (95, 0.03)]
[(96, 0.906), (97, 0.175), (98, 0.56), (99, 0.475)]

step: 0, comm: 0

strategia:
-------------------------------------------------------------------------------------

nodos:
[(0, 0.556), (1, 0.469), (2, 0.912), (3, 0.709), (4, 0.583), (5, 0.504), (6, 0.806), (7, 0.301)]
[(8, 0.04), (9, 0.182), (10, 0.978), (11, 0.046), (12, 0.327), (13, 0.553), (14, 0.486), (15, 0.024)]
[(16, 0.791), (17, 0.838), (18, 0.804), (19, 0.794), (20, 0.248), (21, 0.682), (22, 0.362), (23, 0.3)]
[(24, 0.133), (25, 0.672), (26, 0.693), (27, 0.344), (28, 0.472), (29, 0.47), (30, 0.053), (31, 0.142)]
[(32, 0.543), (33, 0.092), (34, 0.199), (35, 0.465), (36, 0.026), (37, 0.08), (38, 0.305), (39, 0.885)]
[(40, 0.448), (41, 0.534), (42, 0.644), (43, 0.549), (44, 0.821), (45, 0.389), (46, 0.862), (47, 0.961)]
[(48, 0.625), (49, 0.739), (50, 0.292), (51, 0.268), (52, 0.771), (53, 0.736), (54, 0.072), (55, 0.98)]
[(56, 0.321), (57, 0.716), (58, 0.295), (59, 0.954), (60, 0.966), (61, 0.872), (62, 0.944), (63, 0.152)]
[(64, 0.092), (65, 0.828), (66, 0.899), (67, 0.389), (68, 0.559), (69, 0.655), (70, 0.644), (71, 0.944)]
[(72, 0.4), (73, 0.06), (74, 0.31), (75, 0.959), (76, 0.349), (77, 0.718), (78, 0.988), (79, 0.696)]
[(80, 0.137), (81, 0.871), (82, 0.445), (83, 0.699), (84, 0.605), (85, 0.212), (86, 0.627), (87, 0.4)]
[(88, 0.947), (89, 0.193), (90, 0.705), (91, 0.241), (92, 0.495), (93, 0.399), (94, 0.486), (95, 0.03)]
[(96, 0.906), (97, 0.175), (98, 0.56), (99, 0.475)]

step: 1, comm: 4

strategia:
[(3, 4), (93, 1), (98, 1), (98, 4)]
-------------------------------------------------------------------------------------

nodos:
[(0, 0.556), (1, 0.56), (2, 0.912), (3, 0.709), (4, 0.56), (5, 0.504), (6, 0.806), (7, 0.301)]
[(8, 0.04), (9, 0.182), (10, 0.978), (11, 0.046), (12, 0.327), (13, 0.553), (14, 0.486), (15, 0.024)]
[(16, 0.791), (17, 0.838), (18, 0.804), (19, 0.794), (20, 0.248), (21, 0.682), (22, 0.362), (23, 0.3)]
[(24, 0.133), (25, 0.672), (26, 0.693), (27, 0.344), (28, 0.472), (29, 0.47), (30, 0.053), (31, 0.142)]
[(32, 0.543), (33, 0.092), (34, 0.199), (35, 0.465), (36, 0.026), (37, 0.08), (38, 0.305), (39, 0.885)]
[(40, 0.448), (41, 0.534), (42, 0.644), (43, 0.549), (44, 0.821), (45, 0.389), (46, 0.862), (47, 0.961)]
[(48, 0.625), (49, 0.739), (50, 0.292), (51, 0.268), (52, 0.771), (53, 0.736), (54, 0.072), (55, 0.98)]
[(56, 0.321), (57, 0.716), (58, 0.295), (59, 0.954), (60, 0.966), (61, 0.872), (62, 0.944), (63, 0.152)]
[(64, 0.092), (65, 0.828), (66, 0.899), (67, 0.389), (68, 0.559), (69, 0.655), (70, 0.644), (71, 0.944)]
[(72, 0.4), (73, 0.06), (74, 0.31), (75, 0.959), (76, 0.349), (77, 0.718), (78, 0.988), (79, 0.696)]
[(80, 0.137), (81, 0.871), (82, 0.445), (83, 0.699), (84, 0.605), (85, 0.212), (86, 0.627), (87, 0.4)]
[(88, 0.947), (89, 0.193), (90, 0.705), (91, 0.241), (92, 0.495), (93, 0.399), (94, 0.486), (95, 0.03)]
[(96, 0.906), (97, 0.175), (98, 0.56), (99, 0.475)]

step: 2, comm: 6

strategia:
[(98, 1), (98, 4)]
-------------------------------------------------------------------------------------

nodos:
[(0, 0.556), (1, 0.56), (2, 0.912), (3, 0.709), (4, 0.56), (5, 0.504), (6, 0.806), (7, 0.301)]
[(8, 0.04), (9, 0.182), (10, 0.978), (11, 0.046), (12, 0.327), (13, 0.556), (14, 0.486), (15, 0.024)]
[(16, 0.791), (17, 0.838), (18, 0.804), (19, 0.794), (20, 0.248), (21, 0.682), (22, 0.362), (23, 0.3)]
[(24, 0.133), (25, 0.672), (26, 0.693), (27, 0.344), (28, 0.472), (29, 0.47), (30, 0.053), (31, 0.142)]
[(32, 0.543), (33, 0.092), (34, 0.199), (35, 0.465), (36, 0.026), (37, 0.08), (38, 0.305), (39, 0.885)]
[(40, 0.448), (41, 0.534), (42, 0.644), (43, 0.549), (44, 0.821), (45, 0.389), (46, 0.862), (47, 0.961)]
[(48, 0.625), (49, 0.739), (50, 0.292), (51, 0.268), (52, 0.771), (53, 0.736), (54, 0.072), (55, 0.98)]
[(56, 0.321), (57, 0.716), (58, 0.295), (59, 0.954), (60, 0.966), (61, 0.872), (62, 0.944), (63, 0.152)]
[(64, 0.092), (65, 0.828), (66, 0.899), (67, 0.389), (68, 0.559), (69, 0.655), (70, 0.644), (71, 0.944)]
[(72, 0.4), (73, 0.06), (74, 0.31), (75, 0.959), (76, 0.349), (77, 0.718), (78, 0.988), (79, 0.696)]
[(80, 0.137), (81, 0.871), (82, 0.445), (83, 0.699), (84, 0.605), (85, 0.212), (86, 0.627), (87, 0.4)]
[(88, 0.947), (89, 0.193), (90, 0.705), (91, 0.241), (92, 0.495), (93, 0.399), (94, 0.486), (95, 0.03)]
[(96, 0.906), (97, 0.175), (98, 0.56), (99, 0.475)]

step: 3, comm: 7

strategia:
[(0, 13)]
-------------------------------------------------------------------------------------

nodos:
[(0, 0.556), (1, 0.56), (2, 0.912), (3, 0.709), (4, 0.56), (5, 0.504), (6, 0.806), (7, 0.301)]
[(8, 0.04), (9, 0.182), (10, 0.978), (11, 0.046), (12, 0.327), (13, 0.556), (14, 0.486), (15, 0.024)]
[(16, 0.791), (17, 0.838), (18, 0.804), (19, 0.794), (20, 0.248), (21, 0.682), (22, 0.362), (23, 0.3)]
[(24, 0.133), (25, 0.672), (26, 0.693), (27, 0.344), (28, 0.472), (29, 0.47), (30, 0.053), (31, 0.142)]
[(32, 0.543), (33, 0.092), (34, 0.199), (35, 0.465), (36, 0.026), (37, 0.08), (38, 0.305), (39, 0.885)]
[(40, 0.448), (41, 0.534), (42, 0.644), (43, 0.549), (44, 0.821), (45, 0.389), (46, 0.862), (47, 0.961)]
[(48, 0.625), (49, 0.739), (50, 0.292), (51, 0.268), (52, 0.771), (53, 0.736), (54, 0.072), (55, 0.98)]
[(56, 0.321), (57, 0.716), (58, 0.295), (59, 0.954), (60, 0.966), (61, 0.872), (62, 0.944), (63, 0.152)]
[(64, 0.092), (65, 0.828), (66, 0.899), (67, 0.389), (68, 0.559), (69, 0.655), (70, 0.644), (71, 0.944)]
[(72, 0.4), (73, 0.06), (74, 0.31), (75, 0.959), (76, 0.349), (77, 0.718), (78, 0.988), (79, 0.696)]
[(80, 0.137), (81, 0.871), (82, 0.445), (83, 0.699), (84, 0.605), (85, 0.212), (86, 0.627), (87, 0.4)]
[(88, 0.947), (89, 0.193), (90, 0.705), (91, 0.241), (92, 0.495), (93, 0.399), (94, 0.486), (95, 0.03)]
[(96, 0.906), (97, 0.175), (98, 0.56), (99, 0.475)]

step: 4, comm: 7

strategia:
-------------------------------------------------------------------------------------

nodos:
[(0, 0.556), (1, 0.56), (2, 0.912), (3, 0.709), (4, 0.56), (5, 0.504), (6, 0.806), (7, 0.301)]
[(8, 0.04), (9, 0.182), (10, 0.978), (11, 0.046), (12, 0.327), (13, 0.556), (14, 0.486), (15, 0.024)]
[(16, 0.791), (17, 0.838), (18, 0.804), (19, 0.794), (20, 0.248), (21, 0.682), (22, 0.362), (23, 0.3)]
[(24, 0.133), (25, 0.672), (26, 0.693), (27, 0.344), (28, 0.472), (29, 0.47), (30, 0.053), (31, 0.142)]
[(32, 0.543), (33, 0.092), (34, 0.199), (35, 0.465), (36, 0.026), (37, 0.08), (38, 0.305), (39, 0.885)]
[(40, 0.448), (41, 0.534), (42, 0.644), (43, 0.549), (44, 0.821), (45, 0.389), (46, 0.862), (47, 0.961)]
[(48, 0.625), (49, 0.739), (50, 0.292), (51, 0.268), (52, 0.771), (53, 0.736), (54, 0.072), (55, 0.98)]
[(56, 0.321), (57, 0.716), (58, 0.295), (59, 0.954), (60, 0.966), (61, 0.872), (62, 0.944), (63, 0.152)]
[(64, 0.092), (65, 0.828), (66, 0.899), (67, 0.389), (68, 0.559), (69, 0.655), (70, 0.644), (71, 0.944)]
[(72, 0.4), (73, 0.06), (74, 0.31), (75, 0.959), (76, 0.349), (77, 0.718), (78, 0.988), (79, 0.696)]
[(80, 0.137), (81, 0.871), (82, 0.445), (83, 0.699), (84, 0.605), (85, 0.212), (86, 0.627), (87, 0.4)]
[(88, 0.947), (89, 0.193), (90, 0.705), (91, 0.241), (92, 0.495), (93, 0.399), (94, 0.486), (95, 0.03)]
[(96, 0.906), (97, 0.175), (98, 0.56), (99, 0.475)]

step: 5, comm: 7

strategia:
-------------------------------------------------------------------------------------

nodos:
[(0, 0.556), (1, 0.56), (2, 0.912), (3, 0.709), (4, 0.56), (5, 0.504), (6, 0.806), (7, 0.301)]
[(8, 0.04), (9, 0.182), (10, 0.978), (11, 0.046), (12, 0.327), (13, 0.556), (14, 0.486), (15, 0.024)]
[(16, 0.791), (17, 0.838), (18, 0.804), (19, 0.794), (20, 0.248), (21, 0.682), (22, 0.362), (23, 0.3)]
[(24, 0.133), (25, 0.672), (26, 0.693), (27, 0.344), (28, 0.472), (29, 0.47), (30, 0.053), (31, 0.142)]
[(32, 0.543), (33, 0.092), (34, 0.199), (35, 0.465), (36, 0.026), (37, 0.08), (38, 0.305), (39, 0.885)]
[(40, 0.448), (41, 0.534), (42, 0.644), (43, 0.549), (44, 0.821), (45, 0.389), (46, 0.862), (47, 0.961)]
[(48, 0.625), (49, 0.739), (50, 0.292), (51, 0.268), (52, 0.771), (53, 0.736), (54, 0.072), (55, 0.98)]
[(56, 0.321), (57, 0.716), (58, 0.295), (59, 0.954), (60, 0.966), (61, 0.872), (62, 0.944), (63, 0.152)]
[(64, 0.092), (65, 0.828), (66, 0.899), (67, 0.389), (68, 0.559), (69, 0.655), (70, 0.644), (71, 0.944)]
[(72, 0.4), (73, 0.06), (74, 0.31), (75, 0.959), (76, 0.349), (77, 0.718), (78, 0.988), (79, 0.696)]
[(80, 0.137), (81, 0.871), (82, 0.445), (83, 0.699), (84, 0.605), (85, 0.212), (86, 0.627), (87, 0.4)]
[(88, 0.947), (89, 0.193), (90, 0.705), (91, 0.241), (92, 0.495), (93, 0.399), (94, 0.486), (95, 0.03)]
[(96, 0.906), (97, 0.175), (98, 0.56), (99, 0.475)]

step: 6, comm: 7

strategia:
-------------------------------------------------------------------------------------

nodos:
[(0, 0.556), (1, 0.56), (2, 0.912), (3, 0.709), (4, 0.56), (5, 0.56), (6, 0.806), (7, 0.301)]
[(8, 0.04), (9, 0.182), (10, 0.56), (11, 0.56), (12, 0.56), (13, 0.556), (14, 0.486), (15, 0.56)]
[(16, 0.56), (17, 0.56), (18, 0.56), (19, 0.794), (20, 0.248), (21, 0.556), (22, 0.362), (23, 0.3)]
[(24, 0.133), (25, 0.56), (26, 0.693), (27, 0.344), (28, 0.56), (29, 0.556), (30, 0.053), (31, 0.142)]
[(32, 0.543), (33, 0.092), (34, 0.199), (35, 0.556), (36, 0.026), (37, 0.08), (38, 0.305), (39, 0.885)]
[(40, 0.448), (41, 0.534), (42, 0.644), (43, 0.556), (44, 0.821), (45, 0.389), (46, 0.862), (47, 0.961)]
[(48, 0.556), (49, 0.739), (50, 0.292), (51, 0.268), (52, 0.771), (53, 0.736), (54, 0.072), (55, 0.98)]
[(56, 0.321), (57, 0.716), (58, 0.295), (59, 0.954), (60, 0.966), (61, 0.872), (62, 0.944), (63, 0.152)]
[(64, 0.092), (65, 0.828), (66, 0.899), (67, 0.389), (68, 0.559), (69, 0.655), (70, 0.644), (71, 0.944)]
[(72, 0.4), (73, 0.06), (74, 0.31), (75, 0.959), (76, 0.349), (77, 0.718), (78, 0.988), (79, 0.696)]
[(80, 0.137), (81, 0.871), (82, 0.445), (83, 0.699), (84, 0.605), (85, 0.212), (86, 0.627), (87, 0.4)]
[(88, 0.947), (89, 0.193), (90, 0.705), (91, 0.241), (92, 0.495), (93, 0.399), (94, 0.486), (95, 0.03)]
[(96, 0.906), (97, 0.175), (98, 0.56), (99, 0.475)]

step: 7, comm: 22

strategia:
[(1, 10), (1, 11), (1, 12), (1, 15), (1, 17), (4, 5), (4, 16), (4, 18), (4, 25), (4, 28)]
[(13, 21), (13, 29), (13, 35), (13, 43), (13, 48)]
-------------------------------------------------------------------------------------

nodos:
[(0, 0.556), (1, 0.56), (2, 0.912), (3, 0.709), (4, 0.56), (5, 0.56), (6, 0.806), (7, 0.56)]
[(8, 0.04), (9, 0.182), (10, 0.56), (11, 0.56), (12, 0.56), (13, 0.556), (14, 0.56), (15, 0.56)]
[(16, 0.56), (17, 0.56), (18, 0.56), (19, 0.56), (20, 0.56), (21, 0.556), (22, 0.56), (23, 0.56)]
[(24, 0.56), (25, 0.56), (26, 0.56), (27, 0.56), (28, 0.56), (29, 0.556), (30, 0.56), (31, 0.56)]
[(32, 0.56), (33, 0.56), (34, 0.199), (35, 0.556), (36, 0.026), (37, 0.08), (38, 0.305), (39, 0.885)]
[(40, 0.56), (41, 0.556), (42, 0.556), (43, 0.556), (44, 0.821), (45, 0.56), (46, 0.862), (47, 0.961)]
[(48, 0.556), (49, 0.556), (50, 0.556), (51, 0.556), (52, 0.56), (53, 0.736), (54, 0.556), (55, 0.98)]
[(56, 0.556), (57, 0.556), (58, 0.295), (59, 0.954), (60, 0.966), (61, 0.872), (62, 0.556), (63, 0.152)]
[(64, 0.092), (65, 0.828), (66, 0.899), (67, 0.389), (68, 0.559), (69, 0.655), (70, 0.644), (71, 0.944)]
[(72, 0.4), (73, 0.06), (74, 0.31), (75, 0.959), (76, 0.349), (77, 0.718), (78, 0.988), (79, 0.696)]
[(80, 0.137), (81, 0.871), (82, 0.445), (83, 0.699), (84, 0.605), (85, 0.212), (86, 0.627), (87, 0.4)]
[(88, 0.947), (89, 0.193), (90, 0.705), (91, 0.241), (92, 0.495), (93, 0.399), (94, 0.486), (95, 0.03)]
[(96, 0.906), (97, 0.175), (98, 0.56), (99, 0.475)]

step: 8, comm: 47

strategia:
[(5, 7), (5, 14), (5, 19), (5, 20), (5, 22), (10, 23), (10, 24), (11, 26), (12, 27), (12, 30)]
[(16, 31), (16, 32), (17, 33), (21, 41), (21, 42), (25, 40), (25, 45), (25, 52), (35, 50), (35, 57)]
[(35, 62), (43, 49), (43, 51), (48, 54), (48, 56)]
-------------------------------------------------------------------------------------

nodos:
[(0, 0.556), (1, 0.56), (2, 0.912), (3, 0.709), (4, 0.56), (5, 0.56), (6, 0.806), (7, 0.56)]
[(8, 0.56), (9, 0.182), (10, 0.56), (11, 0.56), (12, 0.56), (13, 0.556), (14, 0.56), (15, 0.56)]
[(16, 0.56), (17, 0.56), (18, 0.56), (19, 0.56), (20, 0.56), (21, 0.556), (22, 0.56), (23, 0.56)]
[(24, 0.56), (25, 0.56), (26, 0.56), (27, 0.56), (28, 0.56), (29, 0.556), (30, 0.56), (31, 0.56)]
[(32, 0.56), (33, 0.56), (34, 0.56), (35, 0.556), (36, 0.56), (37, 0.56), (38, 0.56), (39, 0.56)]
[(40, 0.56), (41, 0.556), (42, 0.556), (43, 0.556), (44, 0.821), (45, 0.56), (46, 0.56), (47, 0.56)]
[(48, 0.556), (49, 0.556), (50, 0.556), (51, 0.556), (52, 0.56), (53, 0.56), (54, 0.556), (55, 0.56)]
[(56, 0.556), (57, 0.556), (58, 0.556), (59, 0.556), (60, 0.56), (61, 0.556), (62, 0.556), (63, 0.556)]
[(64, 0.56), (65, 0.556), (66, 0.556), (67, 0.389), (68, 0.556), (69, 0.556), (70, 0.556), (71, 0.944)]
[(72, 0.556), (73, 0.556), (74, 0.31), (75, 0.959), (76, 0.556), (77, 0.718), (78, 0.988), (79, 0.696)]
[(80, 0.556), (81, 0.871), (82, 0.445), (83, 0.699), (84, 0.605), (85, 0.212), (86, 0.627), (87, 0.4)]
[(88, 0.947), (89, 0.193), (90, 0.705), (91, 0.241), (92, 0.495), (93, 0.399), (94, 0.486), (95, 0.03)]
[(96, 0.906), (97, 0.175), (98, 0.56), (99, 0.475)]

step: 9, comm: 72

strategia:
[(7, 8), (23, 46), (24, 34), (27, 36), (27, 37), (27, 47), (27, 53), (30, 39), (33, 38), (40, 60)]
[(40, 64), (41, 59), (41, 61), (45, 55), (49, 66), (49, 70), (49, 80), (51, 58), (51, 72), (51, 73)]
[(54, 69), (56, 65), (56, 68), (57, 63), (62, 76)]
-------------------------------------------------------------------------------------

nodos:
[(0, 0.556), (1, 0.56), (2, 0.912), (3, 0.709), (4, 0.56), (5, 0.56), (6, 0.806), (7, 0.56)]
[(8, 0.56), (9, 0.182), (10, 0.56), (11, 0.56), (12, 0.56), (13, 0.556), (14, 0.56), (15, 0.56)]
[(16, 0.56), (17, 0.56), (18, 0.56), (19, 0.56), (20, 0.56), (21, 0.556), (22, 0.56), (23, 0.56)]
[(24, 0.56), (25, 0.56), (26, 0.56), (27, 0.56), (28, 0.56), (29, 0.556), (30, 0.56), (31, 0.56)]
[(32, 0.56), (33, 0.56), (34, 0.56), (35, 0.556), (36, 0.56), (37, 0.56), (38, 0.56), (39, 0.56)]
[(40, 0.56), (41, 0.556), (42, 0.556), (43, 0.556), (44, 0.56), (45, 0.56), (46, 0.56), (47, 0.56)]
[(48, 0.556), (49, 0.556), (50, 0.556), (51, 0.556), (52, 0.56), (53, 0.56), (54, 0.556), (55, 0.56)]
[(56, 0.556), (57, 0.556), (58, 0.556), (59, 0.556), (60, 0.56), (61, 0.556), (62, 0.556), (63, 0.556)]
[(64, 0.56), (65, 0.556), (66, 0.556), (67, 0.556), (68, 0.556), (69, 0.556), (70, 0.556), (71, 0.556)]
[(72, 0.556), (73, 0.556), (74, 0.556), (75, 0.56), (76, 0.556), (77, 0.556), (78, 0.556), (79, 0.696)]
[(80, 0.556), (81, 0.556), (82, 0.556), (83, 0.556), (84, 0.556), (85, 0.556), (86, 0.556), (87, 0.4)]
[(88, 0.947), (89, 0.193), (90, 0.556), (91, 0.241), (92, 0.495), (93, 0.399), (94, 0.556), (95, 0.03)]
[(96, 0.906), (97, 0.556), (98, 0.556), (99, 0.556)]

step: 10, comm: 91

strategia:
[(37, 44), (58, 67), (59, 77), (59, 81), (60, 75), (65, 71), (65, 74), (65, 84), (66, 78), (69, 85)]
[(69, 86), (69, 94), (69, 99), (70, 90), (72, 83), (72, 98), (80, 0), (80, 82), (80, 97)]
-------------------------------------------------------------------------------------

nodos:
[(0, 0.556), (1, 0.56), (2, 0.912), (3, 0.556), (4, 0.56), (5, 0.56), (6, 0.556), (7, 0.56)]
[(8, 0.56), (9, 0.556), (10, 0.56), (11, 0.56), (12, 0.56), (13, 0.556), (14, 0.56), (15, 0.56)]
[(16, 0.56), (17, 0.56), (18, 0.56), (19, 0.56), (20, 0.56), (21, 0.556), (22, 0.56), (23, 0.56)]
[(24, 0.56), (25, 0.56), (26, 0.56), (27, 0.56), (28, 0.56), (29, 0.556), (30, 0.56), (31, 0.56)]
[(32, 0.56), (33, 0.56), (34, 0.56), (35, 0.556), (36, 0.56), (37, 0.56), (38, 0.56), (39, 0.56)]
[(40, 0.56), (41, 0.556), (42, 0.556), (43, 0.556), (44, 0.56), (45, 0.56), (46, 0.56), (47, 0.56)]
[(48, 0.556), (49, 0.556), (50, 0.556), (51, 0.556), (52, 0.56), (53, 0.56), (54, 0.556), (55, 0.56)]
[(56, 0.556), (57, 0.556), (58, 0.556), (59, 0.556), (60, 0.56), (61, 0.556), (62, 0.556), (63, 0.556)]
[(64, 0.56), (65, 0.556), (66, 0.556), (67, 0.556), (68, 0.556), (69, 0.556), (70, 0.556), (71, 0.556)]
[(72, 0.556), (73, 0.556), (74, 0.556), (75, 0.56), (76, 0.556), (77, 0.556), (78, 0.556), (79, 0.556)]
[(80, 0.556), (81, 0.556), (82, 0.556), (83, 0.556), (84, 0.556), (85, 0.556), (86, 0.556), (87, 0.556)]
[(88, 0.556), (89, 0.556), (90, 0.556), (91, 0.56), (92, 0.556), (93, 0.556), (94, 0.556), (95, 0.556)]
[(96, 0.56), (97, 0.556), (98, 0.556), (99, 0.556)]

step: 11, comm: 103

strategia:
[(0, 9), (74, 79), (75, 91), (75, 96), (77, 88), (81, 89), (81, 93), (84, 87), (86, 92), (86, 95)]
[(98, 3), (99, 6)]
-------------------------------------------------------------------------------------

nodos:
[(0, 0.556), (1, 0.56), (2, 0.556), (3, 0.556), (4, 0.56), (5, 0.56), (6, 0.556), (7, 0.56)]
[(8, 0.56), (9, 0.556), (10, 0.56), (11, 0.56), (12, 0.56), (13, 0.556), (14, 0.56), (15, 0.56)]
[(16, 0.56), (17, 0.56), (18, 0.56), (19, 0.56), (20, 0.56), (21, 0.556), (22, 0.56), (23, 0.56)]
[(24, 0.56), (25, 0.56), (26, 0.56), (27, 0.56), (28, 0.56), (29, 0.556), (30, 0.56), (31, 0.56)]
[(32, 0.56), (33, 0.56), (34, 0.56), (35, 0.556), (36, 0.56), (37, 0.56), (38, 0.56), (39, 0.56)]
[(40, 0.56), (41, 0.556), (42, 0.556), (43, 0.556), (44, 0.56), (45, 0.56), (46, 0.56), (47, 0.56)]
[(48, 0.556), (49, 0.556), (50, 0.556), (51, 0.556), (52, 0.56), (53, 0.56), (54, 0.556), (55, 0.56)]
[(56, 0.556), (57, 0.556), (58, 0.556), (59, 0.556), (60, 0.56), (61, 0.556), (62, 0.556), (63, 0.556)]
[(64, 0.56), (65, 0.556), (66, 0.556), (67, 0.556), (68, 0.556), (69, 0.556), (70, 0.556), (71, 0.556)]
[(72, 0.556), (73, 0.556), (74, 0.556), (75, 0.56), (76, 0.556), (77, 0.556), (78, 0.556), (79, 0.556)]
[(80, 0.556), (81, 0.556), (82, 0.556), (83, 0.556), (84, 0.556), (85, 0.556), (86, 0.556), (87, 0.556)]
[(88, 0.556), (89, 0.556), (90, 0.556), (91, 0.56), (92, 0.556), (93, 0.556), (94, 0.556), (95, 0.556)]
[(96, 0.56), (97, 0.556), (98, 0.556), (99, 0.556)]

step: 12, comm: 104

strategia:
[(95, 2)]
-------------------------------------------------------------------------------------

=====================================================================================

Grafo 4

radio: 6.0
nodos:
[(0, 0.401), (1, 0.874), (2, 0.892), (3, 0.932), (4, 0.754), (5, 0.415), (6, 0.73), (7, 0.752)]
[(8, 0.873), (9, 0.47), (10, 0.827), (11, 0.513), (12, 0.646), (13, 0.795), (14, 0.245), (15, 0.766)]
[(16, 0.862), (17, 0.965), (18, 0.901), (19, 0.828), (20, 0.294), (21, 0.341), (22, 0.998), (23, 0.013)]
[(24, 0.869), (25, 0.293), (26, 0.432), (27, 0.249), (28, 0.73), (29, 0.632), (30, 0.109), (31, 0.816)]
[(32, 0.322), (33, 0.686), (34, 0.953), (35, 0.006), (36, 0.72), (37, 0.526), (38, 0.135), (39, 0.783)]
[(40, 0.841), (41, 0.535), (42, 0.455), (43, 0.72), (44, 0.395), (45, 0.726), (46, 0.257), (47, 0.777)]
[(48, 0.351), (49, 0.725), (50, 0.819), (51, 0.617), (52, 0.46), (53, 0.592), (54, 0.104), (55, 0.34)]
[(56, 0.542), (57, 0.967), (58, 0.428), (59, 0.618), (60, 0.95), (61, 0.401), (62, 0.973), (63, 0.448)]
[(64, 0.089), (65, 0.637), (66, 0.459), (67, 0.532), (68, 0.231), (69, 0.646), (70, 0.028), (71, 0.154)]
[(72, 0.042), (73, 0.683), (74, 0.879), (75, 0.703), (76, 0.794), (77, 0.915), (78, 0.949), (79, 0.419)]
[(80, 0.559), (81, 0.412), (82, 0.217), (83, 0.764), (84, 0.25), (85, 0.127), (86, 0.197), (87, 0.146)]
[(88, 0.436), (89, 0.766), (90, 0.188), (91, 0.993), (92, 0.293), (93, 0.195), (94, 0.446), (95, 0.348)]
[(96, 0.146), (97, 0.703), (98, 0.149), (99, 0.505)]

step: 0, comm: 0

strategia:
-------------------------------------------------------------------------------------

nodos:
[(0, 0.537), (1, 0.874), (2, 0.892), (3, 0.932), (4, 0.754), (5, 0.415), (6, 0.73), (7, 0.752)]
[(8, 0.873), (9, 0.47), (10, 0.827), (11, 0.513), (12, 0.646), (13, 0.795), (14, 0.245), (15, 0.766)]
[(16, 0.862), (17, 0.965), (18, 0.901), (19, 0.828), (20, 0.294), (21, 0.341), (22, 0.847), (23, 0.013)]
[(24, 0.869), (25, 0.293), (26, 0.432), (27, 0.249), (28, 0.73), (29, 0.632), (30, 0.109), (31, 0.816)]
[(32, 0.322), (33, 0.686), (34, 0.953), (35, 0.006), (36, 0.72), (37, 0.526), (38, 0.135), (39, 0.783)]
[(40, 0.841), (41, 0.535), (42, 0.455), (43, 0.72), (44, 0.847), (45, 0.726), (46, 0.257), (47, 0.777)]
[(48, 0.351), (49, 0.725), (50, 0.819), (51, 0.617), (52, 0.46), (53, 0.592), (54, 0.104), (55, 0.34)]
[(56, 0.542), (57, 0.967), (58, 0.428), (59, 0.618), (60, 0.95), (61, 0.401), (62, 0.973), (63, 0.448)]
[(64, 0.089), (65, 0.637), (66, 0.459), (67, 0.532), (68, 0.231), (69, 0.646), (70, 0.028), (71, 0.154)]
[(72, 0.042), (73, 0.683), (74, 0.879), (75, 0.703), (76, 0.794), (77, 0.915), (78, 0.949), (79, 0.419)]
[(80, 0.559), (81, 0.412), (82, 0.217), (83, 0.764), (84, 0.25), (85, 0.127), (86, 0.197), (87, 0.146)]
[(88, 0.436), (89, 0.766), (90, 0.188), (91, 0.993), (92, 0.293), (93, 0.195), (94, 0.446), (95, 0.348)]
[(96, 0.146), (97, 0.703), (98, 0.149), (99, 0.505)]

step: 1, comm: 8

strategia:
[(15, 22), (18, 22), (31, 44), (34, 44), (43, 44), (88, 0), (89, 0), (94, 0)]
-------------------------------------------------------------------------------------

nodos:
[(0, 0.766), (1, 0.874), (2, 0.892), (3, 0.932), (4, 0.754), (5, 0.415), (6, 0.73), (7, 0.752)]
[(8, 0.873), (9, 0.47), (10, 0.827), (11, 0.513), (12, 0.646), (13, 0.795), (14, 0.245), (15, 0.766)]
[(16, 0.862), (17, 0.965), (18, 0.901), (19, 0.828), (20, 0.294), (21, 0.341), (22, 0.766), (23, 0.013)]
[(24, 0.869), (25, 0.293), (26, 0.432), (27, 0.249), (28, 0.73), (29, 0.632), (30, 0.109), (31, 0.816)]
[(32, 0.322), (33, 0.686), (34, 0.953), (35, 0.006), (36, 0.72), (37, 0.526), (38, 0.135), (39, 0.783)]
[(40, 0.841), (41, 0.535), (42, 0.455), (43, 0.72), (44, 0.765), (45, 0.726), (46, 0.257), (47, 0.777)]
[(48, 0.351), (49, 0.725), (50, 0.819), (51, 0.617), (52, 0.46), (53, 0.592), (54, 0.104), (55, 0.34)]
[(56, 0.542), (57, 0.967), (58, 0.428), (59, 0.618), (60, 0.95), (61, 0.401), (62, 0.973), (63, 0.448)]
[(64, 0.089), (65, 0.637), (66, 0.459), (67, 0.532), (68, 0.231), (69, 0.646), (70, 0.028), (71, 0.154)]
[(72, 0.042), (73, 0.683), (74, 0.879), (75, 0.703), (76, 0.794), (77, 0.915), (78, 0.949), (79, 0.419)]
[(80, 0.559), (81, 0.412), (82, 0.217), (83, 0.764), (84, 0.25), (85, 0.127), (86, 0.197), (87, 0.146)]
[(88, 0.436), (89, 0.766), (90, 0.188), (91, 0.993), (92, 0.293), (93, 0.195), (94, 0.446), (95, 0.348)]
[(96, 0.146), (97, 0.703), (98, 0.149), (99, 0.505)]

step: 2, comm: 12

strategia:
[(15, 22), (31, 44), (43, 44), (89, 0)]
-------------------------------------------------------------------------------------

nodos:
[(0, 0.766), (1, 0.874), (2, 0.892), (3, 0.932), (4, 0.754), (5, 0.415), (6, 0.73), (7, 0.752)]
[(8, 0.873), (9, 0.47), (10, 0.827), (11, 0.513), (12, 0.646), (13, 0.795), (14, 0.245), (15, 0.766)]
[(16, 0.862), (17, 0.965), (18, 0.901), (19, 0.828), (20, 0.294), (21, 0.341), (22, 0.766), (23, 0.013)]
[(24, 0.869), (25, 0.293), (26, 0.432), (27, 0.249), (28, 0.73), (29, 0.632), (30, 0.109), (31, 0.816)]
[(32, 0.322), (33, 0.686), (34, 0.953), (35, 0.006), (36, 0.72), (37, 0.526), (38, 0.135), (39, 0.783)]
[(40, 0.841), (41, 0.535), (42, 0.455), (43, 0.72), (44, 0.765), (45, 0.726), (46, 0.257), (47, 0.777)]
[(48, 0.351), (49, 0.725), (50, 0.819), (51, 0.617), (52, 0.46), (53, 0.592), (54, 0.104), (55, 0.34)]
[(56, 0.542), (57, 0.967), (58, 0.428), (59, 0.618), (60, 0.95), (61, 0.401), (62, 0.973), (63, 0.448)]
[(64, 0.089), (65, 0.637), (66, 0.459), (67, 0.532), (68, 0.231), (69, 0.646), (70, 0.028), (71, 0.154)]
[(72, 0.042), (73, 0.683), (74, 0.879), (75, 0.703), (76, 0.794), (77, 0.915), (78, 0.949), (79, 0.419)]
[(80, 0.559), (81, 0.412), (82, 0.217), (83, 0.764), (84, 0.25), (85, 0.127), (86, 0.197), (87, 0.146)]
[(88, 0.436), (89, 0.766), (90, 0.188), (91, 0.993), (92, 0.293), (93, 0.195), (94, 0.446), (95, 0.348)]
[(96, 0.146), (97, 0.703), (98, 0.149), (99, 0.505)]

step: 3, comm: 12

strategia:
-------------------------------------------------------------------------------------

nodos:
[(0, 0.766), (1, 0.874), (2, 0.892), (3, 0.932), (4, 0.754), (5, 0.415), (6, 0.73), (7, 0.752)]
[(8, 0.873), (9, 0.47), (10, 0.827), (11, 0.513), (12, 0.646), (13, 0.795), (14, 0.245), (15, 0.766)]
[(16, 0.862), (17, 0.965), (18, 0.901), (19, 0.828), (20, 0.294), (21, 0.341), (22, 0.766), (23, 0.013)]
[(24, 0.869), (25, 0.293), (26, 0.432), (27, 0.249), (28, 0.73), (29, 0.632), (30, 0.109), (31, 0.816)]
[(32, 0.322), (33, 0.686), (34, 0.953), (35, 0.006), (36, 0.72), (37, 0.526), (38, 0.135), (39, 0.783)]
[(40, 0.841), (41, 0.535), (42, 0.455), (43, 0.72), (44, 0.765), (45, 0.726), (46, 0.257), (47, 0.777)]
[(48, 0.351), (49, 0.725), (50, 0.819), (51, 0.617), (52, 0.46), (53, 0.592), (54, 0.104), (55, 0.34)]
[(56, 0.542), (57, 0.967), (58, 0.428), (59, 0.618), (60, 0.95), (61, 0.401), (62, 0.973), (63, 0.448)]
[(64, 0.089), (65, 0.637), (66, 0.459), (67, 0.532), (68, 0.231), (69, 0.646), (70, 0.028), (71, 0.154)]
[(72, 0.042), (73, 0.683), (74, 0.879), (75, 0.703), (76, 0.794), (77, 0.915), (78, 0.949), (79, 0.419)]
[(80, 0.559), (81, 0.412), (82, 0.217), (83, 0.764), (84, 0.25), (85, 0.127), (86, 0.197), (87, 0.146)]
[(88, 0.436), (89, 0.766), (90, 0.188), (91, 0.993), (92, 0.293), (93, 0.195), (94, 0.446), (95, 0.348)]
[(96, 0.146), (97, 0.703), (98, 0.149), (99, 0.505)]

step: 4, comm: 12

strategia:
-------------------------------------------------------------------------------------

nodos:
[(0, 0.766), (1, 0.874), (2, 0.892), (3, 0.932), (4, 0.754), (5, 0.415), (6, 0.73), (7, 0.752)]
[(8, 0.873), (9, 0.47), (10, 0.827), (11, 0.513), (12, 0.646), (13, 0.795), (14, 0.245), (15, 0.766)]
[(16, 0.862), (17, 0.965), (18, 0.901), (19, 0.828), (20, 0.294), (21, 0.341), (22, 0.766), (23, 0.013)]
[(24, 0.869), (25, 0.293), (26, 0.432), (27, 0.249), (28, 0.73), (29, 0.632), (30, 0.109), (31, 0.816)]
[(32, 0.322), (33, 0.686), (34, 0.953), (35, 0.006), (36, 0.72), (37, 0.526), (38, 0.135), (39, 0.783)]
[(40, 0.841), (41, 0.535), (42, 0.455), (43, 0.72), (44, 0.765), (45, 0.726), (46, 0.257), (47, 0.777)]
[(48, 0.351), (49, 0.725), (50, 0.819), (51, 0.617), (52, 0.46), (53, 0.592), (54, 0.104), (55, 0.34)]
[(56, 0.542), (57, 0.967), (58, 0.428), (59, 0.618), (60, 0.95), (61, 0.401), (62, 0.973), (63, 0.448)]
[(64, 0.089), (65, 0.637), (66, 0.459), (67, 0.532), (68, 0.231), (69, 0.646), (70, 0.028), (71, 0.154)]
[(72, 0.042), (73, 0.683), (74, 0.879), (75, 0.703), (76, 0.794), (77, 0.915), (78, 0.949), (79, 0.419)]
[(80, 0.559), (81, 0.412), (82, 0.217), (83, 0.764), (84, 0.25), (85, 0.127), (86, 0.197), (87, 0.146)]
[(88, 0.436), (89, 0.766), (90, 0.188), (91, 0.993), (92, 0.293), (93, 0.195), (94, 0.446), (95, 0.348)]
[(96, 0.146), (97, 0.703), (98, 0.149), (99, 0.505)]

step: 5, comm: 12

strategia:
-------------------------------------------------------------------------------------

nodos:
[(0, 0.766), (1, 0.874), (2, 0.892), (3, 0.932), (4, 0.754), (5, 0.415), (6, 0.73), (7, 0.752)]
[(8, 0.873), (9, 0.47), (10, 0.827), (11, 0.513), (12, 0.646), (13, 0.795), (14, 0.245), (15, 0.766)]
[(16, 0.862), (17, 0.965), (18, 0.901), (19, 0.828), (20, 0.294), (21, 0.341), (22, 0.766), (23, 0.013)]
[(24, 0.869), (25, 0.293), (26, 0.432), (27, 0.249), (28, 0.73), (29, 0.632), (30, 0.109), (31, 0.816)]
[(32, 0.322), (33, 0.686), (34, 0.953), (35, 0.006), (36, 0.72), (37, 0.526), (38, 0.135), (39, 0.783)]
[(40, 0.841), (41, 0.535), (42, 0.455), (43, 0.72), (44, 0.765), (45, 0.726), (46, 0.257), (47, 0.777)]
[(48, 0.351), (49, 0.725), (50, 0.819), (51, 0.617), (52, 0.46), (53, 0.592), (54, 0.104), (55, 0.34)]
[(56, 0.542), (57, 0.967), (58, 0.428), (59, 0.618), (60, 0.95), (61, 0.401), (62, 0.973), (63, 0.448)]
[(64, 0.089), (65, 0.637), (66, 0.459), (67, 0.532), (68, 0.231), (69, 0.646), (70, 0.028), (71, 0.154)]
[(72, 0.042), (73, 0.683), (74, 0.879), (75, 0.703), (76, 0.794), (77, 0.915), (78, 0.949), (79, 0.419)]
[(80, 0.559), (81, 0.412), (82, 0.217), (83, 0.764), (84, 0.25), (85, 0.127), (86, 0.197), (87, 0.146)]
[(88, 0.436), (89, 0.766), (90, 0.188), (91, 0.993), (92, 0.293), (93, 0.195), (94, 0.446), (95, 0.348)]
[(96, 0.146), (97, 0.703), (98, 0.149), (99, 0.505)]

step: 6, comm: 12

strategia:
-------------------------------------------------------------------------------------

nodos:
[(0, 0.766), (1, 0.766), (2, 0.892), (3, 0.932), (4, 0.754), (5, 0.415), (6, 0.73), (7, 0.752)]
[(8, 0.766), (9, 0.47), (10, 0.766), (11, 0.513), (12, 0.766), (13, 0.795), (14, 0.766), (15, 0.766)]
[(16, 0.862), (17, 0.965), (18, 0.901), (19, 0.828), (20, 0.294), (21, 0.341), (22, 0.766), (23, 0.013)]
[(24, 0.869), (25, 0.293), (26, 0.432), (27, 0.249), (28, 0.73), (29, 0.632), (30, 0.766), (31, 0.816)]
[(32, 0.322), (33, 0.766), (34, 0.953), (35, 0.006), (36, 0.72), (37, 0.526), (38, 0.135), (39, 0.783)]
[(40, 0.841), (41, 0.766), (42, 0.766), (43, 0.766), (44, 0.765), (45, 0.765), (46, 0.257), (47, 0.777)]
[(48, 0.351), (49, 0.725), (50, 0.819), (51, 0.617), (52, 0.46), (53, 0.592), (54, 0.104), (55, 0.34)]
[(56, 0.542), (57, 0.967), (58, 0.428), (59, 0.765), (60, 0.95), (61, 0.401), (62, 0.765), (63, 0.448)]
[(64, 0.089), (65, 0.765), (66, 0.765), (67, 0.532), (68, 0.231), (69, 0.646), (70, 0.028), (71, 0.154)]
[(72, 0.042), (73, 0.683), (74, 0.879), (75, 0.703), (76, 0.794), (77, 0.915), (78, 0.949), (79, 0.419)]
[(80, 0.559), (81, 0.412), (82, 0.217), (83, 0.764), (84, 0.25), (85, 0.127), (86, 0.197), (87, 0.146)]
[(88, 0.436), (89, 0.766), (90, 0.188), (91, 0.993), (92, 0.293), (93, 0.195), (94, 0.446), (95, 0.348)]
[(96, 0.146), (97, 0.703), (98, 0.149), (99, 0.505)]

step: 7, comm: 27

strategia:
[(0, 1), (0, 8), (0, 10), (0, 12), (0, 14), (22, 30), (22, 33), (22, 41), (22, 42), (22, 43)]
[(44, 45), (44, 59), (44, 62), (44, 65), (44, 66)]
-------------------------------------------------------------------------------------

nodos:
[(0, 0.766), (1, 0.766), (2, 0.892), (3, 0.932), (4, 0.754), (5, 0.415), (6, 0.73), (7, 0.766)]
[(8, 0.766), (9, 0.766), (10, 0.766), (11, 0.513), (12, 0.766), (13, 0.766), (14, 0.766), (15, 0.766)]
[(16, 0.766), (17, 0.766), (18, 0.766), (19, 0.766), (20, 0.294), (21, 0.341), (22, 0.766), (23, 0.766)]
[(24, 0.869), (25, 0.293), (26, 0.432), (27, 0.766), (28, 0.766), (29, 0.632), (30, 0.766), (31, 0.766)]
[(32, 0.766), (33, 0.766), (34, 0.766), (35, 0.766), (36, 0.72), (37, 0.526), (38, 0.135), (39, 0.783)]
[(40, 0.766), (41, 0.766), (42, 0.766), (43, 0.766), (44, 0.765), (45, 0.765), (46, 0.257), (47, 0.766)]
[(48, 0.351), (49, 0.765), (50, 0.766), (51, 0.617), (52, 0.46), (53, 0.765), (54, 0.766), (55, 0.766)]
[(56, 0.542), (57, 0.967), (58, 0.428), (59, 0.765), (60, 0.765), (61, 0.401), (62, 0.765), (63, 0.448)]
[(64, 0.089), (65, 0.765), (66, 0.765), (67, 0.765), (68, 0.765), (69, 0.765), (70, 0.028), (71, 0.765)]
[(72, 0.765), (73, 0.683), (74, 0.765), (75, 0.765), (76, 0.794), (77, 0.765), (78, 0.949), (79, 0.419)]
[(80, 0.765), (81, 0.765), (82, 0.765), (83, 0.764), (84, 0.25), (85, 0.127), (86, 0.197), (87, 0.146)]
[(88, 0.436), (89, 0.766), (90, 0.188), (91, 0.993), (92, 0.293), (93, 0.195), (94, 0.446), (95, 0.348)]
[(96, 0.146), (97, 0.703), (98, 0.149), (99, 0.505)]

step: 8, comm: 61

strategia:
[(1, 7), (1, 9), (8, 13), (10, 15), (10, 18), (10, 19), (12, 16), (12, 17), (14, 23), (14, 27)]
[(14, 28), (14, 31), (30, 32), (30, 34), (30, 35), (33, 40), (42, 47), (42, 50), (42, 55), (43, 54)]
[(45, 49), (45, 53), (45, 60), (59, 67), (59, 69), (59, 71), (59, 77), (62, 68), (65, 72), (65, 74)]
[(65, 80), (65, 81), (65, 82), (66, 75)]
-------------------------------------------------------------------------------------

nodos:
[(0, 0.766), (1, 0.766), (2, 0.892), (3, 0.932), (4, 0.754), (5, 0.415), (6, 0.73), (7, 0.766)]
[(8, 0.766), (9, 0.766), (10, 0.766), (11, 0.513), (12, 0.766), (13, 0.766), (14, 0.766), (15, 0.766)]
[(16, 0.766), (17, 0.766), (18, 0.766), (19, 0.766), (20, 0.766), (21, 0.766), (22, 0.766), (23, 0.766)]
[(24, 0.869), (25, 0.293), (26, 0.766), (27, 0.766), (28, 0.766), (29, 0.766), (30, 0.766), (31, 0.766)]
[(32, 0.766), (33, 0.766), (34, 0.766), (35, 0.766), (36, 0.766), (37, 0.766), (38, 0.135), (39, 0.766)]
[(40, 0.766), (41, 0.766), (42, 0.766), (43, 0.766), (44, 0.765), (45, 0.765), (46, 0.766), (47, 0.766)]
[(48, 0.766), (49, 0.765), (50, 0.766), (51, 0.617), (52, 0.46), (53, 0.765), (54, 0.766), (55, 0.766)]
[(56, 0.542), (57, 0.967), (58, 0.766), (59, 0.765), (60, 0.765), (61, 0.765), (62, 0.765), (63, 0.448)]
[(64, 0.766), (65, 0.765), (66, 0.765), (67, 0.765), (68, 0.765), (69, 0.765), (70, 0.766), (71, 0.765)]
[(72, 0.765), (73, 0.766), (74, 0.765), (75, 0.765), (76, 0.794), (77, 0.765), (78, 0.765), (79, 0.765)]
[(80, 0.765), (81, 0.765), (82, 0.765), (83, 0.765), (84, 0.765), (85, 0.765), (86, 0.765), (87, 0.765)]
[(88, 0.765), (89, 0.765), (90, 0.765), (91, 0.765), (92, 0.293), (93, 0.195), (94, 0.765), (95, 0.348)]
[(96, 0.765), (97, 0.765), (98, 0.149), (99, 0.505)]

step: 9, comm: 89

strategia:
[(9, 21), (13, 20), (18, 26), (18, 36), (23, 37), (23, 39), (23, 70), (28, 29), (31, 46), (35, 48)]
[(47, 64), (49, 61), (54, 73), (55, 58), (68, 78), (68, 91), (68, 94), (69, 83), (69, 88), (71, 86)]
[(72, 79), (74, 90), (75, 89), (77, 87), (80, 85), (81, 84), (82, 96), (82, 97)]
-------------------------------------------------------------------------------------

nodos:
[(0, 0.766), (1, 0.766), (2, 0.765), (3, 0.765), (4, 0.765), (5, 0.415), (6, 0.765), (7, 0.766)]
[(8, 0.766), (9, 0.766), (10, 0.766), (11, 0.513), (12, 0.766), (13, 0.766), (14, 0.766), (15, 0.766)]
[(16, 0.766), (17, 0.766), (18, 0.766), (19, 0.766), (20, 0.766), (21, 0.766), (22, 0.766), (23, 0.766)]
[(24, 0.869), (25, 0.766), (26, 0.766), (27, 0.766), (28, 0.766), (29, 0.766), (30, 0.766), (31, 0.766)]
[(32, 0.766), (33, 0.766), (34, 0.766), (35, 0.766), (36, 0.766), (37, 0.766), (38, 0.766), (39, 0.766)]
[(40, 0.766), (41, 0.766), (42, 0.766), (43, 0.766), (44, 0.765), (45, 0.765), (46, 0.766), (47, 0.766)]
[(48, 0.766), (49, 0.765), (50, 0.766), (51, 0.766), (52, 0.46), (53, 0.765), (54, 0.766), (55, 0.766)]
[(56, 0.766), (57, 0.766), (58, 0.766), (59, 0.765), (60, 0.765), (61, 0.765), (62, 0.765), (63, 0.766)]
[(64, 0.766), (65, 0.765), (66, 0.765), (67, 0.765), (68, 0.765), (69, 0.765), (70, 0.766), (71, 0.765)]
[(72, 0.765), (73, 0.766), (74, 0.765), (75, 0.765), (76, 0.765), (77, 0.765), (78, 0.765), (79, 0.765)]
[(80, 0.765), (81, 0.765), (82, 0.765), (83, 0.765), (84, 0.765), (85, 0.765), (86, 0.765), (87, 0.765)]
[(88, 0.765), (89, 0.765), (90, 0.765), (91, 0.765), (92, 0.765), (93, 0.765), (94, 0.765), (95, 0.765)]
[(96, 0.765), (97, 0.765), (98, 0.765), (99, 0.765)]

step: 10, comm: 105

strategia:
[(21, 25), (21, 38), (36, 51), (37, 63), (46, 56), (46, 57), (61, 76), (78, 99), (85, 95), (86, 3)]
[(86, 6), (86, 92), (87, 93), (89, 2), (89, 4), (89, 98)]
-------------------------------------------------------------------------------------

nodos:
[(0, 0.766), (1, 0.766), (2, 0.765), (3, 0.765), (4, 0.765), (5, 0.765), (6, 0.765), (7, 0.766)]
[(8, 0.766), (9, 0.766), (10, 0.766), (11, 0.765), (12, 0.766), (13, 0.766), (14, 0.766), (15, 0.766)]
[(16, 0.766), (17, 0.766), (18, 0.766), (19, 0.766), (20, 0.766), (21, 0.766), (22, 0.766), (23, 0.766)]
[(24, 0.869), (25, 0.766), (26, 0.766), (27, 0.766), (28, 0.766), (29, 0.766), (30, 0.766), (31, 0.766)]
[(32, 0.766), (33, 0.766), (34, 0.766), (35, 0.766), (36, 0.766), (37, 0.766), (38, 0.766), (39, 0.766)]
[(40, 0.766), (41, 0.766), (42, 0.766), (43, 0.766), (44, 0.765), (45, 0.765), (46, 0.766), (47, 0.766)]
[(48, 0.766), (49, 0.765), (50, 0.766), (51, 0.766), (52, 0.766), (53, 0.765), (54, 0.766), (55, 0.766)]
[(56, 0.766), (57, 0.766), (58, 0.766), (59, 0.765), (60, 0.765), (61, 0.765), (62, 0.765), (63, 0.766)]
[(64, 0.766), (65, 0.765), (66, 0.765), (67, 0.765), (68, 0.765), (69, 0.765), (70, 0.766), (71, 0.765)]
[(72, 0.765), (73, 0.766), (74, 0.765), (75, 0.765), (76, 0.765), (77, 0.765), (78, 0.765), (79, 0.765)]
[(80, 0.765), (81, 0.765), (82, 0.765), (83, 0.765), (84, 0.765), (85, 0.765), (86, 0.765), (87, 0.765)]
[(88, 0.765), (89, 0.765), (90, 0.765), (91, 0.765), (92, 0.765), (93, 0.765), (94, 0.765), (95, 0.765)]
[(96, 0.765), (97, 0.765), (98, 0.765), (99, 0.765)]

step: 11, comm: 108

strategia:
[(4, 11), (38, 52), (93, 5)]
-------------------------------------------------------------------------------------

nodos:
[(0, 0.766), (1, 0.766), (2, 0.765), (3, 0.765), (4, 0.765), (5, 0.765), (6, 0.765), (7, 0.766)]
[(8, 0.766), (9, 0.766), (10, 0.766), (11, 0.765), (12, 0.766), (13, 0.766), (14, 0.766), (15, 0.766)]
[(16, 0.766), (17, 0.766), (18, 0.766), (19, 0.766), (20, 0.766), (21, 0.766), (22, 0.766), (23, 0.766)]
[(24, 0.765), (25, 0.766), (26, 0.766), (27, 0.766), (28, 0.766), (29, 0.766), (30, 0.766), (31, 0.766)]
[(32, 0.766), (33, 0.766), (34, 0.766), (35, 0.766), (36, 0.766), (37, 0.766), (38, 0.766), (39, 0.766)]
[(40, 0.766), (41, 0.766), (42, 0.766), (43, 0.766), (44, 0.765), (45, 0.765), (46, 0.766), (47, 0.766)]
[(48, 0.766), (49, 0.765), (50, 0.766), (51, 0.766), (52, 0.766), (53, 0.765), (54, 0.766), (55, 0.766)]
[(56, 0.766), (57, 0.766), (58, 0.766), (59, 0.765), (60, 0.765), (61, 0.765), (62, 0.765), (63, 0.766)]
[(64, 0.766), (65, 0.765), (66, 0.765), (67, 0.765), (68, 0.765), (69, 0.765), (70, 0.766), (71, 0.765)]
[(72, 0.765), (73, 0.766), (74, 0.765), (75, 0.765), (76, 0.765), (77, 0.765), (78, 0.765), (79, 0.765)]
[(80, 0.765), (81, 0.765), (82, 0.765), (83, 0.765), (84, 0.765), (85, 0.765), (86, 0.765), (87, 0.765)]
[(88, 0.765), (89, 0.765), (90, 0.765), (91, 0.765), (92, 0.765), (93, 0.765), (94, 0.765), (95, 0.765)]
[(96, 0.765), (97, 0.765), (98, 0.765), (99, 0.765)]

step: 12, comm: 109

strategia:
[(5, 24)]
-------------------------------------------------------------------------------------

=====================================================================================

