Grafo 1

radio: 6.0
nodos:
[(0, 0.967), (1, 0.528), (2, 0.106), (3, 0.275), (4, 0.451), (5, 0.801), (6, 0.263), (7, 0.455)]
[(8, 0.573), (9, 0.645), (10, 0.748), (11, 0.913), (12, 0.541), (13, 0.562), (14, 0.484), (15, 0.238)]
[(16, 0.183), (17, 0.012), (18, 0.616), (19, 0.56), (20, 0.688), (21, 0.301), (22, 0.554), (23, 0.229)]
[(24, 0.64), (25, 0.139), (26, 0.527), (27, 0.677), (28, 0.747), (29, 0.684), (30, 0.28), (31, 0.386)]
[(32, 0.252), (33, 0.667), (34, 0.066), (35, 0.736), (36, 0.151), (37, 0.2), (38, 0.314), (39, 0.616)]
[(40, 0.975), (41, 0.309), (42, 0.893), (43, 0.906), (44, 0.026), (45, 0.498), (46, 0.51), (47, 0.174)]
[(48, 0.912), (49, 0.008), (50, 0.955), (51, 0.206), (52, 0.661), (53, 0.305), (54, 0.449), (55, 0.168)]
[(56, 0.288), (57, 0.798), (58, 0.526), (59, 0.278), (60, 0.959), (61, 0.98), (62, 0.242), (63, 0.129)]
[(64, 0.175), (65, 0.444), (66, 0.613), (67, 0.068), (68, 0.087), (69, 0.369), (70, 0.381), (71, 0.787)]
[(72, 0.274), (73, 0.728), (74, 0.559), (75, 0.193), (76, 0.763), (77, 0.248), (78, 0.097), (79, 0.36)]
[(80, 0.919), (81, 0.032), (82, 0.916), (83, 0.828), (84, 0.594), (85, 0.437), (86, 0.036), (87, 0.554)]
[(88, 0.463), (89, 0.524), (90, 0.794), (91, 0.845), (92, 0.681), (93, 0.472), (94, 0.557), (95, 0.948)]
[(96, 0.966), (97, 0.282), (98, 0.705), (99, 0.195)]

step: 0, comm: 0

strategia:
-------------------------------------------------------------------------------------

nodos:
[(0, 0.78), (1, 0.528), (2, 0.106), (3, 0.275), (4, 0.451), (5, 0.801), (6, 0.263), (7, 0.455)]
[(8, 0.681), (9, 0.645), (10, 0.748), (11, 0.913), (12, 0.541), (13, 0.562), (14, 0.484), (15, 0.238)]
[(16, 0.183), (17, 0.012), (18, 0.616), (19, 0.56), (20, 0.688), (21, 0.301), (22, 0.554), (23, 0.229)]
[(24, 0.64), (25, 0.139), (26, 0.527), (27, 0.677), (28, 0.747), (29, 0.684), (30, 0.28), (31, 0.386)]
[(32, 0.252), (33, 0.667), (34, 0.066), (35, 0.736), (36, 0.151), (37, 0.2), (38, 0.314), (39, 0.616)]
[(40, 0.975), (41, 0.309), (42, 0.893), (43, 0.906), (44, 0.026), (45, 0.498), (46, 0.51), (47, 0.174)]
[(48, 0.912), (49, 0.008), (50, 0.955), (51, 0.206), (52, 0.661), (53, 0.305), (54, 0.449), (55, 0.168)]
[(56, 0.288), (57, 0.798), (58, 0.526), (59, 0.278), (60, 0.959), (61, 0.98), (62, 0.242), (63, 0.129)]
[(64, 0.175), (65, 0.444), (66, 0.613), (67, 0.068), (68, 0.087), (69, 0.369), (70, 0.381), (71, 0.787)]
[(72, 0.274), (73, 0.728), (74, 0.559), (75, 0.193), (76, 0.763), (77, 0.248), (78, 0.097), (79, 0.36)]
[(80, 0.919), (81, 0.032), (82, 0.916), (83, 0.828), (84, 0.594), (85, 0.437), (86, 0.036), (87, 0.554)]
[(88, 0.463), (89, 0.524), (90, 0.794), (91, 0.845), (92, 0.681), (93, 0.472), (94, 0.557), (95, 0.948)]
[(96, 0.966), (97, 0.282), (98, 0.705), (99, 0.195)]

step: 1, comm: 4

strategia:
[(90, 0), (91, 0), (92, 0), (92, 8)]
-------------------------------------------------------------------------------------

nodos:
[(0, 0.681), (1, 0.528), (2, 0.106), (3, 0.275), (4, 0.451), (5, 0.801), (6, 0.263), (7, 0.455)]
[(8, 0.681), (9, 0.645), (10, 0.748), (11, 0.913), (12, 0.541), (13, 0.562), (14, 0.484), (15, 0.238)]
[(16, 0.183), (17, 0.012), (18, 0.616), (19, 0.56), (20, 0.688), (21, 0.301), (22, 0.554), (23, 0.229)]
[(24, 0.64), (25, 0.139), (26, 0.527), (27, 0.677), (28, 0.747), (29, 0.684), (30, 0.28), (31, 0.386)]
[(32, 0.252), (33, 0.667), (34, 0.066), (35, 0.736), (36, 0.151), (37, 0.2), (38, 0.314), (39, 0.616)]
[(40, 0.975), (41, 0.309), (42, 0.893), (43, 0.906), (44, 0.026), (45, 0.498), (46, 0.51), (47, 0.174)]
[(48, 0.912), (49, 0.008), (50, 0.955), (51, 0.206), (52, 0.661), (53, 0.305), (54, 0.449), (55, 0.168)]
[(56, 0.288), (57, 0.798), (58, 0.526), (59, 0.278), (60, 0.959), (61, 0.98), (62, 0.242), (63, 0.129)]
[(64, 0.175), (65, 0.444), (66, 0.613), (67, 0.068), (68, 0.087), (69, 0.369), (70, 0.381), (71, 0.787)]
[(72, 0.274), (73, 0.728), (74, 0.559), (75, 0.193), (76, 0.763), (77, 0.248), (78, 0.097), (79, 0.36)]
[(80, 0.919), (81, 0.032), (82, 0.916), (83, 0.828), (84, 0.594), (85, 0.437), (86, 0.036), (87, 0.554)]
[(88, 0.463), (89, 0.524), (90, 0.794), (91, 0.845), (92, 0.681), (93, 0.472), (94, 0.557), (95, 0.948)]
[(96, 0.966), (97, 0.282), (98, 0.705), (99, 0.195)]

step: 2, comm: 5

strategia:
[(92, 0)]
-------------------------------------------------------------------------------------

nodos:
[(0, 0.681), (1, 0.528), (2, 0.106), (3, 0.275), (4, 0.451), (5, 0.801), (6, 0.263), (7, 0.455)]
[(8, 0.681), (9, 0.645), (10, 0.748), (11, 0.913), (12, 0.541), (13, 0.562), (14, 0.484), (15, 0.238)]
[(16, 0.183), (17, 0.012), (18, 0.616), (19, 0.56), (20, 0.688), (21, 0.301), (22, 0.554), (23, 0.229)]
[(24, 0.64), (25, 0.139), (26, 0.527), (27, 0.677), (28, 0.747), (29, 0.684), (30, 0.28), (31, 0.386)]
[(32, 0.252), (33, 0.667), (34, 0.066), (35, 0.736), (36, 0.151), (37, 0.2), (38, 0.314), (39, 0.616)]
[(40, 0.975), (41, 0.309), (42, 0.893), (43, 0.906), (44, 0.026), (45, 0.498), (46, 0.51), (47, 0.174)]
[(48, 0.912), (49, 0.008), (50, 0.955), (51, 0.206), (52, 0.661), (53, 0.305), (54, 0.449), (55, 0.168)]
[(56, 0.288), (57, 0.798), (58, 0.526), (59, 0.278), (60, 0.959), (61, 0.98), (62, 0.242), (63, 0.129)]
[(64, 0.175), (65, 0.444), (66, 0.613), (67, 0.068), (68, 0.087), (69, 0.369), (70, 0.381), (71, 0.787)]
[(72, 0.274), (73, 0.728), (74, 0.559), (75, 0.193), (76, 0.763), (77, 0.248), (78, 0.097), (79, 0.36)]
[(80, 0.919), (81, 0.032), (82, 0.916), (83, 0.828), (84, 0.594), (85, 0.437), (86, 0.036), (87, 0.554)]
[(88, 0.463), (89, 0.524), (90, 0.794), (91, 0.845), (92, 0.681), (93, 0.472), (94, 0.557), (95, 0.948)]
[(96, 0.966), (97, 0.282), (98, 0.705), (99, 0.195)]

step: 3, comm: 5

strategia:
-------------------------------------------------------------------------------------

nodos:
[(0, 0.681), (1, 0.528), (2, 0.106), (3, 0.275), (4, 0.451), (5, 0.801), (6, 0.263), (7, 0.455)]
[(8, 0.681), (9, 0.645), (10, 0.748), (11, 0.913), (12, 0.541), (13, 0.562), (14, 0.484), (15, 0.238)]
[(16, 0.183), (17, 0.012), (18, 0.616), (19, 0.56), (20, 0.688), (21, 0.301), (22, 0.554), (23, 0.229)]
[(24, 0.64), (25, 0.139), (26, 0.527), (27, 0.677), (28, 0.747), (29, 0.684), (30, 0.28), (31, 0.386)]
[(32, 0.252), (33, 0.667), (34, 0.066), (35, 0.736), (36, 0.151), (37, 0.2), (38, 0.314), (39, 0.616)]
[(40, 0.975), (41, 0.309), (42, 0.893), (43, 0.906), (44, 0.026), (45, 0.498), (46, 0.51), (47, 0.174)]
[(48, 0.912), (49, 0.008), (50, 0.955), (51, 0.206), (52, 0.661), (53, 0.305), (54, 0.449), (55, 0.168)]
[(56, 0.288), (57, 0.798), (58, 0.526), (59, 0.278), (60, 0.959), (61, 0.98), (62, 0.242), (63, 0.129)]
[(64, 0.175), (65, 0.444), (66, 0.613), (67, 0.068), (68, 0.087), (69, 0.369), (70, 0.381), (71, 0.787)]
[(72, 0.274), (73, 0.728), (74, 0.559), (75, 0.193), (76, 0.763), (77, 0.248), (78, 0.097), (79, 0.36)]
[(80, 0.919), (81, 0.032), (82, 0.916), (83, 0.828), (84, 0.594), (85, 0.437), (86, 0.036), (87, 0.554)]
[(88, 0.463), (89, 0.524), (90, 0.794), (91, 0.845), (92, 0.681), (93, 0.472), (94, 0.557), (95, 0.948)]
[(96, 0.966), (97, 0.282), (98, 0.705), (99, 0.195)]

step: 4, comm: 5

strategia:
-------------------------------------------------------------------------------------

nodos:
[(0, 0.681), (1, 0.528), (2, 0.106), (3, 0.275), (4, 0.451), (5, 0.801), (6, 0.263), (7, 0.455)]
[(8, 0.681), (9, 0.645), (10, 0.748), (11, 0.913), (12, 0.541), (13, 0.562), (14, 0.484), (15, 0.238)]
[(16, 0.183), (17, 0.012), (18, 0.616), (19, 0.56), (20, 0.688), (21, 0.301), (22, 0.554), (23, 0.229)]
[(24, 0.64), (25, 0.139), (26, 0.527), (27, 0.677), (28, 0.747), (29, 0.684), (30, 0.28), (31, 0.386)]
[(32, 0.252), (33, 0.667), (34, 0.066), (35, 0.736), (36, 0.151), (37, 0.2), (38, 0.314), (39, 0.616)]
[(40, 0.975), (41, 0.309), (42, 0.893), (43, 0.906), (44, 0.026), (45, 0.498), (46, 0.51), (47, 0.174)]
[(48, 0.912), (49, 0.008), (50, 0.955), (51, 0.206), (52, 0.661), (53, 0.305), (54, 0.449), (55, 0.168)]
[(56, 0.288), (57, 0.798), (58, 0.526), (59, 0.278), (60, 0.959), (61, 0.98), (62, 0.242), (63, 0.129)]
[(64, 0.175), (65, 0.444), (66, 0.613), (67, 0.068), (68, 0.087), (69, 0.369), (70, 0.381), (71, 0.787)]
[(72, 0.274), (73, 0.728), (74, 0.559), (75, 0.193), (76, 0.763), (77, 0.248), (78, 0.097), (79, 0.36)]
[(80, 0.919), (81, 0.032), (82, 0.916), (83, 0.828), (84, 0.594), (85, 0.437), (86, 0.036), (87, 0.554)]
[(88, 0.463), (89, 0.524), (90, 0.794), (91, 0.845), (92, 0.681), (93, 0.472), (94, 0.557), (95, 0.948)]
[(96, 0.966), (97, 0.282), (98, 0.705), (99, 0.195)]

step: 5, comm: 5

strategia:
-------------------------------------------------------------------------------------

nodos:
[(0, 0.681), (1, 0.528), (2, 0.106), (3, 0.275), (4, 0.451), (5, 0.801), (6, 0.263), (7, 0.455)]
[(8, 0.681), (9, 0.645), (10, 0.748), (11, 0.913), (12, 0.541), (13, 0.562), (14, 0.484), (15, 0.238)]
[(16, 0.183), (17, 0.012), (18, 0.616), (19, 0.56), (20, 0.688), (21, 0.301), (22, 0.554), (23, 0.229)]
[(24, 0.64), (25, 0.139), (26, 0.527), (27, 0.677), (28, 0.747), (29, 0.684), (30, 0.28), (31, 0.386)]
[(32, 0.252), (33, 0.667), (34, 0.066), (35, 0.736), (36, 0.151), (37, 0.2), (38, 0.314), (39, 0.616)]
[(40, 0.975), (41, 0.309), (42, 0.893), (43, 0.906), (44, 0.026), (45, 0.498), (46, 0.51), (47, 0.174)]
[(48, 0.912), (49, 0.008), (50, 0.955), (51, 0.206), (52, 0.661), (53, 0.305), (54, 0.449), (55, 0.168)]
[(56, 0.288), (57, 0.798), (58, 0.526), (59, 0.278), (60, 0.959), (61, 0.98), (62, 0.242), (63, 0.129)]
[(64, 0.175), (65, 0.444), (66, 0.613), (67, 0.068), (68, 0.087), (69, 0.369), (70, 0.381), (71, 0.787)]
[(72, 0.274), (73, 0.728), (74, 0.559), (75, 0.193), (76, 0.763), (77, 0.248), (78, 0.097), (79, 0.36)]
[(80, 0.919), (81, 0.032), (82, 0.916), (83, 0.828), (84, 0.594), (85, 0.437), (86, 0.036), (87, 0.554)]
[(88, 0.463), (89, 0.524), (90, 0.794), (91, 0.845), (92, 0.681), (93, 0.472), (94, 0.557), (95, 0.948)]
[(96, 0.966), (97, 0.282), (98, 0.705), (99, 0.195)]

step: 6, comm: 5

strategia:
-------------------------------------------------------------------------------------

nodos:
[(0, 0.681), (1, 0.528), (2, 0.106), (3, 0.275), (4, 0.451), (5, 0.681), (6, 0.681), (7, 0.455)]
[(8, 0.681), (9, 0.645), (10, 0.748), (11, 0.913), (12, 0.681), (13, 0.562), (14, 0.681), (15, 0.238)]
[(16, 0.183), (17, 0.681), (18, 0.616), (19, 0.56), (20, 0.681), (21, 0.301), (22, 0.554), (23, 0.229)]
[(24, 0.64), (25, 0.681), (26, 0.527), (27, 0.677), (28, 0.677), (29, 0.677), (30, 0.681), (31, 0.386)]
[(32, 0.677), (33, 0.667), (34, 0.681), (35, 0.677), (36, 0.677), (37, 0.681), (38, 0.314), (39, 0.616)]
[(40, 0.975), (41, 0.309), (42, 0.893), (43, 0.906), (44, 0.026), (45, 0.498), (46, 0.51), (47, 0.174)]
[(48, 0.912), (49, 0.008), (50, 0.955), (51, 0.206), (52, 0.661), (53, 0.305), (54, 0.449), (55, 0.168)]
[(56, 0.288), (57, 0.798), (58, 0.526), (59, 0.278), (60, 0.959), (61, 0.98), (62, 0.242), (63, 0.129)]
[(64, 0.175), (65, 0.444), (66, 0.613), (67, 0.068), (68, 0.087), (69, 0.369), (70, 0.381), (71, 0.787)]
[(72, 0.274), (73, 0.728), (74, 0.559), (75, 0.193), (76, 0.763), (77, 0.248), (78, 0.097), (79, 0.36)]
[(80, 0.919), (81, 0.032), (82, 0.916), (83, 0.828), (84, 0.594), (85, 0.437), (86, 0.036), (87, 0.554)]
[(88, 0.463), (89, 0.524), (90, 0.794), (91, 0.845), (92, 0.681), (93, 0.472), (94, 0.557), (95, 0.948)]
[(96, 0.966), (97, 0.282), (98, 0.705), (99, 0.195)]

step: 7, comm: 20

strategia:
[(0, 5), (0, 6), (0, 17), (0, 20), (0, 25), (8, 12), (8, 14), (8, 30), (8, 34), (8, 37)]
[(27, 28), (27, 29), (27, 32), (27, 35), (27, 36)]
-------------------------------------------------------------------------------------

nodos:
[(0, 0.681), (1, 0.528), (2, 0.106), (3, 0.275), (4, 0.451), (5, 0.681), (6, 0.681), (7, 0.681)]
[(8, 0.681), (9, 0.681), (10, 0.681), (11, 0.681), (12, 0.681), (13, 0.681), (14, 0.681), (15, 0.238)]
[(16, 0.183), (17, 0.681), (18, 0.681), (19, 0.56), (20, 0.681), (21, 0.681), (22, 0.681), (23, 0.681)]
[(24, 0.681), (25, 0.681), (26, 0.681), (27, 0.677), (28, 0.677), (29, 0.677), (30, 0.681), (31, 0.681)]
[(32, 0.677), (33, 0.677), (34, 0.681), (35, 0.677), (36, 0.677), (37, 0.681), (38, 0.681), (39, 0.677)]
[(40, 0.677), (41, 0.677), (42, 0.677), (43, 0.677), (44, 0.026), (45, 0.677), (46, 0.681), (47, 0.174)]
[(48, 0.912), (49, 0.008), (50, 0.681), (51, 0.206), (52, 0.661), (53, 0.305), (54, 0.677), (55, 0.168)]
[(56, 0.288), (57, 0.798), (58, 0.526), (59, 0.677), (60, 0.959), (61, 0.98), (62, 0.242), (63, 0.129)]
[(64, 0.175), (65, 0.444), (66, 0.613), (67, 0.068), (68, 0.087), (69, 0.369), (70, 0.381), (71, 0.787)]
[(72, 0.274), (73, 0.728), (74, 0.559), (75, 0.193), (76, 0.763), (77, 0.248), (78, 0.097), (79, 0.36)]
[(80, 0.919), (81, 0.032), (82, 0.916), (83, 0.828), (84, 0.594), (85, 0.437), (86, 0.036), (87, 0.554)]
[(88, 0.463), (89, 0.524), (90, 0.794), (91, 0.845), (92, 0.681), (93, 0.472), (94, 0.557), (95, 0.948)]
[(96, 0.966), (97, 0.282), (98, 0.705), (99, 0.195)]

step: 8, comm: 44

strategia:
[(5, 9), (5, 10), (5, 22), (6, 7), (6, 11), (6, 18), (6, 24), (12, 13), (12, 23), (17, 21)]
[(17, 38), (20, 26), (20, 31), (28, 33), (28, 41), (28, 43), (32, 45), (32, 54), (32, 59), (34, 46)]
[(34, 50), (35, 39), (36, 40), (36, 42)]
-------------------------------------------------------------------------------------

nodos:
[(0, 0.681), (1, 0.528), (2, 0.106), (3, 0.275), (4, 0.451), (5, 0.681), (6, 0.681), (7, 0.681)]
[(8, 0.681), (9, 0.681), (10, 0.681), (11, 0.681), (12, 0.681), (13, 0.681), (14, 0.681), (15, 0.681)]
[(16, 0.681), (17, 0.681), (18, 0.681), (19, 0.681), (20, 0.681), (21, 0.681), (22, 0.681), (23, 0.681)]
[(24, 0.681), (25, 0.681), (26, 0.681), (27, 0.677), (28, 0.677), (29, 0.677), (30, 0.681), (31, 0.681)]
[(32, 0.677), (33, 0.677), (34, 0.681), (35, 0.677), (36, 0.677), (37, 0.681), (38, 0.681), (39, 0.677)]
[(40, 0.677), (41, 0.677), (42, 0.677), (43, 0.677), (44, 0.677), (45, 0.677), (46, 0.681), (47, 0.681)]
[(48, 0.677), (49, 0.681), (50, 0.681), (51, 0.681), (52, 0.677), (53, 0.681), (54, 0.677), (55, 0.677)]
[(56, 0.677), (57, 0.681), (58, 0.677), (59, 0.677), (60, 0.677), (61, 0.677), (62, 0.677), (63, 0.129)]
[(64, 0.677), (65, 0.444), (66, 0.677), (67, 0.677), (68, 0.087), (69, 0.677), (70, 0.381), (71, 0.787)]
[(72, 0.274), (73, 0.728), (74, 0.677), (75, 0.677), (76, 0.677), (77, 0.248), (78, 0.677), (79, 0.36)]
[(80, 0.677), (81, 0.032), (82, 0.677), (83, 0.828), (84, 0.594), (85, 0.437), (86, 0.036), (87, 0.554)]
[(88, 0.463), (89, 0.524), (90, 0.794), (91, 0.845), (92, 0.681), (93, 0.472), (94, 0.557), (95, 0.948)]
[(96, 0.966), (97, 0.282), (98, 0.705), (99, 0.195)]

step: 9, comm: 71

strategia:
[(9, 15), (9, 16), (18, 19), (24, 49), (26, 47), (26, 51), (33, 44), (33, 58), (33, 66), (39, 52)]
[(39, 55), (40, 56), (40, 69), (40, 82), (41, 48), (41, 61), (41, 62), (43, 60), (45, 64), (50, 53)]
[(50, 57), (54, 67), (54, 74), (54, 76), (54, 80), (59, 75), (59, 78)]
-------------------------------------------------------------------------------------

nodos:
[(0, 0.681), (1, 0.528), (2, 0.106), (3, 0.275), (4, 0.451), (5, 0.681), (6, 0.681), (7, 0.681)]
[(8, 0.681), (9, 0.681), (10, 0.681), (11, 0.681), (12, 0.681), (13, 0.681), (14, 0.681), (15, 0.681)]
[(16, 0.681), (17, 0.681), (18, 0.681), (19, 0.681), (20, 0.681), (21, 0.681), (22, 0.681), (23, 0.681)]
[(24, 0.681), (25, 0.681), (26, 0.681), (27, 0.677), (28, 0.677), (29, 0.677), (30, 0.681), (31, 0.681)]
[(32, 0.677), (33, 0.677), (34, 0.681), (35, 0.677), (36, 0.677), (37, 0.681), (38, 0.681), (39, 0.677)]
[(40, 0.677), (41, 0.677), (42, 0.677), (43, 0.677), (44, 0.677), (45, 0.677), (46, 0.681), (47, 0.681)]
[(48, 0.677), (49, 0.681), (50, 0.681), (51, 0.681), (52, 0.677), (53, 0.681), (54, 0.677), (55, 0.677)]
[(56, 0.677), (57, 0.681), (58, 0.677), (59, 0.677), (60, 0.677), (61, 0.677), (62, 0.677), (63, 0.677)]
[(64, 0.677), (65, 0.677), (66, 0.677), (67, 0.677), (68, 0.677), (69, 0.677), (70, 0.677), (71, 0.677)]
[(72, 0.677), (73, 0.677), (74, 0.677), (75, 0.677), (76, 0.677), (77, 0.677), (78, 0.677), (79, 0.677)]
[(80, 0.677), (81, 0.677), (82, 0.677), (83, 0.677), (84, 0.677), (85, 0.677), (86, 0.036), (87, 0.677)]
[(88, 0.677), (89, 0.677), (90, 0.794), (91, 0.677), (92, 0.681), (93, 0.677), (94, 0.677), (95, 0.677)]
[(96, 0.966), (97, 0.282), (98, 0.677), (99, 0.195)]

step: 10, comm: 92

strategia:
[(58, 71), (58, 72), (58, 81), (60, 65), (60, 70), (60, 73), (62, 63), (64, 68), (66, 87), (67, 77)]
[(69, 83), (69, 85), (69, 93), (75, 84), (75, 89), (76, 79), (78, 91), (78, 95), (80, 94), (80, 98)]
[(82, 88)]
-------------------------------------------------------------------------------------

nodos:
[(0, 0.681), (1, 0.677), (2, 0.677), (3, 0.275), (4, 0.677), (5, 0.681), (6, 0.681), (7, 0.681)]
[(8, 0.681), (9, 0.681), (10, 0.681), (11, 0.681), (12, 0.681), (13, 0.681), (14, 0.681), (15, 0.681)]
[(16, 0.681), (17, 0.681), (18, 0.681), (19, 0.681), (20, 0.681), (21, 0.681), (22, 0.681), (23, 0.681)]
[(24, 0.681), (25, 0.681), (26, 0.681), (27, 0.677), (28, 0.677), (29, 0.677), (30, 0.681), (31, 0.681)]
[(32, 0.677), (33, 0.677), (34, 0.681), (35, 0.677), (36, 0.677), (37, 0.681), (38, 0.681), (39, 0.677)]
[(40, 0.677), (41, 0.677), (42, 0.677), (43, 0.677), (44, 0.677), (45, 0.677), (46, 0.681), (47, 0.681)]
[(48, 0.677), (49, 0.681), (50, 0.681), (51, 0.681), (52, 0.677), (53, 0.681), (54, 0.677), (55, 0.677)]
[(56, 0.677), (57, 0.681), (58, 0.677), (59, 0.677), (60, 0.677), (61, 0.677), (62, 0.677), (63, 0.677)]
[(64, 0.677), (65, 0.677), (66, 0.677), (67, 0.677), (68, 0.677), (69, 0.677), (70, 0.677), (71, 0.677)]
[(72, 0.677), (73, 0.677), (74, 0.677), (75, 0.677), (76, 0.677), (77, 0.677), (78, 0.677), (79, 0.677)]
[(80, 0.677), (81, 0.677), (82, 0.677), (83, 0.677), (84, 0.677), (85, 0.677), (86, 0.677), (87, 0.677)]
[(88, 0.677), (89, 0.677), (90, 0.677), (91, 0.677), (92, 0.677), (93, 0.677), (94, 0.677), (95, 0.677)]
[(96, 0.677), (97, 0.282), (98, 0.677), (99, 0.677)]

step: 11, comm: 100

strategia:
[(68, 90), (70, 86), (79, 2), (84, 1), (85, 96), (89, 92), (93, 99), (94, 4)]
-------------------------------------------------------------------------------------

nodos:
[(0, 0.681), (1, 0.677), (2, 0.677), (3, 0.677), (4, 0.677), (5, 0.681), (6, 0.681), (7, 0.681)]
[(8, 0.681), (9, 0.681), (10, 0.681), (11, 0.681), (12, 0.681), (13, 0.681), (14, 0.681), (15, 0.681)]
[(16, 0.681), (17, 0.681), (18, 0.681), (19, 0.681), (20, 0.681), (21, 0.681), (22, 0.681), (23, 0.681)]
[(24, 0.681), (25, 0.681), (26, 0.681), (27, 0.677), (28, 0.677), (29, 0.677), (30, 0.681), (31, 0.681)]
[(32, 0.677), (33, 0.677), (34, 0.681), (35, 0.677), (36, 0.677), (37, 0.681), (38, 0.681), (39, 0.677)]
[(40, 0.677), (41, 0.677), (42, 0.677), (43, 0.677), (44, 0.677), (45, 0.677), (46, 0.681), (47, 0.681)]
[(48, 0.677), (49, 0.681), (50, 0.681), (51, 0.681), (52, 0.677), (53, 0.681), (54, 0.677), (55, 0.677)]
[(56, 0.677), (57, 0.681), (58, 0.677), (59, 0.677), (60, 0.677), (61, 0.677), (62, 0.677), (63, 0.677)]
[(64, 0.677), (65, 0.677), (66, 0.677), (67, 0.677), (68, 0.677), (69, 0.677), (70, 0.677), (71, 0.677)]
[(72, 0.677), (73, 0.677), (74, 0.677), (75, 0.677), (76, 0.677), (77, 0.677), (78, 0.677), (79, 0.677)]
[(80, 0.677), (81, 0.677), (82, 0.677), (83, 0.677), (84, 0.677), (85, 0.677), (86, 0.677), (87, 0.677)]
[(88, 0.677), (89, 0.677), (90, 0.677), (91, 0.677), (92, 0.677), (93, 0.677), (94, 0.677), (95, 0.677)]
[(96, 0.677), (97, 0.677), (98, 0.677), (99, 0.677)]

step: 12, comm: 102

strategia:
[(1, 3), (92, 97)]
-------------------------------------------------------------------------------------

=====================================================================================

Grafo 2

radio: 7.0
nodos:
[(0, 0.102), (1, 0.055), (2, 0.964), (3, 0.384), (4, 0.193), (5, 0.267), (6, 0.345), (7, 0.157)]
[(8, 0.884), (9, 0.653), (10, 0.111), (11, 0.275), (12, 0.845), (13, 0.302), (14, 0.383), (15, 0.393)]
[(16, 0.96), (17, 0.934), (18, 0.881), (19, 0.852), (20, 0.949), (21, 0.027), (22, 0.86), (23, 0.465)]
[(24, 0.352), (25, 0.728), (26, 0.834), (27, 0.147), (28, 0.195), (29, 0.855), (30, 0.694), (31, 0.961)]
[(32, 0.608), (33, 0.686), (34, 0.507), (35, 0.198), (36, 0.307), (37, 0.623), (38, 0.412), (39, 0.109)]
[(40, 0.748), (41, 0.836), (42, 0.984), (43, 0.165), (44, 0.515), (45, 0.448), (46, 0.695), (47, 0.588)]
[(48, 0.939), (49, 0.597), (50, 0.056), (51, 0.647), (52, 0.216), (53, 0.495), (54, 0.386), (55, 0.082)]
[(56, 0.11), (57, 0.802), (58, 0.742), (59, 0.28), (60, 0.763), (61, 0.476), (62, 0.98), (63, 0.645)]
[(64, 0.414), (65, 0.243), (66, 0.504), (67, 0.016), (68, 0.669), (69, 0.967), (70, 0.24), (71, 0.683)]
[(72, 0.366), (73, 0.184), (74, 0.312), (75, 0.536), (76, 0.36), (77, 0.274), (78, 0.679), (79, 0.591)]
[(80, 0.188), (81, 0.697), (82, 0.457), (83, 0.694), (84, 0.215), (85, 0.92), (86, 0.736), (87, 0.297)]
[(88, 0.491), (89, 0.432), (90, 0.339), (91, 0.067), (92, 0.031), (93, 0.021), (94, 0.976), (95, 0.584)]
[(96, 0.27), (97, 0.909), (98, 0.283), (99, 0.776)]

step: 0, comm: 0

strategia:
-------------------------------------------------------------------------------------

nodos:
[(0, 0.34), (1, 0.055), (2, 0.964), (3, 0.384), (4, 0.193), (5, 0.267), (6, 0.345), (7, 0.157)]
[(8, 0.884), (9, 0.653), (10, 0.111), (11, 0.275), (12, 0.845), (13, 0.302), (14, 0.383), (15, 0.393)]
[(16, 0.96), (17, 0.934), (18, 0.881), (19, 0.852), (20, 0.949), (21, 0.027), (22, 0.86), (23, 0.465)]
[(24, 0.352), (25, 0.728), (26, 0.834), (27, 0.147), (28, 0.195), (29, 0.855), (30, 0.694), (31, 0.961)]
[(32, 0.608), (33, 0.686), (34, 0.507), (35, 0.198), (36, 0.307), (37, 0.623), (38, 0.412), (39, 0.109)]
[(40, 0.748), (41, 0.836), (42, 0.344), (43, 0.165), (44, 0.515), (45, 0.448), (46, 0.695), (47, 0.588)]
[(48, 0.939), (49, 0.597), (50, 0.056), (51, 0.647), (52, 0.216), (53, 0.495), (54, 0.386), (55, 0.082)]
[(56, 0.11), (57, 0.802), (58, 0.742), (59, 0.28), (60, 0.763), (61, 0.476), (62, 0.98), (63, 0.645)]
[(64, 0.414), (65, 0.243), (66, 0.504), (67, 0.016), (68, 0.669), (69, 0.967), (70, 0.24), (71, 0.683)]
[(72, 0.366), (73, 0.184), (74, 0.312), (75, 0.536), (76, 0.36), (77, 0.274), (78, 0.679), (79, 0.591)]
[(80, 0.188), (81, 0.697), (82, 0.457), (83, 0.694), (84, 0.215), (85, 0.92), (86, 0.736), (87, 0.297)]
[(88, 0.491), (89, 0.432), (90, 0.339), (91, 0.067), (92, 0.031), (93, 0.021), (94, 0.976), (95, 0.584)]
[(96, 0.27), (97, 0.909), (98, 0.283), (99, 0.776)]

step: 1, comm: 5

strategia:
[(27, 42), (29, 42), (33, 42), (96, 0), (97, 0)]
-------------------------------------------------------------------------------------

nodos:
[(0, 0.34), (1, 0.055), (2, 0.964), (3, 0.384), (4, 0.193), (5, 0.267), (6, 0.345), (7, 0.157)]
[(8, 0.884), (9, 0.653), (10, 0.111), (11, 0.275), (12, 0.845), (13, 0.302), (14, 0.383), (15, 0.393)]
[(16, 0.96), (17, 0.934), (18, 0.881), (19, 0.852), (20, 0.949), (21, 0.027), (22, 0.86), (23, 0.358)]
[(24, 0.352), (25, 0.728), (26, 0.834), (27, 0.147), (28, 0.195), (29, 0.855), (30, 0.694), (31, 0.961)]
[(32, 0.608), (33, 0.686), (34, 0.507), (35, 0.198), (36, 0.307), (37, 0.623), (38, 0.412), (39, 0.109)]
[(40, 0.748), (41, 0.836), (42, 0.344), (43, 0.165), (44, 0.515), (45, 0.448), (46, 0.695), (47, 0.588)]
[(48, 0.939), (49, 0.597), (50, 0.056), (51, 0.647), (52, 0.216), (53, 0.495), (54, 0.386), (55, 0.082)]
[(56, 0.11), (57, 0.802), (58, 0.742), (59, 0.28), (60, 0.763), (61, 0.476), (62, 0.98), (63, 0.645)]
[(64, 0.414), (65, 0.243), (66, 0.504), (67, 0.016), (68, 0.669), (69, 0.967), (70, 0.24), (71, 0.683)]
[(72, 0.366), (73, 0.184), (74, 0.312), (75, 0.536), (76, 0.36), (77, 0.274), (78, 0.679), (79, 0.591)]
[(80, 0.188), (81, 0.697), (82, 0.457), (83, 0.694), (84, 0.215), (85, 0.92), (86, 0.736), (87, 0.297)]
[(88, 0.491), (89, 0.432), (90, 0.339), (91, 0.067), (92, 0.031), (93, 0.021), (94, 0.976), (95, 0.584)]
[(96, 0.27), (97, 0.909), (98, 0.283), (99, 0.776)]

step: 2, comm: 7

strategia:
[(3, 23), (6, 23)]
-------------------------------------------------------------------------------------

nodos:
[(0, 0.34), (1, 0.055), (2, 0.964), (3, 0.384), (4, 0.193), (5, 0.267), (6, 0.345), (7, 0.157)]
[(8, 0.884), (9, 0.653), (10, 0.111), (11, 0.275), (12, 0.845), (13, 0.302), (14, 0.383), (15, 0.393)]
[(16, 0.96), (17, 0.934), (18, 0.881), (19, 0.852), (20, 0.949), (21, 0.027), (22, 0.86), (23, 0.345)]
[(24, 0.352), (25, 0.728), (26, 0.834), (27, 0.147), (28, 0.195), (29, 0.855), (30, 0.694), (31, 0.961)]
[(32, 0.608), (33, 0.686), (34, 0.507), (35, 0.198), (36, 0.307), (37, 0.623), (38, 0.412), (39, 0.109)]
[(40, 0.748), (41, 0.836), (42, 0.344), (43, 0.165), (44, 0.515), (45, 0.448), (46, 0.695), (47, 0.588)]
[(48, 0.939), (49, 0.597), (50, 0.056), (51, 0.647), (52, 0.216), (53, 0.495), (54, 0.386), (55, 0.082)]
[(56, 0.11), (57, 0.802), (58, 0.742), (59, 0.28), (60, 0.763), (61, 0.476), (62, 0.98), (63, 0.645)]
[(64, 0.414), (65, 0.243), (66, 0.504), (67, 0.016), (68, 0.669), (69, 0.967), (70, 0.24), (71, 0.683)]
[(72, 0.366), (73, 0.184), (74, 0.312), (75, 0.536), (76, 0.36), (77, 0.274), (78, 0.679), (79, 0.591)]
[(80, 0.188), (81, 0.697), (82, 0.457), (83, 0.694), (84, 0.215), (85, 0.92), (86, 0.736), (87, 0.297)]
[(88, 0.491), (89, 0.432), (90, 0.339), (91, 0.067), (92, 0.031), (93, 0.021), (94, 0.976), (95, 0.584)]
[(96, 0.27), (97, 0.909), (98, 0.283), (99, 0.776)]

step: 3, comm: 8

strategia:
[(6, 23)]
-------------------------------------------------------------------------------------

nodos:
[(0, 0.34), (1, 0.055), (2, 0.964), (3, 0.384), (4, 0.193), (5, 0.267), (6, 0.345), (7, 0.157)]
[(8, 0.884), (9, 0.653), (10, 0.111), (11, 0.275), (12, 0.845), (13, 0.302), (14, 0.383), (15, 0.393)]
[(16, 0.96), (17, 0.934), (18, 0.881), (19, 0.852), (20, 0.949), (21, 0.027), (22, 0.86), (23, 0.345)]
[(24, 0.352), (25, 0.728), (26, 0.834), (27, 0.147), (28, 0.195), (29, 0.855), (30, 0.694), (31, 0.961)]
[(32, 0.608), (33, 0.686), (34, 0.507), (35, 0.198), (36, 0.307), (37, 0.623), (38, 0.412), (39, 0.109)]
[(40, 0.748), (41, 0.836), (42, 0.344), (43, 0.165), (44, 0.515), (45, 0.448), (46, 0.695), (47, 0.588)]
[(48, 0.939), (49, 0.597), (50, 0.056), (51, 0.647), (52, 0.216), (53, 0.495), (54, 0.386), (55, 0.082)]
[(56, 0.11), (57, 0.802), (58, 0.742), (59, 0.28), (60, 0.763), (61, 0.476), (62, 0.98), (63, 0.645)]
[(64, 0.414), (65, 0.243), (66, 0.504), (67, 0.016), (68, 0.669), (69, 0.967), (70, 0.24), (71, 0.683)]
[(72, 0.366), (73, 0.184), (74, 0.312), (75, 0.536), (76, 0.36), (77, 0.274), (78, 0.679), (79, 0.591)]
[(80, 0.188), (81, 0.697), (82, 0.457), (83, 0.694), (84, 0.215), (85, 0.92), (86, 0.736), (87, 0.297)]
[(88, 0.491), (89, 0.432), (90, 0.339), (91, 0.067), (92, 0.031), (93, 0.021), (94, 0.976), (95, 0.584)]
[(96, 0.27), (97, 0.909), (98, 0.283), (99, 0.776)]

step: 4, comm: 8

strategia:
-------------------------------------------------------------------------------------

nodos:
[(0, 0.34), (1, 0.055), (2, 0.964), (3, 0.384), (4, 0.193), (5, 0.267), (6, 0.345), (7, 0.157)]
[(8, 0.884), (9, 0.653), (10, 0.111), (11, 0.275), (12, 0.845), (13, 0.302), (14, 0.383), (15, 0.393)]
[(16, 0.96), (17, 0.934), (18, 0.881), (19, 0.852), (20, 0.949), (21, 0.027), (22, 0.86), (23, 0.345)]
[(24, 0.352), (25, 0.728), (26, 0.834), (27, 0.147), (28, 0.195), (29, 0.855), (30, 0.694), (31, 0.961)]
[(32, 0.608), (33, 0.686), (34, 0.507), (35, 0.198), (36, 0.307), (37, 0.623), (38, 0.412), (39, 0.109)]
[(40, 0.748), (41, 0.836), (42, 0.344), (43, 0.165), (44, 0.515), (45, 0.448), (46, 0.695), (47, 0.588)]
[(48, 0.939), (49, 0.597), (50, 0.056), (51, 0.647), (52, 0.216), (53, 0.495), (54, 0.386), (55, 0.082)]
[(56, 0.11), (57, 0.802), (58, 0.742), (59, 0.28), (60, 0.763), (61, 0.476), (62, 0.98), (63, 0.645)]
[(64, 0.414), (65, 0.243), (66, 0.504), (67, 0.016), (68, 0.669), (69, 0.967), (70, 0.24), (71, 0.683)]
[(72, 0.366), (73, 0.184), (74, 0.312), (75, 0.536), (76, 0.36), (77, 0.274), (78, 0.679), (79, 0.591)]
[(80, 0.188), (81, 0.697), (82, 0.457), (83, 0.694), (84, 0.215), (85, 0.92), (86, 0.736), (87, 0.297)]
[(88, 0.491), (89, 0.432), (90, 0.339), (91, 0.067), (92, 0.031), (93, 0.021), (94, 0.976), (95, 0.584)]
[(96, 0.27), (97, 0.909), (98, 0.283), (99, 0.776)]

step: 5, comm: 8

strategia:
-------------------------------------------------------------------------------------

nodos:
[(0, 0.34), (1, 0.055), (2, 0.964), (3, 0.384), (4, 0.193), (5, 0.267), (6, 0.345), (7, 0.157)]
[(8, 0.884), (9, 0.653), (10, 0.111), (11, 0.275), (12, 0.845), (13, 0.302), (14, 0.383), (15, 0.393)]
[(16, 0.96), (17, 0.934), (18, 0.881), (19, 0.852), (20, 0.949), (21, 0.027), (22, 0.86), (23, 0.345)]
[(24, 0.352), (25, 0.728), (26, 0.834), (27, 0.147), (28, 0.195), (29, 0.855), (30, 0.694), (31, 0.961)]
[(32, 0.608), (33, 0.686), (34, 0.507), (35, 0.198), (36, 0.307), (37, 0.623), (38, 0.412), (39, 0.109)]
[(40, 0.748), (41, 0.836), (42, 0.344), (43, 0.165), (44, 0.515), (45, 0.448), (46, 0.695), (47, 0.588)]
[(48, 0.939), (49, 0.597), (50, 0.056), (51, 0.647), (52, 0.216), (53, 0.495), (54, 0.386), (55, 0.082)]
[(56, 0.11), (57, 0.802), (58, 0.742), (59, 0.28), (60, 0.763), (61, 0.476), (62, 0.98), (63, 0.645)]
[(64, 0.414), (65, 0.243), (66, 0.504), (67, 0.016), (68, 0.669), (69, 0.967), (70, 0.24), (71, 0.683)]
[(72, 0.366), (73, 0.184), (74, 0.312), (75, 0.536), (76, 0.36), (77, 0.274), (78, 0.679), (79, 0.591)]
[(80, 0.188), (81, 0.697), (82, 0.457), (83, 0.694), (84, 0.215), (85, 0.92), (86, 0.736), (87, 0.297)]
[(88, 0.491), (89, 0.432), (90, 0.339), (91, 0.067), (92, 0.031), (93, 0.021), (94, 0.976), (95, 0.584)]
[(96, 0.27), (97, 0.909), (98, 0.283), (99, 0.776)]

step: 6, comm: 8

strategia:
-------------------------------------------------------------------------------------

nodos:
[(0, 0.34), (1, 0.055), (2, 0.964), (3, 0.384), (4, 0.193), (5, 0.34), (6, 0.345), (7, 0.157)]
[(8, 0.884), (9, 0.653), (10, 0.111), (11, 0.275), (12, 0.845), (13, 0.34), (14, 0.34), (15, 0.393)]
[(16, 0.96), (17, 0.34), (18, 0.881), (19, 0.852), (20, 0.949), (21, 0.027), (22, 0.86), (23, 0.345)]
[(24, 0.352), (25, 0.34), (26, 0.345), (27, 0.147), (28, 0.195), (29, 0.345), (30, 0.694), (31, 0.961)]
[(32, 0.608), (33, 0.686), (34, 0.507), (35, 0.345), (36, 0.307), (37, 0.623), (38, 0.412), (39, 0.345)]
[(40, 0.345), (41, 0.836), (42, 0.344), (43, 0.344), (44, 0.515), (45, 0.448), (46, 0.344), (47, 0.588)]
[(48, 0.939), (49, 0.344), (50, 0.056), (51, 0.344), (52, 0.216), (53, 0.495), (54, 0.386), (55, 0.082)]
[(56, 0.11), (57, 0.802), (58, 0.344), (59, 0.28), (60, 0.763), (61, 0.476), (62, 0.98), (63, 0.645)]
[(64, 0.414), (65, 0.243), (66, 0.504), (67, 0.016), (68, 0.669), (69, 0.967), (70, 0.24), (71, 0.683)]
[(72, 0.366), (73, 0.184), (74, 0.312), (75, 0.536), (76, 0.36), (77, 0.274), (78, 0.679), (79, 0.591)]
[(80, 0.188), (81, 0.697), (82, 0.457), (83, 0.694), (84, 0.215), (85, 0.92), (86, 0.736), (87, 0.297)]
[(88, 0.491), (89, 0.432), (90, 0.339), (91, 0.067), (92, 0.031), (93, 0.021), (94, 0.976), (95, 0.584)]
[(96, 0.27), (97, 0.909), (98, 0.283), (99, 0.776)]

step: 7, comm: 23

strategia:
[(0, 5), (0, 13), (0, 14), (0, 17), (0, 25), (23, 26), (23, 29), (23, 35), (23, 39), (23, 40)]
[(42, 43), (42, 46), (42, 49), (42, 51), (42, 58)]
-------------------------------------------------------------------------------------

nodos:
[(0, 0.34), (1, 0.055), (2, 0.964), (3, 0.384), (4, 0.193), (5, 0.34), (6, 0.34), (7, 0.157)]
[(8, 0.884), (9, 0.653), (10, 0.111), (11, 0.34), (12, 0.845), (13, 0.34), (14, 0.34), (15, 0.34)]
[(16, 0.34), (17, 0.34), (18, 0.881), (19, 0.852), (20, 0.34), (21, 0.34), (22, 0.86), (23, 0.345)]
[(24, 0.352), (25, 0.34), (26, 0.345), (27, 0.34), (28, 0.195), (29, 0.345), (30, 0.34), (31, 0.34)]
[(32, 0.34), (33, 0.345), (34, 0.507), (35, 0.345), (36, 0.307), (37, 0.345), (38, 0.412), (39, 0.345)]
[(40, 0.345), (41, 0.34), (42, 0.344), (43, 0.344), (44, 0.515), (45, 0.345), (46, 0.344), (47, 0.344)]
[(48, 0.344), (49, 0.344), (50, 0.345), (51, 0.344), (52, 0.216), (53, 0.344), (54, 0.345), (55, 0.082)]
[(56, 0.344), (57, 0.345), (58, 0.344), (59, 0.344), (60, 0.344), (61, 0.34), (62, 0.345), (63, 0.645)]
[(64, 0.414), (65, 0.345), (66, 0.344), (67, 0.344), (68, 0.669), (69, 0.344), (70, 0.24), (71, 0.683)]
[(72, 0.366), (73, 0.344), (74, 0.312), (75, 0.344), (76, 0.36), (77, 0.344), (78, 0.679), (79, 0.591)]
[(80, 0.188), (81, 0.697), (82, 0.457), (83, 0.694), (84, 0.215), (85, 0.92), (86, 0.736), (87, 0.297)]
[(88, 0.491), (89, 0.432), (90, 0.339), (91, 0.067), (92, 0.031), (93, 0.021), (94, 0.976), (95, 0.584)]
[(96, 0.27), (97, 0.909), (98, 0.283), (99, 0.776)]

step: 8, comm: 55

strategia:
[(5, 6), (5, 11), (5, 16), (13, 20), (14, 15), (14, 21), (17, 27), (17, 30), (17, 32), (25, 31)]
[(25, 41), (25, 61), (26, 45), (29, 33), (35, 37), (35, 50), (39, 57), (39, 62), (39, 65), (40, 54)]
[(43, 67), (46, 47), (46, 48), (46, 56), (49, 53), (49, 66), (49, 69), (49, 77), (51, 59), (51, 73)]
[(51, 75), (58, 60)]
-------------------------------------------------------------------------------------

nodos:
[(0, 0.34), (1, 0.055), (2, 0.964), (3, 0.384), (4, 0.193), (5, 0.34), (6, 0.34), (7, 0.34)]
[(8, 0.884), (9, 0.653), (10, 0.111), (11, 0.34), (12, 0.845), (13, 0.34), (14, 0.34), (15, 0.34)]
[(16, 0.34), (17, 0.34), (18, 0.34), (19, 0.34), (20, 0.34), (21, 0.34), (22, 0.34), (23, 0.345)]
[(24, 0.34), (25, 0.34), (26, 0.345), (27, 0.34), (28, 0.195), (29, 0.345), (30, 0.34), (31, 0.34)]
[(32, 0.34), (33, 0.345), (34, 0.34), (35, 0.345), (36, 0.345), (37, 0.345), (38, 0.412), (39, 0.345)]
[(40, 0.345), (41, 0.34), (42, 0.344), (43, 0.344), (44, 0.34), (45, 0.345), (46, 0.344), (47, 0.344)]
[(48, 0.344), (49, 0.344), (50, 0.345), (51, 0.344), (52, 0.344), (53, 0.344), (54, 0.345), (55, 0.082)]
[(56, 0.344), (57, 0.345), (58, 0.344), (59, 0.344), (60, 0.344), (61, 0.34), (62, 0.345), (63, 0.344)]
[(64, 0.344), (65, 0.345), (66, 0.344), (67, 0.344), (68, 0.344), (69, 0.344), (70, 0.344), (71, 0.34)]
[(72, 0.344), (73, 0.344), (74, 0.345), (75, 0.344), (76, 0.345), (77, 0.344), (78, 0.679), (79, 0.344)]
[(80, 0.344), (81, 0.344), (82, 0.344), (83, 0.694), (84, 0.344), (85, 0.92), (86, 0.736), (87, 0.297)]
[(88, 0.491), (89, 0.344), (90, 0.344), (91, 0.067), (92, 0.031), (93, 0.021), (94, 0.976), (95, 0.584)]
[(96, 0.27), (97, 0.909), (98, 0.283), (99, 0.776)]

step: 9, comm: 79

strategia:
[(6, 7), (11, 19), (15, 34), (16, 18), (16, 22), (20, 24), (31, 44), (33, 36), (47, 52), (53, 68)]
[(59, 63), (59, 64), (60, 70), (61, 71), (65, 74), (65, 76), (66, 72), (67, 81), (69, 79), (73, 80)]
[(73, 82), (75, 84), (75, 89), (75, 90)]
-------------------------------------------------------------------------------------

nodos:
[(0, 0.34), (1, 0.344), (2, 0.344), (3, 0.384), (4, 0.344), (5, 0.34), (6, 0.34), (7, 0.34)]
[(8, 0.884), (9, 0.34), (10, 0.111), (11, 0.34), (12, 0.34), (13, 0.34), (14, 0.34), (15, 0.34)]
[(16, 0.34), (17, 0.34), (18, 0.34), (19, 0.34), (20, 0.34), (21, 0.34), (22, 0.34), (23, 0.345)]
[(24, 0.34), (25, 0.34), (26, 0.345), (27, 0.34), (28, 0.34), (29, 0.345), (30, 0.34), (31, 0.34)]
[(32, 0.34), (33, 0.345), (34, 0.34), (35, 0.345), (36, 0.345), (37, 0.345), (38, 0.34), (39, 0.345)]
[(40, 0.345), (41, 0.34), (42, 0.344), (43, 0.344), (44, 0.34), (45, 0.345), (46, 0.344), (47, 0.344)]
[(48, 0.344), (49, 0.344), (50, 0.345), (51, 0.344), (52, 0.344), (53, 0.344), (54, 0.345), (55, 0.345)]
[(56, 0.344), (57, 0.345), (58, 0.344), (59, 0.344), (60, 0.344), (61, 0.34), (62, 0.345), (63, 0.344)]
[(64, 0.344), (65, 0.345), (66, 0.344), (67, 0.344), (68, 0.344), (69, 0.344), (70, 0.344), (71, 0.34)]
[(72, 0.344), (73, 0.344), (74, 0.345), (75, 0.344), (76, 0.345), (77, 0.344), (78, 0.344), (79, 0.344)]
[(80, 0.344), (81, 0.344), (82, 0.344), (83, 0.344), (84, 0.344), (85, 0.344), (86, 0.344), (87, 0.345)]
[(88, 0.345), (89, 0.344), (90, 0.344), (91, 0.34), (92, 0.344), (93, 0.344), (94, 0.345), (95, 0.344)]
[(96, 0.344), (97, 0.344), (98, 0.344), (99, 0.344)]

step: 10, comm: 102

strategia:
[(7, 9), (7, 12), (19, 38), (24, 28), (36, 55), (68, 83), (70, 78), (71, 91), (72, 85), (76, 87)]
[(76, 88), (76, 94), (79, 86), (80, 2), (80, 92), (81, 97), (81, 99), (82, 98), (89, 93), (89, 95)]
[(90, 1), (90, 4), (90, 96)]
-------------------------------------------------------------------------------------

nodos:
[(0, 0.34), (1, 0.344), (2, 0.344), (3, 0.344), (4, 0.344), (5, 0.34), (6, 0.34), (7, 0.34)]
[(8, 0.344), (9, 0.34), (10, 0.344), (11, 0.34), (12, 0.34), (13, 0.34), (14, 0.34), (15, 0.34)]
[(16, 0.34), (17, 0.34), (18, 0.34), (19, 0.34), (20, 0.34), (21, 0.34), (22, 0.34), (23, 0.345)]
[(24, 0.34), (25, 0.34), (26, 0.345), (27, 0.34), (28, 0.34), (29, 0.345), (30, 0.34), (31, 0.34)]
[(32, 0.34), (33, 0.345), (34, 0.34), (35, 0.345), (36, 0.345), (37, 0.345), (38, 0.34), (39, 0.345)]
[(40, 0.345), (41, 0.34), (42, 0.344), (43, 0.344), (44, 0.34), (45, 0.345), (46, 0.344), (47, 0.344)]
[(48, 0.344), (49, 0.344), (50, 0.345), (51, 0.344), (52, 0.344), (53, 0.344), (54, 0.345), (55, 0.345)]
[(56, 0.344), (57, 0.345), (58, 0.344), (59, 0.344), (60, 0.344), (61, 0.34), (62, 0.345), (63, 0.344)]
[(64, 0.344), (65, 0.345), (66, 0.344), (67, 0.344), (68, 0.344), (69, 0.344), (70, 0.344), (71, 0.34)]
[(72, 0.344), (73, 0.344), (74, 0.345), (75, 0.344), (76, 0.345), (77, 0.344), (78, 0.344), (79, 0.344)]
[(80, 0.344), (81, 0.344), (82, 0.344), (83, 0.344), (84, 0.344), (85, 0.344), (86, 0.344), (87, 0.345)]
[(88, 0.345), (89, 0.344), (90, 0.344), (91, 0.34), (92, 0.344), (93, 0.344), (94, 0.345), (95, 0.344)]
[(96, 0.344), (97, 0.344), (98, 0.344), (99, 0.344)]

step: 11, comm: 105

strategia:
[(2, 3), (2, 8), (93, 10)]
-------------------------------------------------------------------------------------

=====================================================================================

Grafo 3

radio: 6.0
nodos:
[(0, 0.506), (1, 0.578), (2, 0.147), (3, 0.771), (4, 0.158), (5, 0.245), (6, 0.384), (7, 0.837)]
[(8, 0.844), (9, 0.677), (10, 0.963), (11, 0.067), (12, 0.118), (13, 0.884), (14, 0.933), (15, 0.359)]
[(16, 0.14), (17, 0.28), (18, 0.775), (19, 0.547), (20, 0.643), (21, 0.029), (22, 0.184), (23, 0.962)]
[(24, 0.044), (25, 0.516), (26, 0.746), (27, 0.168), (28, 0.443), (29, 0.263), (30, 0.238), (31, 0.953)]
[(32, 0.406), (33, 0.774), (34, 0.157), (35, 0.462), (36, 0.198), (37, 0.989), (38, 0.285), (39, 0.239)]
[(40, 0.866), (41, 0.64), (42, 0.637), (43, 0.072), (44, 0.002), (45, 0.982), (46, 0.066), (47, 0.06)]
[(48, 0.347), (49, 0.841), (50, 0.497), (51, 0.233), (52, 0.714), (53, 0.583), (54, 0.088), (55, 0.192)]
[(56, 0.3), (57, 0.488), (58, 0.366), (59, 0.2), (60, 0.236), (61, 0.611), (62, 0.092), (63, 0.674)]
[(64, 0.364), (65, 0.318), (66, 0.256), (67, 0.288), (68, 0.069), (69, 0.55), (70, 0.784), (71, 0.48)]
[(72, 0.972), (73, 0.11), (74, 0.663), (75, 0.329), (76, 0.677), (77, 0.573), (78, 0.135), (79, 0.481)]
[(80, 0.117), (81, 0.572), (82, 0.238), (83, 0.409), (84, 0.312), (85, 0.291), (86, 0.801), (87, 0.307)]
[(88, 0.461), (89, 0.147), (90, 0.529), (91, 0.511), (92, 0.452), (93, 0.245), (94, 0.227), (95, 0.414)]
[(96, 0.943), (97, 0.86), (98, 0.808), (99, 0.067)]

step: 0, comm: 0

strategia:
-------------------------------------------------------------------------------------

nodos:
[(0, 0.572), (1, 0.578), (2, 0.147), (3, 0.771), (4, 0.158), (5, 0.245), (6, 0.384), (7, 0.837)]
[(8, 0.844), (9, 0.574), (10, 0.963), (11, 0.067), (12, 0.118), (13, 0.884), (14, 0.933), (15, 0.359)]
[(16, 0.14), (17, 0.28), (18, 0.775), (19, 0.547), (20, 0.573), (21, 0.029), (22, 0.184), (23, 0.962)]
[(24, 0.044), (25, 0.516), (26, 0.746), (27, 0.168), (28, 0.443), (29, 0.263), (30, 0.238), (31, 0.953)]
[(32, 0.406), (33, 0.774), (34, 0.157), (35, 0.462), (36, 0.198), (37, 0.989), (38, 0.285), (39, 0.239)]
[(40, 0.866), (41, 0.64), (42, 0.637), (43, 0.072), (44, 0.002), (45, 0.982), (46, 0.066), (47, 0.06)]
[(48, 0.347), (49, 0.841), (50, 0.497), (51, 0.233), (52, 0.714), (53, 0.583), (54, 0.088), (55, 0.192)]
[(56, 0.3), (57, 0.488), (58, 0.366), (59, 0.2), (60, 0.236), (61, 0.611), (62, 0.092), (63, 0.674)]
[(64, 0.364), (65, 0.318), (66, 0.256), (67, 0.288), (68, 0.069), (69, 0.55), (70, 0.784), (71, 0.48)]
[(72, 0.972), (73, 0.11), (74, 0.663), (75, 0.329), (76, 0.677), (77, 0.573), (78, 0.135), (79, 0.481)]
[(80, 0.117), (81, 0.572), (82, 0.238), (83, 0.409), (84, 0.312), (85, 0.291), (86, 0.801), (87, 0.307)]
[(88, 0.461), (89, 0.147), (90, 0.529), (91, 0.511), (92, 0.452), (93, 0.245), (94, 0.227), (95, 0.414)]
[(96, 0.943), (97, 0.86), (98, 0.808), (99, 0.067)]

step: 1, comm: 5

strategia:
[(1, 9), (1, 20), (81, 0), (90, 9), (91, 20)]
-------------------------------------------------------------------------------------

nodos:
[(0, 0.572), (1, 0.578), (2, 0.147), (3, 0.771), (4, 0.158), (5, 0.245), (6, 0.384), (7, 0.837)]
[(8, 0.844), (9, 0.574), (10, 0.963), (11, 0.067), (12, 0.118), (13, 0.884), (14, 0.933), (15, 0.359)]
[(16, 0.14), (17, 0.28), (18, 0.775), (19, 0.547), (20, 0.573), (21, 0.029), (22, 0.184), (23, 0.962)]
[(24, 0.044), (25, 0.516), (26, 0.746), (27, 0.168), (28, 0.443), (29, 0.263), (30, 0.238), (31, 0.953)]
[(32, 0.406), (33, 0.774), (34, 0.157), (35, 0.462), (36, 0.198), (37, 0.989), (38, 0.285), (39, 0.239)]
[(40, 0.866), (41, 0.64), (42, 0.637), (43, 0.072), (44, 0.002), (45, 0.982), (46, 0.066), (47, 0.06)]
[(48, 0.347), (49, 0.841), (50, 0.497), (51, 0.233), (52, 0.714), (53, 0.583), (54, 0.088), (55, 0.192)]
[(56, 0.3), (57, 0.488), (58, 0.366), (59, 0.2), (60, 0.236), (61, 0.611), (62, 0.092), (63, 0.674)]
[(64, 0.364), (65, 0.318), (66, 0.256), (67, 0.288), (68, 0.069), (69, 0.55), (70, 0.784), (71, 0.48)]
[(72, 0.972), (73, 0.11), (74, 0.663), (75, 0.329), (76, 0.677), (77, 0.573), (78, 0.135), (79, 0.481)]
[(80, 0.117), (81, 0.572), (82, 0.238), (83, 0.409), (84, 0.312), (85, 0.291), (86, 0.801), (87, 0.307)]
[(88, 0.461), (89, 0.147), (90, 0.529), (91, 0.511), (92, 0.452), (93, 0.245), (94, 0.227), (95, 0.414)]
[(96, 0.943), (97, 0.86), (98, 0.808), (99, 0.067)]

step: 2, comm: 5

strategia:
-------------------------------------------------------------------------------------

nodos:
[(0, 0.572), (1, 0.578), (2, 0.147), (3, 0.771), (4, 0.158), (5, 0.245), (6, 0.384), (7, 0.837)]
[(8, 0.844), (9, 0.574), (10, 0.963), (11, 0.067), (12, 0.118), (13, 0.884), (14, 0.933), (15, 0.359)]
[(16, 0.14), (17, 0.28), (18, 0.775), (19, 0.547), (20, 0.573), (21, 0.029), (22, 0.184), (23, 0.962)]
[(24, 0.044), (25, 0.516), (26, 0.746), (27, 0.168), (28, 0.443), (29, 0.263), (30, 0.238), (31, 0.953)]
[(32, 0.406), (33, 0.774), (34, 0.157), (35, 0.462), (36, 0.198), (37, 0.989), (38, 0.285), (39, 0.239)]
[(40, 0.866), (41, 0.64), (42, 0.637), (43, 0.072), (44, 0.002), (45, 0.982), (46, 0.066), (47, 0.06)]
[(48, 0.347), (49, 0.841), (50, 0.497), (51, 0.233), (52, 0.714), (53, 0.583), (54, 0.088), (55, 0.192)]
[(56, 0.3), (57, 0.488), (58, 0.366), (59, 0.2), (60, 0.236), (61, 0.611), (62, 0.092), (63, 0.674)]
[(64, 0.364), (65, 0.318), (66, 0.256), (67, 0.288), (68, 0.069), (69, 0.55), (70, 0.784), (71, 0.48)]
[(72, 0.972), (73, 0.11), (74, 0.663), (75, 0.329), (76, 0.677), (77, 0.573), (78, 0.135), (79, 0.481)]
[(80, 0.117), (81, 0.572), (82, 0.238), (83, 0.409), (84, 0.312), (85, 0.291), (86, 0.801), (87, 0.307)]
[(88, 0.461), (89, 0.147), (90, 0.529), (91, 0.511), (92, 0.452), (93, 0.245), (94, 0.227), (95, 0.414)]
[(96, 0.943), (97, 0.86), (98, 0.808), (99, 0.067)]

step: 3, comm: 5

strategia:
-------------------------------------------------------------------------------------

nodos:
[(0, 0.572), (1, 0.578), (2, 0.147), (3, 0.771), (4, 0.158), (5, 0.245), (6, 0.384), (7, 0.837)]
[(8, 0.844), (9, 0.574), (10, 0.963), (11, 0.067), (12, 0.118), (13, 0.884), (14, 0.933), (15, 0.359)]
[(16, 0.14), (17, 0.28), (18, 0.775), (19, 0.547), (20, 0.573), (21, 0.029), (22, 0.184), (23, 0.962)]
[(24, 0.044), (25, 0.516), (26, 0.746), (27, 0.168), (28, 0.443), (29, 0.263), (30, 0.238), (31, 0.953)]
[(32, 0.406), (33, 0.774), (34, 0.157), (35, 0.462), (36, 0.198), (37, 0.989), (38, 0.285), (39, 0.239)]
[(40, 0.866), (41, 0.64), (42, 0.637), (43, 0.072), (44, 0.002), (45, 0.982), (46, 0.066), (47, 0.06)]
[(48, 0.347), (49, 0.841), (50, 0.497), (51, 0.233), (52, 0.714), (53, 0.583), (54, 0.088), (55, 0.192)]
[(56, 0.3), (57, 0.488), (58, 0.366), (59, 0.2), (60, 0.236), (61, 0.611), (62, 0.092), (63, 0.674)]
[(64, 0.364), (65, 0.318), (66, 0.256), (67, 0.288), (68, 0.069), (69, 0.55), (70, 0.784), (71, 0.48)]
[(72, 0.972), (73, 0.11), (74, 0.663), (75, 0.329), (76, 0.677), (77, 0.573), (78, 0.135), (79, 0.481)]
[(80, 0.117), (81, 0.572), (82, 0.238), (83, 0.409), (84, 0.312), (85, 0.291), (86, 0.801), (87, 0.307)]
[(88, 0.461), (89, 0.147), (90, 0.529), (91, 0.511), (92, 0.452), (93, 0.245), (94, 0.227), (95, 0.414)]
[(96, 0.943), (97, 0.86), (98, 0.808), (99, 0.067)]

step: 4, comm: 5

strategia:
-------------------------------------------------------------------------------------

nodos:
[(0, 0.572), (1, 0.578), (2, 0.147), (3, 0.771), (4, 0.158), (5, 0.245), (6, 0.384), (7, 0.837)]
[(8, 0.844), (9, 0.574), (10, 0.963), (11, 0.067), (12, 0.118), (13, 0.884), (14, 0.933), (15, 0.359)]
[(16, 0.14), (17, 0.28), (18, 0.775), (19, 0.547), (20, 0.573), (21, 0.029), (22, 0.184), (23, 0.962)]
[(24, 0.044), (25, 0.516), (26, 0.746), (27, 0.168), (28, 0.443), (29, 0.263), (30, 0.238), (31, 0.953)]
[(32, 0.406), (33, 0.774), (34, 0.157), (35, 0.462), (36, 0.198), (37, 0.989), (38, 0.285), (39, 0.239)]
[(40, 0.866), (41, 0.64), (42, 0.637), (43, 0.072), (44, 0.002), (45, 0.982), (46, 0.066), (47, 0.06)]
[(48, 0.347), (49, 0.841), (50, 0.497), (51, 0.233), (52, 0.714), (53, 0.583), (54, 0.088), (55, 0.192)]
[(56, 0.3), (57, 0.488), (58, 0.366), (59, 0.2), (60, 0.236), (61, 0.611), (62, 0.092), (63, 0.674)]
[(64, 0.364), (65, 0.318), (66, 0.256), (67, 0.288), (68, 0.069), (69, 0.55), (70, 0.784), (71, 0.48)]
[(72, 0.972), (73, 0.11), (74, 0.663), (75, 0.329), (76, 0.677), (77, 0.573), (78, 0.135), (79, 0.481)]
[(80, 0.117), (81, 0.572), (82, 0.238), (83, 0.409), (84, 0.312), (85, 0.291), (86, 0.801), (87, 0.307)]
[(88, 0.461), (89, 0.147), (90, 0.529), (91, 0.511), (92, 0.452), (93, 0.245), (94, 0.227), (95, 0.414)]
[(96, 0.943), (97, 0.86), (98, 0.808), (99, 0.067)]

step: 5, comm: 5

strategia:
-------------------------------------------------------------------------------------

nodos:
[(0, 0.572), (1, 0.578), (2, 0.147), (3, 0.771), (4, 0.158), (5, 0.245), (6, 0.384), (7, 0.837)]
[(8, 0.844), (9, 0.574), (10, 0.963), (11, 0.067), (12, 0.118), (13, 0.884), (14, 0.933), (15, 0.359)]
[(16, 0.14), (17, 0.28), (18, 0.775), (19, 0.547), (20, 0.573), (21, 0.029), (22, 0.184), (23, 0.962)]
[(24, 0.044), (25, 0.516), (26, 0.746), (27, 0.168), (28, 0.443), (29, 0.263), (30, 0.238), (31, 0.953)]
[(32, 0.406), (33, 0.774), (34, 0.157), (35, 0.462), (36, 0.198), (37, 0.989), (38, 0.285), (39, 0.239)]
[(40, 0.866), (41, 0.64), (42, 0.637), (43, 0.072), (44, 0.002), (45, 0.982), (46, 0.066), (47, 0.06)]
[(48, 0.347), (49, 0.841), (50, 0.497), (51, 0.233), (52, 0.714), (53, 0.583), (54, 0.088), (55, 0.192)]
[(56, 0.3), (57, 0.488), (58, 0.366), (59, 0.2), (60, 0.236), (61, 0.611), (62, 0.092), (63, 0.674)]
[(64, 0.364), (65, 0.318), (66, 0.256), (67, 0.288), (68, 0.069), (69, 0.55), (70, 0.784), (71, 0.48)]
[(72, 0.972), (73, 0.11), (74, 0.663), (75, 0.329), (76, 0.677), (77, 0.573), (78, 0.135), (79, 0.481)]
[(80, 0.117), (81, 0.572), (82, 0.238), (83, 0.409), (84, 0.312), (85, 0.291), (86, 0.801), (87, 0.307)]
[(88, 0.461), (89, 0.147), (90, 0.529), (91, 0.511), (92, 0.452), (93, 0.245), (94, 0.227), (95, 0.414)]
[(96, 0.943), (97, 0.86), (98, 0.808), (99, 0.067)]

step: 6, comm: 5

strategia:
-------------------------------------------------------------------------------------

nodos:
[(0, 0.572), (1, 0.578), (2, 0.147), (3, 0.572), (4, 0.158), (5, 0.245), (6, 0.384), (7, 0.837)]
[(8, 0.844), (9, 0.574), (10, 0.572), (11, 0.067), (12, 0.572), (13, 0.572), (14, 0.572), (15, 0.359)]
[(16, 0.14), (17, 0.28), (18, 0.574), (19, 0.547), (20, 0.573), (21, 0.574), (22, 0.184), (23, 0.573)]
[(24, 0.044), (25, 0.516), (26, 0.573), (27, 0.168), (28, 0.574), (29, 0.263), (30, 0.238), (31, 0.953)]
[(32, 0.406), (33, 0.573), (34, 0.157), (35, 0.462), (36, 0.574), (37, 0.573), (38, 0.285), (39, 0.574)]
[(40, 0.866), (41, 0.573), (42, 0.637), (43, 0.072), (44, 0.002), (45, 0.982), (46, 0.066), (47, 0.06)]
[(48, 0.347), (49, 0.841), (50, 0.497), (51, 0.233), (52, 0.714), (53, 0.583), (54, 0.088), (55, 0.192)]
[(56, 0.3), (57, 0.488), (58, 0.366), (59, 0.2), (60, 0.236), (61, 0.611), (62, 0.092), (63, 0.674)]
[(64, 0.364), (65, 0.318), (66, 0.256), (67, 0.288), (68, 0.069), (69, 0.55), (70, 0.784), (71, 0.48)]
[(72, 0.972), (73, 0.11), (74, 0.663), (75, 0.329), (76, 0.677), (77, 0.573), (78, 0.135), (79, 0.481)]
[(80, 0.117), (81, 0.572), (82, 0.238), (83, 0.409), (84, 0.312), (85, 0.291), (86, 0.801), (87, 0.307)]
[(88, 0.461), (89, 0.147), (90, 0.529), (91, 0.511), (92, 0.452), (93, 0.245), (94, 0.227), (95, 0.414)]
[(96, 0.943), (97, 0.86), (98, 0.808), (99, 0.067)]

step: 7, comm: 20

strategia:
[(0, 3), (0, 10), (0, 12), (0, 13), (0, 14), (9, 18), (9, 21), (9, 28), (9, 36), (9, 39)]
[(20, 23), (20, 26), (20, 33), (20, 37), (20, 41)]
-------------------------------------------------------------------------------------

nodos:
[(0, 0.572), (1, 0.578), (2, 0.147), (3, 0.572), (4, 0.158), (5, 0.245), (6, 0.384), (7, 0.837)]
[(8, 0.572), (9, 0.574), (10, 0.572), (11, 0.067), (12, 0.572), (13, 0.572), (14, 0.572), (15, 0.572)]
[(16, 0.572), (17, 0.28), (18, 0.574), (19, 0.572), (20, 0.573), (21, 0.574), (22, 0.184), (23, 0.573)]
[(24, 0.572), (25, 0.574), (26, 0.573), (27, 0.574), (28, 0.574), (29, 0.263), (30, 0.572), (31, 0.574)]
[(32, 0.572), (33, 0.573), (34, 0.572), (35, 0.573), (36, 0.574), (37, 0.573), (38, 0.573), (39, 0.574)]
[(40, 0.573), (41, 0.573), (42, 0.574), (43, 0.574), (44, 0.574), (45, 0.573), (46, 0.574), (47, 0.574)]
[(48, 0.574), (49, 0.574), (50, 0.572), (51, 0.572), (52, 0.714), (53, 0.573), (54, 0.088), (55, 0.192)]
[(56, 0.3), (57, 0.488), (58, 0.366), (59, 0.2), (60, 0.573), (61, 0.611), (62, 0.092), (63, 0.674)]
[(64, 0.364), (65, 0.318), (66, 0.256), (67, 0.288), (68, 0.069), (69, 0.55), (70, 0.784), (71, 0.48)]
[(72, 0.972), (73, 0.11), (74, 0.663), (75, 0.329), (76, 0.677), (77, 0.573), (78, 0.135), (79, 0.481)]
[(80, 0.117), (81, 0.572), (82, 0.238), (83, 0.409), (84, 0.312), (85, 0.291), (86, 0.801), (87, 0.307)]
[(88, 0.461), (89, 0.147), (90, 0.529), (91, 0.511), (92, 0.452), (93, 0.245), (94, 0.227), (95, 0.414)]
[(96, 0.943), (97, 0.86), (98, 0.808), (99, 0.067)]

step: 8, comm: 46

strategia:
[(3, 8), (3, 16), (10, 50), (10, 51), (12, 30), (12, 32), (12, 34), (13, 15), (13, 24), (14, 19)]
[(18, 25), (21, 27), (23, 38), (23, 40), (26, 35), (28, 31), (28, 47), (28, 48), (36, 42), (36, 43)]
[(37, 45), (37, 53), (37, 60), (39, 44), (39, 46), (39, 49)]
-------------------------------------------------------------------------------------

nodos:
[(0, 0.572), (1, 0.578), (2, 0.147), (3, 0.572), (4, 0.158), (5, 0.245), (6, 0.384), (7, 0.837)]
[(8, 0.572), (9, 0.574), (10, 0.572), (11, 0.067), (12, 0.572), (13, 0.572), (14, 0.572), (15, 0.572)]
[(16, 0.572), (17, 0.28), (18, 0.574), (19, 0.572), (20, 0.573), (21, 0.574), (22, 0.572), (23, 0.573)]
[(24, 0.572), (25, 0.574), (26, 0.573), (27, 0.574), (28, 0.574), (29, 0.572), (30, 0.572), (31, 0.574)]
[(32, 0.572), (33, 0.573), (34, 0.572), (35, 0.573), (36, 0.574), (37, 0.573), (38, 0.573), (39, 0.574)]
[(40, 0.573), (41, 0.573), (42, 0.574), (43, 0.574), (44, 0.574), (45, 0.573), (46, 0.574), (47, 0.574)]
[(48, 0.574), (49, 0.574), (50, 0.572), (51, 0.572), (52, 0.573), (53, 0.573), (54, 0.573), (55, 0.572)]
[(56, 0.574), (57, 0.574), (58, 0.572), (59, 0.2), (60, 0.573), (61, 0.574), (62, 0.574), (63, 0.573)]
[(64, 0.572), (65, 0.572), (66, 0.573), (67, 0.288), (68, 0.069), (69, 0.55), (70, 0.784), (71, 0.574)]
[(72, 0.573), (73, 0.572), (74, 0.663), (75, 0.329), (76, 0.574), (77, 0.574), (78, 0.135), (79, 0.481)]
[(80, 0.573), (81, 0.572), (82, 0.238), (83, 0.409), (84, 0.312), (85, 0.573), (86, 0.801), (87, 0.573)]
[(88, 0.461), (89, 0.147), (90, 0.529), (91, 0.511), (92, 0.452), (93, 0.245), (94, 0.227), (95, 0.414)]
[(96, 0.943), (97, 0.86), (98, 0.808), (99, 0.067)]

step: 9, comm: 68

strategia:
[(16, 29), (19, 22), (34, 55), (38, 52), (38, 54), (44, 57), (44, 61), (44, 62), (45, 80), (45, 85)]
[(45, 87), (46, 56), (47, 71), (47, 76), (47, 77), (50, 58), (50, 73), (51, 64), (51, 65), (53, 63)]
[(53, 72), (60, 66)]
-------------------------------------------------------------------------------------

nodos:
[(0, 0.572), (1, 0.574), (2, 0.574), (3, 0.572), (4, 0.158), (5, 0.245), (6, 0.384), (7, 0.837)]
[(8, 0.572), (9, 0.574), (10, 0.572), (11, 0.067), (12, 0.572), (13, 0.572), (14, 0.572), (15, 0.572)]
[(16, 0.572), (17, 0.28), (18, 0.574), (19, 0.572), (20, 0.573), (21, 0.574), (22, 0.572), (23, 0.573)]
[(24, 0.572), (25, 0.574), (26, 0.573), (27, 0.574), (28, 0.574), (29, 0.572), (30, 0.572), (31, 0.574)]
[(32, 0.572), (33, 0.573), (34, 0.572), (35, 0.573), (36, 0.574), (37, 0.573), (38, 0.573), (39, 0.574)]
[(40, 0.573), (41, 0.573), (42, 0.574), (43, 0.574), (44, 0.574), (45, 0.573), (46, 0.574), (47, 0.574)]
[(48, 0.574), (49, 0.574), (50, 0.572), (51, 0.572), (52, 0.573), (53, 0.573), (54, 0.573), (55, 0.572)]
[(56, 0.574), (57, 0.574), (58, 0.572), (59, 0.573), (60, 0.573), (61, 0.574), (62, 0.574), (63, 0.573)]
[(64, 0.572), (65, 0.572), (66, 0.573), (67, 0.572), (68, 0.069), (69, 0.574), (70, 0.573), (71, 0.574)]
[(72, 0.573), (73, 0.572), (74, 0.574), (75, 0.573), (76, 0.574), (77, 0.574), (78, 0.574), (79, 0.572)]
[(80, 0.573), (81, 0.574), (82, 0.572), (83, 0.409), (84, 0.573), (85, 0.573), (86, 0.801), (87, 0.573)]
[(88, 0.572), (89, 0.147), (90, 0.574), (91, 0.511), (92, 0.573), (93, 0.245), (94, 0.574), (95, 0.414)]
[(96, 0.574), (97, 0.573), (98, 0.573), (99, 0.573)]

step: 10, comm: 89

strategia:
[(52, 59), (54, 70), (54, 75), (58, 67), (61, 69), (61, 74), (71, 78), (71, 81), (72, 97), (72, 99)]
[(73, 79), (73, 82), (73, 88), (76, 2), (76, 94), (76, 96), (77, 1), (77, 90), (80, 84), (80, 98)]
[(85, 92)]
-------------------------------------------------------------------------------------

nodos:
[(0, 0.572), (1, 0.574), (2, 0.574), (3, 0.572), (4, 0.573), (5, 0.573), (6, 0.573), (7, 0.573)]
[(8, 0.572), (9, 0.574), (10, 0.572), (11, 0.573), (12, 0.572), (13, 0.572), (14, 0.572), (15, 0.572)]
[(16, 0.572), (17, 0.28), (18, 0.574), (19, 0.572), (20, 0.573), (21, 0.574), (22, 0.572), (23, 0.573)]
[(24, 0.572), (25, 0.574), (26, 0.573), (27, 0.574), (28, 0.574), (29, 0.572), (30, 0.572), (31, 0.574)]
[(32, 0.572), (33, 0.573), (34, 0.572), (35, 0.573), (36, 0.574), (37, 0.573), (38, 0.573), (39, 0.574)]
[(40, 0.573), (41, 0.573), (42, 0.574), (43, 0.574), (44, 0.574), (45, 0.573), (46, 0.574), (47, 0.574)]
[(48, 0.574), (49, 0.574), (50, 0.572), (51, 0.572), (52, 0.573), (53, 0.573), (54, 0.573), (55, 0.572)]
[(56, 0.574), (57, 0.574), (58, 0.572), (59, 0.573), (60, 0.573), (61, 0.574), (62, 0.574), (63, 0.573)]
[(64, 0.572), (65, 0.572), (66, 0.573), (67, 0.572), (68, 0.572), (69, 0.574), (70, 0.573), (71, 0.574)]
[(72, 0.573), (73, 0.572), (74, 0.574), (75, 0.573), (76, 0.574), (77, 0.574), (78, 0.574), (79, 0.572)]
[(80, 0.573), (81, 0.574), (82, 0.572), (83, 0.574), (84, 0.573), (85, 0.573), (86, 0.573), (87, 0.573)]
[(88, 0.572), (89, 0.573), (90, 0.574), (91, 0.573), (92, 0.573), (93, 0.574), (94, 0.574), (95, 0.414)]
[(96, 0.574), (97, 0.573), (98, 0.573), (99, 0.573)]

step: 11, comm: 100

strategia:
[(67, 68), (75, 91), (78, 83), (81, 93), (84, 86), (84, 89), (92, 5), (97, 4), (97, 6), (98, 11)]
[(99, 7)]
-------------------------------------------------------------------------------------

nodos:
[(0, 0.572), (1, 0.574), (2, 0.574), (3, 0.572), (4, 0.573), (5, 0.573), (6, 0.573), (7, 0.573)]
[(8, 0.572), (9, 0.574), (10, 0.572), (11, 0.573), (12, 0.572), (13, 0.572), (14, 0.572), (15, 0.572)]
[(16, 0.572), (17, 0.573), (18, 0.574), (19, 0.572), (20, 0.573), (21, 0.574), (22, 0.572), (23, 0.573)]
[(24, 0.572), (25, 0.574), (26, 0.573), (27, 0.574), (28, 0.574), (29, 0.572), (30, 0.572), (31, 0.574)]
[(32, 0.572), (33, 0.573), (34, 0.572), (35, 0.573), (36, 0.574), (37, 0.573), (38, 0.573), (39, 0.574)]
[(40, 0.573), (41, 0.573), (42, 0.574), (43, 0.574), (44, 0.574), (45, 0.573), (46, 0.574), (47, 0.574)]
[(48, 0.574), (49, 0.574), (50, 0.572), (51, 0.572), (52, 0.573), (53, 0.573), (54, 0.573), (55, 0.572)]
[(56, 0.574), (57, 0.574), (58, 0.572), (59, 0.573), (60, 0.573), (61, 0.574), (62, 0.574), (63, 0.573)]
[(64, 0.572), (65, 0.572), (66, 0.573), (67, 0.572), (68, 0.572), (69, 0.574), (70, 0.573), (71, 0.574)]
[(72, 0.573), (73, 0.572), (74, 0.574), (75, 0.573), (76, 0.574), (77, 0.574), (78, 0.574), (79, 0.572)]
[(80, 0.573), (81, 0.574), (82, 0.572), (83, 0.574), (84, 0.573), (85, 0.573), (86, 0.573), (87, 0.573)]
[(88, 0.572), (89, 0.573), (90, 0.574), (91, 0.573), (92, 0.573), (93, 0.574), (94, 0.574), (95, 0.573)]
[(96, 0.574), (97, 0.573), (98, 0.573), (99, 0.573)]

step: 12, comm: 102

strategia:
[(5, 17), (86, 95)]
-------------------------------------------------------------------------------------

=====================================================================================

