Grafo 1

radio: 6.0
nodos:
[(0, 0.495), (1, 0.669), (2, 0.704), (3, 0.282), (4, 0.588), (5, 0.436), (6, 0.611), (7, 0.183)]
[(8, 0.98), (9, 0.526), (10, 0.504), (11, 0.076), (12, 0.422), (13, 0.997), (14, 0.182), (15, 0.369)]
[(16, 0.914), (17, 0.785), (18, 0.514), (19, 0.601), (20, 0.341), (21, 0.594), (22, 0.892), (23, 0.91)]
[(24, 0.153), (25, 0.542), (26, 0.836), (27, 0.72), (28, 0.128), (29, 0.605), (30, 0.621), (31, 0.319)]
[(32, 0.989), (33, 0.813), (34, 0.412), (35, 0.334), (36, 0.975), (37, 0.87), (38, 0.695), (39, 0.732)]
[(40, 0.017), (41, 0.794), (42, 0.698), (43, 0.472), (44, 0.268), (45, 0.757), (46, 0.167), (47, 0.196)]
[(48, 0.853), (49, 0.499), (50, 0.18), (51, 0.067), (52, 0.017), (53, 0.373), (54, 0.781), (55, 0.085)]
[(56, 0.483), (57, 0.376), (58, 0.348), (59, 0.076), (60, 0.498), (61, 0.593), (62, 0.106), (63, 0.295)]
[(64, 0.15), (65, 0.246), (66, 0.149), (67, 0.576), (68, 0.259), (69, 0.223), (70, 0.54), (71, 0.556)]
[(72, 0.351), (73, 0.216), (74, 0.292), (75, 0.657), (76, 0.003), (77, 0.034), (78, 0.826), (79, 0.091)]
[(80, 0.093), (81, 0.063), (82, 0.162), (83, 0.287), (84, 0.581), (85, 0.173), (86, 0.209), (87, 0.32)]
[(88, 0.78), (89, 0.994), (90, 0.689), (91, 0.128), (92, 0.553), (93, 0.928), (94, 0.554), (95, 0.526)]
[(96, 0.246), (97, 0.258), (98, 0.269), (99, 0.122)]

step: 0, comm: 0

strategia:
-------------------------------------------------------------------------------------

nodos:
[(0, 0.495), (1, 0.669), (2, 0.704), (3, 0.484), (4, 0.588), (5, 0.553), (6, 0.611), (7, 0.183)]
[(8, 0.98), (9, 0.526), (10, 0.504), (11, 0.076), (12, 0.422), (13, 0.997), (14, 0.182), (15, 0.369)]
[(16, 0.914), (17, 0.628), (18, 0.514), (19, 0.601), (20, 0.341), (21, 0.594), (22, 0.892), (23, 0.91)]
[(24, 0.153), (25, 0.542), (26, 0.836), (27, 0.72), (28, 0.128), (29, 0.605), (30, 0.621), (31, 0.319)]
[(32, 0.989), (33, 0.813), (34, 0.412), (35, 0.334), (36, 0.975), (37, 0.87), (38, 0.695), (39, 0.732)]
[(40, 0.017), (41, 0.794), (42, 0.698), (43, 0.472), (44, 0.268), (45, 0.757), (46, 0.167), (47, 0.196)]
[(48, 0.853), (49, 0.499), (50, 0.18), (51, 0.067), (52, 0.017), (53, 0.373), (54, 0.781), (55, 0.085)]
[(56, 0.483), (57, 0.376), (58, 0.348), (59, 0.076), (60, 0.498), (61, 0.593), (62, 0.106), (63, 0.295)]
[(64, 0.15), (65, 0.246), (66, 0.149), (67, 0.576), (68, 0.259), (69, 0.223), (70, 0.54), (71, 0.556)]
[(72, 0.351), (73, 0.216), (74, 0.292), (75, 0.657), (76, 0.003), (77, 0.034), (78, 0.826), (79, 0.091)]
[(80, 0.093), (81, 0.063), (82, 0.162), (83, 0.287), (84, 0.581), (85, 0.173), (86, 0.209), (87, 0.32)]
[(88, 0.78), (89, 0.994), (90, 0.689), (91, 0.128), (92, 0.553), (93, 0.928), (94, 0.554), (95, 0.526)]
[(96, 0.246), (97, 0.258), (98, 0.269), (99, 0.122)]

step: 1, comm: 6

strategia:
[(2, 17), (15, 17), (83, 3), (92, 3), (92, 5), (94, 17)]
-------------------------------------------------------------------------------------

nodos:
[(0, 0.495), (1, 0.669), (2, 0.704), (3, 0.553), (4, 0.588), (5, 0.553), (6, 0.611), (7, 0.183)]
[(8, 0.98), (9, 0.526), (10, 0.504), (11, 0.076), (12, 0.422), (13, 0.997), (14, 0.182), (15, 0.369)]
[(16, 0.914), (17, 0.554), (18, 0.514), (19, 0.601), (20, 0.341), (21, 0.594), (22, 0.892), (23, 0.91)]
[(24, 0.153), (25, 0.542), (26, 0.836), (27, 0.72), (28, 0.128), (29, 0.605), (30, 0.621), (31, 0.319)]
[(32, 0.989), (33, 0.813), (34, 0.412), (35, 0.334), (36, 0.975), (37, 0.87), (38, 0.695), (39, 0.732)]
[(40, 0.017), (41, 0.794), (42, 0.698), (43, 0.472), (44, 0.268), (45, 0.757), (46, 0.167), (47, 0.196)]
[(48, 0.853), (49, 0.499), (50, 0.18), (51, 0.067), (52, 0.017), (53, 0.373), (54, 0.781), (55, 0.085)]
[(56, 0.483), (57, 0.376), (58, 0.348), (59, 0.076), (60, 0.498), (61, 0.593), (62, 0.106), (63, 0.295)]
[(64, 0.15), (65, 0.246), (66, 0.149), (67, 0.576), (68, 0.259), (69, 0.223), (70, 0.54), (71, 0.556)]
[(72, 0.351), (73, 0.216), (74, 0.292), (75, 0.657), (76, 0.003), (77, 0.034), (78, 0.826), (79, 0.091)]
[(80, 0.093), (81, 0.063), (82, 0.162), (83, 0.287), (84, 0.581), (85, 0.173), (86, 0.209), (87, 0.32)]
[(88, 0.78), (89, 0.994), (90, 0.689), (91, 0.128), (92, 0.553), (93, 0.928), (94, 0.554), (95, 0.526)]
[(96, 0.246), (97, 0.258), (98, 0.269), (99, 0.122)]

step: 2, comm: 8

strategia:
[(92, 3), (94, 17)]
-------------------------------------------------------------------------------------

nodos:
[(0, 0.495), (1, 0.669), (2, 0.704), (3, 0.553), (4, 0.588), (5, 0.553), (6, 0.611), (7, 0.183)]
[(8, 0.98), (9, 0.526), (10, 0.504), (11, 0.076), (12, 0.422), (13, 0.997), (14, 0.182), (15, 0.369)]
[(16, 0.914), (17, 0.554), (18, 0.514), (19, 0.601), (20, 0.341), (21, 0.594), (22, 0.892), (23, 0.91)]
[(24, 0.153), (25, 0.542), (26, 0.836), (27, 0.72), (28, 0.128), (29, 0.605), (30, 0.621), (31, 0.319)]
[(32, 0.989), (33, 0.813), (34, 0.412), (35, 0.334), (36, 0.975), (37, 0.87), (38, 0.695), (39, 0.732)]
[(40, 0.017), (41, 0.794), (42, 0.698), (43, 0.472), (44, 0.268), (45, 0.757), (46, 0.167), (47, 0.196)]
[(48, 0.853), (49, 0.499), (50, 0.18), (51, 0.067), (52, 0.017), (53, 0.373), (54, 0.781), (55, 0.085)]
[(56, 0.483), (57, 0.376), (58, 0.348), (59, 0.076), (60, 0.498), (61, 0.593), (62, 0.106), (63, 0.295)]
[(64, 0.15), (65, 0.246), (66, 0.149), (67, 0.576), (68, 0.259), (69, 0.223), (70, 0.54), (71, 0.556)]
[(72, 0.351), (73, 0.216), (74, 0.292), (75, 0.657), (76, 0.003), (77, 0.034), (78, 0.826), (79, 0.091)]
[(80, 0.093), (81, 0.063), (82, 0.162), (83, 0.287), (84, 0.581), (85, 0.173), (86, 0.209), (87, 0.32)]
[(88, 0.78), (89, 0.994), (90, 0.689), (91, 0.128), (92, 0.553), (93, 0.928), (94, 0.554), (95, 0.526)]
[(96, 0.246), (97, 0.258), (98, 0.269), (99, 0.122)]

step: 3, comm: 8

strategia:
-------------------------------------------------------------------------------------

nodos:
[(0, 0.495), (1, 0.669), (2, 0.704), (3, 0.553), (4, 0.588), (5, 0.553), (6, 0.611), (7, 0.183)]
[(8, 0.98), (9, 0.526), (10, 0.504), (11, 0.076), (12, 0.422), (13, 0.997), (14, 0.182), (15, 0.369)]
[(16, 0.914), (17, 0.554), (18, 0.514), (19, 0.601), (20, 0.341), (21, 0.594), (22, 0.892), (23, 0.91)]
[(24, 0.153), (25, 0.542), (26, 0.836), (27, 0.72), (28, 0.128), (29, 0.605), (30, 0.621), (31, 0.319)]
[(32, 0.989), (33, 0.813), (34, 0.412), (35, 0.334), (36, 0.975), (37, 0.87), (38, 0.695), (39, 0.732)]
[(40, 0.017), (41, 0.794), (42, 0.698), (43, 0.472), (44, 0.268), (45, 0.757), (46, 0.167), (47, 0.196)]
[(48, 0.853), (49, 0.499), (50, 0.18), (51, 0.067), (52, 0.017), (53, 0.373), (54, 0.781), (55, 0.085)]
[(56, 0.483), (57, 0.376), (58, 0.348), (59, 0.076), (60, 0.498), (61, 0.593), (62, 0.106), (63, 0.295)]
[(64, 0.15), (65, 0.246), (66, 0.149), (67, 0.576), (68, 0.259), (69, 0.223), (70, 0.54), (71, 0.556)]
[(72, 0.351), (73, 0.216), (74, 0.292), (75, 0.657), (76, 0.003), (77, 0.034), (78, 0.826), (79, 0.091)]
[(80, 0.093), (81, 0.063), (82, 0.162), (83, 0.287), (84, 0.581), (85, 0.173), (86, 0.209), (87, 0.32)]
[(88, 0.78), (89, 0.994), (90, 0.689), (91, 0.128), (92, 0.553), (93, 0.928), (94, 0.554), (95, 0.526)]
[(96, 0.246), (97, 0.258), (98, 0.269), (99, 0.122)]

step: 4, comm: 8

strategia:
-------------------------------------------------------------------------------------

nodos:
[(0, 0.495), (1, 0.669), (2, 0.704), (3, 0.553), (4, 0.588), (5, 0.553), (6, 0.611), (7, 0.183)]
[(8, 0.98), (9, 0.526), (10, 0.504), (11, 0.076), (12, 0.422), (13, 0.997), (14, 0.182), (15, 0.369)]
[(16, 0.914), (17, 0.554), (18, 0.514), (19, 0.601), (20, 0.341), (21, 0.594), (22, 0.892), (23, 0.91)]
[(24, 0.153), (25, 0.542), (26, 0.836), (27, 0.72), (28, 0.128), (29, 0.605), (30, 0.621), (31, 0.319)]
[(32, 0.989), (33, 0.813), (34, 0.412), (35, 0.334), (36, 0.975), (37, 0.87), (38, 0.695), (39, 0.732)]
[(40, 0.017), (41, 0.794), (42, 0.698), (43, 0.472), (44, 0.268), (45, 0.757), (46, 0.167), (47, 0.196)]
[(48, 0.853), (49, 0.499), (50, 0.18), (51, 0.067), (52, 0.017), (53, 0.373), (54, 0.781), (55, 0.085)]
[(56, 0.483), (57, 0.376), (58, 0.348), (59, 0.076), (60, 0.498), (61, 0.593), (62, 0.106), (63, 0.295)]
[(64, 0.15), (65, 0.246), (66, 0.149), (67, 0.576), (68, 0.259), (69, 0.223), (70, 0.54), (71, 0.556)]
[(72, 0.351), (73, 0.216), (74, 0.292), (75, 0.657), (76, 0.003), (77, 0.034), (78, 0.826), (79, 0.091)]
[(80, 0.093), (81, 0.063), (82, 0.162), (83, 0.287), (84, 0.581), (85, 0.173), (86, 0.209), (87, 0.32)]
[(88, 0.78), (89, 0.994), (90, 0.689), (91, 0.128), (92, 0.553), (93, 0.928), (94, 0.554), (95, 0.526)]
[(96, 0.246), (97, 0.258), (98, 0.269), (99, 0.122)]

step: 5, comm: 8

strategia:
-------------------------------------------------------------------------------------

nodos:
[(0, 0.495), (1, 0.669), (2, 0.704), (3, 0.553), (4, 0.588), (5, 0.553), (6, 0.611), (7, 0.183)]
[(8, 0.98), (9, 0.526), (10, 0.504), (11, 0.076), (12, 0.422), (13, 0.997), (14, 0.182), (15, 0.369)]
[(16, 0.914), (17, 0.554), (18, 0.514), (19, 0.601), (20, 0.341), (21, 0.594), (22, 0.892), (23, 0.91)]
[(24, 0.153), (25, 0.542), (26, 0.836), (27, 0.72), (28, 0.128), (29, 0.605), (30, 0.621), (31, 0.319)]
[(32, 0.989), (33, 0.813), (34, 0.412), (35, 0.334), (36, 0.975), (37, 0.87), (38, 0.695), (39, 0.732)]
[(40, 0.017), (41, 0.794), (42, 0.698), (43, 0.472), (44, 0.268), (45, 0.757), (46, 0.167), (47, 0.196)]
[(48, 0.853), (49, 0.499), (50, 0.18), (51, 0.067), (52, 0.017), (53, 0.373), (54, 0.781), (55, 0.085)]
[(56, 0.483), (57, 0.376), (58, 0.348), (59, 0.076), (60, 0.498), (61, 0.593), (62, 0.106), (63, 0.295)]
[(64, 0.15), (65, 0.246), (66, 0.149), (67, 0.576), (68, 0.259), (69, 0.223), (70, 0.54), (71, 0.556)]
[(72, 0.351), (73, 0.216), (74, 0.292), (75, 0.657), (76, 0.003), (77, 0.034), (78, 0.826), (79, 0.091)]
[(80, 0.093), (81, 0.063), (82, 0.162), (83, 0.287), (84, 0.581), (85, 0.173), (86, 0.209), (87, 0.32)]
[(88, 0.78), (89, 0.994), (90, 0.689), (91, 0.128), (92, 0.553), (93, 0.928), (94, 0.554), (95, 0.526)]
[(96, 0.246), (97, 0.258), (98, 0.269), (99, 0.122)]

step: 6, comm: 8

strategia:
-------------------------------------------------------------------------------------

nodos:
[(0, 0.495), (1, 0.669), (2, 0.704), (3, 0.553), (4, 0.553), (5, 0.553), (6, 0.611), (7, 0.553)]
[(8, 0.98), (9, 0.526), (10, 0.504), (11, 0.553), (12, 0.422), (13, 0.553), (14, 0.553), (15, 0.369)]
[(16, 0.553), (17, 0.554), (18, 0.514), (19, 0.554), (20, 0.341), (21, 0.594), (22, 0.892), (23, 0.91)]
[(24, 0.153), (25, 0.553), (26, 0.836), (27, 0.72), (28, 0.128), (29, 0.605), (30, 0.621), (31, 0.319)]
[(32, 0.989), (33, 0.813), (34, 0.553), (35, 0.334), (36, 0.975), (37, 0.87), (38, 0.695), (39, 0.732)]
[(40, 0.554), (41, 0.794), (42, 0.553), (43, 0.472), (44, 0.553), (45, 0.757), (46, 0.554), (47, 0.196)]
[(48, 0.853), (49, 0.499), (50, 0.18), (51, 0.067), (52, 0.017), (53, 0.373), (54, 0.781), (55, 0.085)]
[(56, 0.483), (57, 0.376), (58, 0.348), (59, 0.554), (60, 0.498), (61, 0.593), (62, 0.106), (63, 0.554)]
[(64, 0.15), (65, 0.246), (66, 0.149), (67, 0.576), (68, 0.259), (69, 0.223), (70, 0.54), (71, 0.556)]
[(72, 0.351), (73, 0.216), (74, 0.292), (75, 0.657), (76, 0.003), (77, 0.034), (78, 0.826), (79, 0.091)]
[(80, 0.093), (81, 0.063), (82, 0.162), (83, 0.287), (84, 0.581), (85, 0.173), (86, 0.209), (87, 0.32)]
[(88, 0.78), (89, 0.994), (90, 0.689), (91, 0.128), (92, 0.553), (93, 0.928), (94, 0.554), (95, 0.526)]
[(96, 0.246), (97, 0.258), (98, 0.269), (99, 0.122)]

step: 7, comm: 23

strategia:
[(3, 4), (3, 25), (3, 34), (3, 42), (3, 44), (5, 7), (5, 11), (5, 13), (5, 14), (5, 16)]
[(17, 19), (17, 40), (17, 46), (17, 59), (17, 63)]
-------------------------------------------------------------------------------------

nodos:
[(0, 0.495), (1, 0.669), (2, 0.704), (3, 0.553), (4, 0.553), (5, 0.553), (6, 0.611), (7, 0.553)]
[(8, 0.98), (9, 0.526), (10, 0.504), (11, 0.553), (12, 0.422), (13, 0.553), (14, 0.553), (15, 0.553)]
[(16, 0.553), (17, 0.554), (18, 0.553), (19, 0.554), (20, 0.341), (21, 0.594), (22, 0.553), (23, 0.91)]
[(24, 0.553), (25, 0.553), (26, 0.554), (27, 0.553), (28, 0.128), (29, 0.605), (30, 0.621), (31, 0.319)]
[(32, 0.989), (33, 0.813), (34, 0.553), (35, 0.553), (36, 0.975), (37, 0.553), (38, 0.695), (39, 0.732)]
[(40, 0.554), (41, 0.554), (42, 0.553), (43, 0.554), (44, 0.553), (45, 0.553), (46, 0.554), (47, 0.553)]
[(48, 0.553), (49, 0.499), (50, 0.553), (51, 0.553), (52, 0.017), (53, 0.553), (54, 0.781), (55, 0.554)]
[(56, 0.554), (57, 0.376), (58, 0.554), (59, 0.554), (60, 0.498), (61, 0.593), (62, 0.106), (63, 0.554)]
[(64, 0.15), (65, 0.554), (66, 0.554), (67, 0.576), (68, 0.259), (69, 0.223), (70, 0.54), (71, 0.556)]
[(72, 0.351), (73, 0.216), (74, 0.292), (75, 0.657), (76, 0.003), (77, 0.034), (78, 0.826), (79, 0.091)]
[(80, 0.093), (81, 0.063), (82, 0.162), (83, 0.287), (84, 0.581), (85, 0.173), (86, 0.209), (87, 0.32)]
[(88, 0.78), (89, 0.994), (90, 0.689), (91, 0.128), (92, 0.553), (93, 0.928), (94, 0.554), (95, 0.526)]
[(96, 0.246), (97, 0.258), (98, 0.269), (99, 0.122)]

step: 8, comm: 44

strategia:
[(4, 15), (4, 35), (4, 37), (11, 18), (11, 24), (13, 22), (19, 26), (25, 27), (40, 41), (40, 43)]
[(42, 47), (42, 48), (42, 50), (44, 45), (44, 51), (44, 53), (46, 55), (46, 56), (46, 58), (59, 66)]
[(63, 65)]
-------------------------------------------------------------------------------------

nodos:
[(0, 0.495), (1, 0.669), (2, 0.704), (3, 0.553), (4, 0.553), (5, 0.553), (6, 0.611), (7, 0.553)]
[(8, 0.98), (9, 0.526), (10, 0.504), (11, 0.553), (12, 0.422), (13, 0.553), (14, 0.553), (15, 0.553)]
[(16, 0.553), (17, 0.554), (18, 0.553), (19, 0.554), (20, 0.553), (21, 0.553), (22, 0.553), (23, 0.91)]
[(24, 0.553), (25, 0.553), (26, 0.554), (27, 0.553), (28, 0.554), (29, 0.605), (30, 0.621), (31, 0.553)]
[(32, 0.553), (33, 0.553), (34, 0.553), (35, 0.553), (36, 0.554), (37, 0.553), (38, 0.553), (39, 0.553)]
[(40, 0.554), (41, 0.554), (42, 0.553), (43, 0.554), (44, 0.553), (45, 0.553), (46, 0.554), (47, 0.553)]
[(48, 0.553), (49, 0.553), (50, 0.553), (51, 0.553), (52, 0.553), (53, 0.553), (54, 0.553), (55, 0.554)]
[(56, 0.554), (57, 0.553), (58, 0.554), (59, 0.554), (60, 0.498), (61, 0.593), (62, 0.553), (63, 0.554)]
[(64, 0.15), (65, 0.554), (66, 0.554), (67, 0.553), (68, 0.553), (69, 0.554), (70, 0.553), (71, 0.554)]
[(72, 0.554), (73, 0.553), (74, 0.292), (75, 0.554), (76, 0.554), (77, 0.554), (78, 0.826), (79, 0.554)]
[(80, 0.554), (81, 0.554), (82, 0.162), (83, 0.287), (84, 0.581), (85, 0.173), (86, 0.209), (87, 0.32)]
[(88, 0.78), (89, 0.994), (90, 0.689), (91, 0.128), (92, 0.553), (93, 0.928), (94, 0.554), (95, 0.526)]
[(96, 0.246), (97, 0.258), (98, 0.269), (99, 0.122)]

step: 9, comm: 71

strategia:
[(15, 20), (15, 21), (18, 33), (18, 39), (22, 38), (24, 31), (26, 28), (26, 36), (27, 32), (45, 68)]
[(45, 70), (47, 54), (47, 62), (48, 49), (48, 57), (50, 52), (51, 67), (53, 73), (56, 76), (56, 79)]
[(56, 81), (58, 72), (58, 75), (65, 71), (66, 69), (66, 77), (66, 80)]
-------------------------------------------------------------------------------------

nodos:
[(0, 0.554), (1, 0.554), (2, 0.553), (3, 0.553), (4, 0.553), (5, 0.553), (6, 0.611), (7, 0.553)]
[(8, 0.98), (9, 0.526), (10, 0.504), (11, 0.553), (12, 0.422), (13, 0.553), (14, 0.553), (15, 0.553)]
[(16, 0.553), (17, 0.554), (18, 0.553), (19, 0.554), (20, 0.553), (21, 0.553), (22, 0.553), (23, 0.91)]
[(24, 0.553), (25, 0.553), (26, 0.554), (27, 0.553), (28, 0.554), (29, 0.553), (30, 0.554), (31, 0.553)]
[(32, 0.553), (33, 0.553), (34, 0.553), (35, 0.553), (36, 0.554), (37, 0.553), (38, 0.553), (39, 0.553)]
[(40, 0.554), (41, 0.554), (42, 0.553), (43, 0.554), (44, 0.553), (45, 0.553), (46, 0.554), (47, 0.553)]
[(48, 0.553), (49, 0.553), (50, 0.553), (51, 0.553), (52, 0.553), (53, 0.553), (54, 0.553), (55, 0.554)]
[(56, 0.554), (57, 0.553), (58, 0.554), (59, 0.554), (60, 0.553), (61, 0.553), (62, 0.553), (63, 0.554)]
[(64, 0.553), (65, 0.554), (66, 0.554), (67, 0.553), (68, 0.553), (69, 0.554), (70, 0.553), (71, 0.554)]
[(72, 0.554), (73, 0.553), (74, 0.554), (75, 0.554), (76, 0.554), (77, 0.554), (78, 0.553), (79, 0.554)]
[(80, 0.554), (81, 0.554), (82, 0.554), (83, 0.554), (84, 0.553), (85, 0.553), (86, 0.553), (87, 0.32)]
[(88, 0.554), (89, 0.554), (90, 0.554), (91, 0.554), (92, 0.553), (93, 0.928), (94, 0.554), (95, 0.526)]
[(96, 0.554), (97, 0.554), (98, 0.553), (99, 0.122)]

step: 10, comm: 94

strategia:
[(20, 29), (28, 30), (39, 61), (49, 60), (62, 64), (67, 78), (68, 85), (69, 74), (70, 2), (70, 98)]
[(71, 88), (72, 83), (73, 84), (73, 86), (75, 0), (75, 82), (75, 91), (76, 89), (76, 94), (79, 96)]
[(79, 97), (80, 1), (80, 90)]
-------------------------------------------------------------------------------------

nodos:
[(0, 0.554), (1, 0.554), (2, 0.553), (3, 0.553), (4, 0.553), (5, 0.553), (6, 0.554), (7, 0.553)]
[(8, 0.554), (9, 0.553), (10, 0.554), (11, 0.553), (12, 0.422), (13, 0.553), (14, 0.553), (15, 0.553)]
[(16, 0.553), (17, 0.554), (18, 0.553), (19, 0.554), (20, 0.553), (21, 0.553), (22, 0.553), (23, 0.91)]
[(24, 0.553), (25, 0.553), (26, 0.554), (27, 0.553), (28, 0.554), (29, 0.553), (30, 0.554), (31, 0.553)]
[(32, 0.553), (33, 0.553), (34, 0.553), (35, 0.553), (36, 0.554), (37, 0.553), (38, 0.553), (39, 0.553)]
[(40, 0.554), (41, 0.554), (42, 0.553), (43, 0.554), (44, 0.553), (45, 0.553), (46, 0.554), (47, 0.553)]
[(48, 0.553), (49, 0.553), (50, 0.553), (51, 0.553), (52, 0.553), (53, 0.553), (54, 0.553), (55, 0.554)]
[(56, 0.554), (57, 0.553), (58, 0.554), (59, 0.554), (60, 0.553), (61, 0.553), (62, 0.553), (63, 0.554)]
[(64, 0.553), (65, 0.554), (66, 0.554), (67, 0.553), (68, 0.553), (69, 0.554), (70, 0.553), (71, 0.554)]
[(72, 0.554), (73, 0.553), (74, 0.554), (75, 0.554), (76, 0.554), (77, 0.554), (78, 0.553), (79, 0.554)]
[(80, 0.554), (81, 0.554), (82, 0.554), (83, 0.554), (84, 0.553), (85, 0.553), (86, 0.553), (87, 0.553)]
[(88, 0.554), (89, 0.554), (90, 0.554), (91, 0.554), (92, 0.553), (93, 0.554), (94, 0.554), (95, 0.554)]
[(96, 0.554), (97, 0.554), (98, 0.553), (99, 0.554)]

step: 11, comm: 103

strategia:
[(0, 10), (1, 6), (61, 87), (85, 92), (88, 95), (89, 93), (96, 8), (97, 99), (98, 9)]
-------------------------------------------------------------------------------------

nodos:
[(0, 0.554), (1, 0.554), (2, 0.553), (3, 0.553), (4, 0.553), (5, 0.553), (6, 0.554), (7, 0.553)]
[(8, 0.554), (9, 0.553), (10, 0.554), (11, 0.553), (12, 0.554), (13, 0.553), (14, 0.553), (15, 0.553)]
[(16, 0.553), (17, 0.554), (18, 0.553), (19, 0.554), (20, 0.553), (21, 0.553), (22, 0.553), (23, 0.554)]
[(24, 0.553), (25, 0.553), (26, 0.554), (27, 0.553), (28, 0.554), (29, 0.553), (30, 0.554), (31, 0.553)]
[(32, 0.553), (33, 0.553), (34, 0.553), (35, 0.553), (36, 0.554), (37, 0.553), (38, 0.553), (39, 0.553)]
[(40, 0.554), (41, 0.554), (42, 0.553), (43, 0.554), (44, 0.553), (45, 0.553), (46, 0.554), (47, 0.553)]
[(48, 0.553), (49, 0.553), (50, 0.553), (51, 0.553), (52, 0.553), (53, 0.553), (54, 0.553), (55, 0.554)]
[(56, 0.554), (57, 0.553), (58, 0.554), (59, 0.554), (60, 0.553), (61, 0.553), (62, 0.553), (63, 0.554)]
[(64, 0.553), (65, 0.554), (66, 0.554), (67, 0.553), (68, 0.553), (69, 0.554), (70, 0.553), (71, 0.554)]
[(72, 0.554), (73, 0.553), (74, 0.554), (75, 0.554), (76, 0.554), (77, 0.554), (78, 0.553), (79, 0.554)]
[(80, 0.554), (81, 0.554), (82, 0.554), (83, 0.554), (84, 0.553), (85, 0.553), (86, 0.553), (87, 0.553)]
[(88, 0.554), (89, 0.554), (90, 0.554), (91, 0.554), (92, 0.553), (93, 0.554), (94, 0.554), (95, 0.554)]
[(96, 0.554), (97, 0.554), (98, 0.553), (99, 0.554)]

step: 12, comm: 105

strategia:
[(6, 12), (8, 23)]
-------------------------------------------------------------------------------------

=====================================================================================

Grafo 2

radio: 6.0
nodos:
[(0, 0.72), (1, 0.356), (2, 0.354), (3, 0.204), (4, 0.265), (5, 0.684), (6, 0.881), (7, 0.835)]
[(8, 0.671), (9, 0.913), (10, 0.729), (11, 0.589), (12, 0.956), (13, 0.73), (14, 0.819), (15, 0.104)]
[(16, 0.7), (17, 0.808), (18, 0.078), (19, 0.717), (20, 0.355), (21, 0.979), (22, 0.764), (23, 0.123)]
[(24, 0.086), (25, 0.784), (26, 0.605), (27, 0.317), (28, 0.572), (29, 0.826), (30, 0.247), (31, 0.684)]
[(32, 0.993), (33, 0.736), (34, 0.938), (35, 0.11), (36, 0.787), (37, 0.341), (38, 0.358), (39, 0.541)]
[(40, 0.798), (41, 0.988), (42, 0.161), (43, 0.107), (44, 0.222), (45, 0.418), (46, 0.427), (47, 0.965)]
[(48, 0.345), (49, 0.583), (50, 0.239), (51, 0.154), (52, 0.095), (53, 0.342), (54, 0.69), (55, 0.441)]
[(56, 0.791), (57, 0.403), (58, 0.812), (59, 0.673), (60, 0.07), (61, 0.697), (62, 0.398), (63, 0.056)]
[(64, 0.777), (65, 0.7), (66, 0.56), (67, 0.958), (68, 0.219), (69, 0.71), (70, 0.32), (71, 0.389)]
[(72, 0.067), (73, 0.455), (74, 0.574), (75, 0.085), (76, 0.273), (77, 0.55), (78, 0.963), (79, 0.87)]
[(80, 0.328), (81, 0.902), (82, 0.485), (83, 0.696), (84, 0.108), (85, 0.499), (86, 0.745), (87, 0.63)]
[(88, 0.141), (89, 0.834), (90, 0.32), (91, 0.753), (92, 0.469), (93, 0.958), (94, 0.481), (95, 0.584)]
[(96, 0.906), (97, 0.296), (98, 0.782), (99, 0.319)]

step: 0, comm: 0

strategia:
-------------------------------------------------------------------------------------

nodos:
[(0, 0.72), (1, 0.356), (2, 0.354), (3, 0.204), (4, 0.265), (5, 0.47), (6, 0.881), (7, 0.835)]
[(8, 0.671), (9, 0.913), (10, 0.729), (11, 0.589), (12, 0.956), (13, 0.73), (14, 0.819), (15, 0.104)]
[(16, 0.7), (17, 0.808), (18, 0.078), (19, 0.717), (20, 0.671), (21, 0.979), (22, 0.764), (23, 0.123)]
[(24, 0.086), (25, 0.784), (26, 0.605), (27, 0.317), (28, 0.572), (29, 0.826), (30, 0.247), (31, 0.684)]
[(32, 0.993), (33, 0.736), (34, 0.938), (35, 0.11), (36, 0.787), (37, 0.341), (38, 0.358), (39, 0.541)]
[(40, 0.798), (41, 0.988), (42, 0.161), (43, 0.107), (44, 0.222), (45, 0.418), (46, 0.427), (47, 0.965)]
[(48, 0.345), (49, 0.583), (50, 0.239), (51, 0.154), (52, 0.095), (53, 0.342), (54, 0.69), (55, 0.441)]
[(56, 0.791), (57, 0.403), (58, 0.812), (59, 0.673), (60, 0.07), (61, 0.697), (62, 0.398), (63, 0.056)]
[(64, 0.777), (65, 0.7), (66, 0.56), (67, 0.958), (68, 0.219), (69, 0.71), (70, 0.32), (71, 0.389)]
[(72, 0.067), (73, 0.455), (74, 0.574), (75, 0.085), (76, 0.273), (77, 0.55), (78, 0.963), (79, 0.87)]
[(80, 0.328), (81, 0.902), (82, 0.485), (83, 0.696), (84, 0.108), (85, 0.499), (86, 0.745), (87, 0.63)]
[(88, 0.141), (89, 0.834), (90, 0.32), (91, 0.753), (92, 0.469), (93, 0.958), (94, 0.481), (95, 0.584)]
[(96, 0.906), (97, 0.296), (98, 0.782), (99, 0.319)]

step: 1, comm: 3

strategia:
[(8, 20), (82, 5), (99, 5)]
-------------------------------------------------------------------------------------

nodos:
[(0, 0.72), (1, 0.356), (2, 0.354), (3, 0.204), (4, 0.265), (5, 0.485), (6, 0.881), (7, 0.835)]
[(8, 0.671), (9, 0.913), (10, 0.729), (11, 0.589), (12, 0.956), (13, 0.73), (14, 0.819), (15, 0.104)]
[(16, 0.7), (17, 0.808), (18, 0.078), (19, 0.717), (20, 0.32), (21, 0.979), (22, 0.764), (23, 0.123)]
[(24, 0.086), (25, 0.784), (26, 0.605), (27, 0.317), (28, 0.572), (29, 0.826), (30, 0.247), (31, 0.684)]
[(32, 0.993), (33, 0.736), (34, 0.938), (35, 0.11), (36, 0.787), (37, 0.341), (38, 0.358), (39, 0.541)]
[(40, 0.798), (41, 0.988), (42, 0.161), (43, 0.107), (44, 0.222), (45, 0.418), (46, 0.427), (47, 0.965)]
[(48, 0.345), (49, 0.583), (50, 0.239), (51, 0.154), (52, 0.095), (53, 0.342), (54, 0.69), (55, 0.441)]
[(56, 0.791), (57, 0.403), (58, 0.812), (59, 0.673), (60, 0.07), (61, 0.697), (62, 0.398), (63, 0.056)]
[(64, 0.777), (65, 0.7), (66, 0.56), (67, 0.958), (68, 0.219), (69, 0.71), (70, 0.32), (71, 0.389)]
[(72, 0.067), (73, 0.455), (74, 0.574), (75, 0.085), (76, 0.273), (77, 0.55), (78, 0.963), (79, 0.87)]
[(80, 0.328), (81, 0.902), (82, 0.485), (83, 0.696), (84, 0.108), (85, 0.499), (86, 0.745), (87, 0.63)]
[(88, 0.141), (89, 0.834), (90, 0.32), (91, 0.753), (92, 0.469), (93, 0.958), (94, 0.481), (95, 0.584)]
[(96, 0.906), (97, 0.296), (98, 0.782), (99, 0.319)]

step: 2, comm: 5

strategia:
[(82, 5), (90, 20)]
-------------------------------------------------------------------------------------

nodos:
[(0, 0.72), (1, 0.356), (2, 0.354), (3, 0.204), (4, 0.265), (5, 0.319), (6, 0.881), (7, 0.835)]
[(8, 0.671), (9, 0.913), (10, 0.729), (11, 0.589), (12, 0.956), (13, 0.73), (14, 0.819), (15, 0.104)]
[(16, 0.7), (17, 0.808), (18, 0.078), (19, 0.717), (20, 0.32), (21, 0.979), (22, 0.764), (23, 0.123)]
[(24, 0.086), (25, 0.784), (26, 0.605), (27, 0.317), (28, 0.572), (29, 0.826), (30, 0.247), (31, 0.684)]
[(32, 0.993), (33, 0.736), (34, 0.938), (35, 0.11), (36, 0.787), (37, 0.341), (38, 0.358), (39, 0.541)]
[(40, 0.798), (41, 0.988), (42, 0.161), (43, 0.107), (44, 0.222), (45, 0.418), (46, 0.427), (47, 0.965)]
[(48, 0.345), (49, 0.583), (50, 0.239), (51, 0.154), (52, 0.095), (53, 0.342), (54, 0.69), (55, 0.441)]
[(56, 0.791), (57, 0.403), (58, 0.812), (59, 0.673), (60, 0.07), (61, 0.697), (62, 0.398), (63, 0.056)]
[(64, 0.777), (65, 0.7), (66, 0.56), (67, 0.958), (68, 0.219), (69, 0.71), (70, 0.32), (71, 0.389)]
[(72, 0.067), (73, 0.455), (74, 0.574), (75, 0.085), (76, 0.273), (77, 0.55), (78, 0.963), (79, 0.87)]
[(80, 0.328), (81, 0.902), (82, 0.485), (83, 0.696), (84, 0.108), (85, 0.499), (86, 0.745), (87, 0.63)]
[(88, 0.141), (89, 0.834), (90, 0.32), (91, 0.753), (92, 0.469), (93, 0.958), (94, 0.481), (95, 0.584)]
[(96, 0.906), (97, 0.296), (98, 0.782), (99, 0.319)]

step: 3, comm: 6

strategia:
[(99, 5)]
-------------------------------------------------------------------------------------

nodos:
[(0, 0.72), (1, 0.356), (2, 0.354), (3, 0.204), (4, 0.265), (5, 0.319), (6, 0.881), (7, 0.835)]
[(8, 0.671), (9, 0.913), (10, 0.729), (11, 0.589), (12, 0.956), (13, 0.73), (14, 0.819), (15, 0.104)]
[(16, 0.7), (17, 0.808), (18, 0.078), (19, 0.717), (20, 0.32), (21, 0.979), (22, 0.764), (23, 0.123)]
[(24, 0.086), (25, 0.784), (26, 0.605), (27, 0.317), (28, 0.572), (29, 0.826), (30, 0.247), (31, 0.684)]
[(32, 0.993), (33, 0.736), (34, 0.938), (35, 0.11), (36, 0.787), (37, 0.341), (38, 0.358), (39, 0.541)]
[(40, 0.798), (41, 0.988), (42, 0.161), (43, 0.107), (44, 0.222), (45, 0.418), (46, 0.427), (47, 0.965)]
[(48, 0.345), (49, 0.583), (50, 0.239), (51, 0.154), (52, 0.095), (53, 0.342), (54, 0.69), (55, 0.441)]
[(56, 0.791), (57, 0.403), (58, 0.812), (59, 0.673), (60, 0.07), (61, 0.697), (62, 0.398), (63, 0.056)]
[(64, 0.777), (65, 0.7), (66, 0.56), (67, 0.958), (68, 0.219), (69, 0.71), (70, 0.32), (71, 0.389)]
[(72, 0.067), (73, 0.455), (74, 0.574), (75, 0.085), (76, 0.273), (77, 0.55), (78, 0.963), (79, 0.87)]
[(80, 0.328), (81, 0.902), (82, 0.485), (83, 0.696), (84, 0.108), (85, 0.499), (86, 0.745), (87, 0.63)]
[(88, 0.141), (89, 0.834), (90, 0.32), (91, 0.753), (92, 0.469), (93, 0.958), (94, 0.481), (95, 0.584)]
[(96, 0.906), (97, 0.296), (98, 0.782), (99, 0.319)]

step: 4, comm: 6

strategia:
-------------------------------------------------------------------------------------

nodos:
[(0, 0.72), (1, 0.356), (2, 0.354), (3, 0.204), (4, 0.265), (5, 0.319), (6, 0.881), (7, 0.835)]
[(8, 0.671), (9, 0.913), (10, 0.729), (11, 0.589), (12, 0.956), (13, 0.73), (14, 0.819), (15, 0.104)]
[(16, 0.7), (17, 0.808), (18, 0.078), (19, 0.717), (20, 0.32), (21, 0.979), (22, 0.764), (23, 0.123)]
[(24, 0.086), (25, 0.784), (26, 0.605), (27, 0.317), (28, 0.572), (29, 0.826), (30, 0.247), (31, 0.684)]
[(32, 0.993), (33, 0.736), (34, 0.938), (35, 0.11), (36, 0.787), (37, 0.341), (38, 0.358), (39, 0.541)]
[(40, 0.798), (41, 0.988), (42, 0.161), (43, 0.107), (44, 0.222), (45, 0.418), (46, 0.427), (47, 0.965)]
[(48, 0.345), (49, 0.583), (50, 0.239), (51, 0.154), (52, 0.095), (53, 0.342), (54, 0.69), (55, 0.441)]
[(56, 0.791), (57, 0.403), (58, 0.812), (59, 0.673), (60, 0.07), (61, 0.697), (62, 0.398), (63, 0.056)]
[(64, 0.777), (65, 0.7), (66, 0.56), (67, 0.958), (68, 0.219), (69, 0.71), (70, 0.32), (71, 0.389)]
[(72, 0.067), (73, 0.455), (74, 0.574), (75, 0.085), (76, 0.273), (77, 0.55), (78, 0.963), (79, 0.87)]
[(80, 0.328), (81, 0.902), (82, 0.485), (83, 0.696), (84, 0.108), (85, 0.499), (86, 0.745), (87, 0.63)]
[(88, 0.141), (89, 0.834), (90, 0.32), (91, 0.753), (92, 0.469), (93, 0.958), (94, 0.481), (95, 0.584)]
[(96, 0.906), (97, 0.296), (98, 0.782), (99, 0.319)]

step: 5, comm: 6

strategia:
-------------------------------------------------------------------------------------

nodos:
[(0, 0.72), (1, 0.356), (2, 0.354), (3, 0.204), (4, 0.265), (5, 0.319), (6, 0.881), (7, 0.835)]
[(8, 0.671), (9, 0.913), (10, 0.729), (11, 0.589), (12, 0.956), (13, 0.73), (14, 0.819), (15, 0.104)]
[(16, 0.7), (17, 0.808), (18, 0.078), (19, 0.717), (20, 0.32), (21, 0.979), (22, 0.764), (23, 0.123)]
[(24, 0.086), (25, 0.784), (26, 0.605), (27, 0.317), (28, 0.572), (29, 0.826), (30, 0.247), (31, 0.684)]
[(32, 0.993), (33, 0.736), (34, 0.938), (35, 0.11), (36, 0.787), (37, 0.341), (38, 0.358), (39, 0.541)]
[(40, 0.798), (41, 0.988), (42, 0.161), (43, 0.107), (44, 0.222), (45, 0.418), (46, 0.427), (47, 0.965)]
[(48, 0.345), (49, 0.583), (50, 0.239), (51, 0.154), (52, 0.095), (53, 0.342), (54, 0.69), (55, 0.441)]
[(56, 0.791), (57, 0.403), (58, 0.812), (59, 0.673), (60, 0.07), (61, 0.697), (62, 0.398), (63, 0.056)]
[(64, 0.777), (65, 0.7), (66, 0.56), (67, 0.958), (68, 0.219), (69, 0.71), (70, 0.32), (71, 0.389)]
[(72, 0.067), (73, 0.455), (74, 0.574), (75, 0.085), (76, 0.273), (77, 0.55), (78, 0.963), (79, 0.87)]
[(80, 0.328), (81, 0.902), (82, 0.485), (83, 0.696), (84, 0.108), (85, 0.499), (86, 0.745), (87, 0.63)]
[(88, 0.141), (89, 0.834), (90, 0.32), (91, 0.753), (92, 0.469), (93, 0.958), (94, 0.481), (95, 0.584)]
[(96, 0.906), (97, 0.296), (98, 0.782), (99, 0.319)]

step: 6, comm: 6

strategia:
-------------------------------------------------------------------------------------

nodos:
[(0, 0.72), (1, 0.356), (2, 0.354), (3, 0.204), (4, 0.265), (5, 0.319), (6, 0.881), (7, 0.319)]
[(8, 0.671), (9, 0.913), (10, 0.729), (11, 0.589), (12, 0.956), (13, 0.73), (14, 0.819), (15, 0.104)]
[(16, 0.7), (17, 0.808), (18, 0.078), (19, 0.319), (20, 0.32), (21, 0.979), (22, 0.319), (23, 0.32)]
[(24, 0.086), (25, 0.32), (26, 0.605), (27, 0.317), (28, 0.572), (29, 0.319), (30, 0.247), (31, 0.32)]
[(32, 0.32), (33, 0.32), (34, 0.319), (35, 0.11), (36, 0.787), (37, 0.341), (38, 0.358), (39, 0.541)]
[(40, 0.798), (41, 0.988), (42, 0.161), (43, 0.107), (44, 0.222), (45, 0.418), (46, 0.427), (47, 0.965)]
[(48, 0.345), (49, 0.583), (50, 0.239), (51, 0.154), (52, 0.095), (53, 0.317), (54, 0.69), (55, 0.317)]
[(56, 0.791), (57, 0.403), (58, 0.812), (59, 0.673), (60, 0.07), (61, 0.697), (62, 0.317), (63, 0.317)]
[(64, 0.317), (65, 0.7), (66, 0.56), (67, 0.958), (68, 0.219), (69, 0.71), (70, 0.32), (71, 0.389)]
[(72, 0.067), (73, 0.455), (74, 0.574), (75, 0.085), (76, 0.273), (77, 0.55), (78, 0.963), (79, 0.87)]
[(80, 0.328), (81, 0.902), (82, 0.485), (83, 0.696), (84, 0.108), (85, 0.499), (86, 0.745), (87, 0.63)]
[(88, 0.141), (89, 0.834), (90, 0.32), (91, 0.753), (92, 0.469), (93, 0.958), (94, 0.481), (95, 0.584)]
[(96, 0.906), (97, 0.296), (98, 0.782), (99, 0.319)]

step: 7, comm: 21

strategia:
[(5, 7), (5, 19), (5, 22), (5, 29), (5, 34), (20, 23), (20, 25), (20, 31), (20, 32), (20, 33)]
[(27, 53), (27, 55), (27, 62), (27, 63), (27, 64)]
-------------------------------------------------------------------------------------

nodos:
[(0, 0.72), (1, 0.356), (2, 0.354), (3, 0.204), (4, 0.265), (5, 0.319), (6, 0.881), (7, 0.319)]
[(8, 0.671), (9, 0.319), (10, 0.319), (11, 0.589), (12, 0.319), (13, 0.73), (14, 0.819), (15, 0.319)]
[(16, 0.7), (17, 0.808), (18, 0.078), (19, 0.319), (20, 0.32), (21, 0.979), (22, 0.319), (23, 0.32)]
[(24, 0.319), (25, 0.32), (26, 0.32), (27, 0.317), (28, 0.32), (29, 0.319), (30, 0.247), (31, 0.32)]
[(32, 0.32), (33, 0.32), (34, 0.319), (35, 0.32), (36, 0.319), (37, 0.32), (38, 0.32), (39, 0.32)]
[(40, 0.319), (41, 0.319), (42, 0.319), (43, 0.319), (44, 0.222), (45, 0.319), (46, 0.427), (47, 0.32)]
[(48, 0.345), (49, 0.583), (50, 0.32), (51, 0.32), (52, 0.319), (53, 0.317), (54, 0.317), (55, 0.317)]
[(56, 0.791), (57, 0.317), (58, 0.317), (59, 0.673), (60, 0.07), (61, 0.697), (62, 0.317), (63, 0.317)]
[(64, 0.317), (65, 0.317), (66, 0.32), (67, 0.317), (68, 0.317), (69, 0.71), (70, 0.32), (71, 0.389)]
[(72, 0.067), (73, 0.455), (74, 0.317), (75, 0.317), (76, 0.317), (77, 0.55), (78, 0.317), (79, 0.317)]
[(80, 0.328), (81, 0.902), (82, 0.485), (83, 0.317), (84, 0.108), (85, 0.499), (86, 0.745), (87, 0.63)]
[(88, 0.141), (89, 0.317), (90, 0.32), (91, 0.753), (92, 0.469), (93, 0.958), (94, 0.481), (95, 0.584)]
[(96, 0.906), (97, 0.296), (98, 0.782), (99, 0.319)]

step: 8, comm: 56

strategia:
[(7, 9), (7, 10), (7, 12), (7, 15), (19, 24), (22, 45), (22, 52), (23, 28), (25, 26), (29, 41)]
[(29, 43), (31, 50), (32, 38), (32, 39), (32, 47), (32, 66), (33, 35), (33, 37), (33, 51), (34, 36)]
[(34, 40), (34, 42), (53, 54), (53, 57), (53, 58), (55, 76), (55, 83), (55, 89), (62, 68), (62, 74)]
[(62, 75), (62, 78), (63, 65), (63, 67), (64, 79)]
-------------------------------------------------------------------------------------

nodos:
[(0, 0.72), (1, 0.356), (2, 0.317), (3, 0.204), (4, 0.265), (5, 0.319), (6, 0.881), (7, 0.319)]
[(8, 0.317), (9, 0.319), (10, 0.319), (11, 0.589), (12, 0.319), (13, 0.73), (14, 0.319), (15, 0.319)]
[(16, 0.319), (17, 0.319), (18, 0.078), (19, 0.319), (20, 0.32), (21, 0.319), (22, 0.319), (23, 0.32)]
[(24, 0.319), (25, 0.32), (26, 0.32), (27, 0.317), (28, 0.32), (29, 0.319), (30, 0.32), (31, 0.32)]
[(32, 0.32), (33, 0.32), (34, 0.319), (35, 0.32), (36, 0.319), (37, 0.32), (38, 0.32), (39, 0.32)]
[(40, 0.319), (41, 0.319), (42, 0.319), (43, 0.319), (44, 0.32), (45, 0.319), (46, 0.319), (47, 0.32)]
[(48, 0.32), (49, 0.319), (50, 0.32), (51, 0.32), (52, 0.319), (53, 0.317), (54, 0.317), (55, 0.317)]
[(56, 0.319), (57, 0.317), (58, 0.317), (59, 0.32), (60, 0.32), (61, 0.317), (62, 0.317), (63, 0.317)]
[(64, 0.317), (65, 0.317), (66, 0.32), (67, 0.317), (68, 0.317), (69, 0.319), (70, 0.317), (71, 0.317)]
[(72, 0.317), (73, 0.32), (74, 0.317), (75, 0.317), (76, 0.317), (77, 0.32), (78, 0.317), (79, 0.317)]
[(80, 0.317), (81, 0.902), (82, 0.485), (83, 0.317), (84, 0.317), (85, 0.32), (86, 0.317), (87, 0.317)]
[(88, 0.317), (89, 0.317), (90, 0.317), (91, 0.317), (92, 0.317), (93, 0.958), (94, 0.317), (95, 0.32)]
[(96, 0.32), (97, 0.296), (98, 0.782), (99, 0.319)]

step: 9, comm: 89

strategia:
[(9, 14), (10, 16), (10, 17), (15, 21), (26, 30), (28, 44), (36, 46), (37, 48), (39, 59), (39, 60)]
[(41, 69), (43, 49), (47, 73), (47, 77), (52, 56), (57, 61), (57, 70), (58, 90), (65, 71), (65, 72)]
[(66, 85), (66, 95), (66, 96), (67, 86), (74, 80), (76, 87), (76, 92), (78, 88), (78, 91), (79, 84)]
[(89, 2), (89, 8), (89, 94)]
-------------------------------------------------------------------------------------

nodos:
[(0, 0.317), (1, 0.317), (2, 0.317), (3, 0.317), (4, 0.317), (5, 0.319), (6, 0.317), (7, 0.319)]
[(8, 0.317), (9, 0.319), (10, 0.319), (11, 0.317), (12, 0.319), (13, 0.317), (14, 0.319), (15, 0.319)]
[(16, 0.319), (17, 0.319), (18, 0.319), (19, 0.319), (20, 0.32), (21, 0.319), (22, 0.319), (23, 0.32)]
[(24, 0.319), (25, 0.32), (26, 0.32), (27, 0.317), (28, 0.32), (29, 0.319), (30, 0.32), (31, 0.32)]
[(32, 0.32), (33, 0.32), (34, 0.319), (35, 0.32), (36, 0.319), (37, 0.32), (38, 0.32), (39, 0.32)]
[(40, 0.319), (41, 0.319), (42, 0.319), (43, 0.319), (44, 0.32), (45, 0.319), (46, 0.319), (47, 0.32)]
[(48, 0.32), (49, 0.319), (50, 0.32), (51, 0.32), (52, 0.319), (53, 0.317), (54, 0.317), (55, 0.317)]
[(56, 0.319), (57, 0.317), (58, 0.317), (59, 0.32), (60, 0.32), (61, 0.317), (62, 0.317), (63, 0.317)]
[(64, 0.317), (65, 0.317), (66, 0.32), (67, 0.317), (68, 0.317), (69, 0.319), (70, 0.317), (71, 0.317)]
[(72, 0.317), (73, 0.32), (74, 0.317), (75, 0.317), (76, 0.317), (77, 0.32), (78, 0.317), (79, 0.317)]
[(80, 0.317), (81, 0.317), (82, 0.317), (83, 0.317), (84, 0.317), (85, 0.32), (86, 0.317), (87, 0.317)]
[(88, 0.317), (89, 0.317), (90, 0.317), (91, 0.317), (92, 0.317), (93, 0.317), (94, 0.317), (95, 0.32)]
[(96, 0.32), (97, 0.317), (98, 0.317), (99, 0.317)]

step: 10, comm: 103

strategia:
[(2, 11), (14, 18), (70, 0), (71, 82), (72, 81), (72, 93), (87, 98), (87, 99), (88, 97), (90, 1)]
[(90, 6), (92, 4), (94, 3), (94, 13)]
-------------------------------------------------------------------------------------

=====================================================================================

Grafo 3

radio: 1.0
nodos:
[(0, 0.33), (1, 0.226), (2, 0.355), (3, 0.702), (4, 0.643), (5, 0.296), (6, 0.816), (7, 0.098)]
[(8, 0.31), (9, 0.869), (10, 0.561), (11, 0.172), (12, 0.295), (13, 0.008), (14, 0.079), (15, 0.559)]
[(16, 0.692), (17, 0.521), (18, 0.313), (19, 0.196), (20, 0.407), (21, 0.084), (22, 0.631), (23, 0.733)]
[(24, 0.478), (25, 0.17), (26, 0.671), (27, 0.655), (28, 0.562), (29, 0.255), (30, 0.654), (31, 0.133)]
[(32, 0.877), (33, 0.983), (34, 0.062), (35, 0.733), (36, 0.604), (37, 0.3), (38, 0.335), (39, 0.838)]
[(40, 0.973), (41, 0.904), (42, 0.193), (43, 0.214), (44, 0.398), (45, 0.523), (46, 0.13), (47, 0.277)]
[(48, 0.739), (49, 0.196), (50, 0.754), (51, 0.74), (52, 0.87), (53, 0.898), (54, 0.839), (55, 0.611)]
[(56, 0.324), (57, 0.073), (58, 0.825), (59, 0.386), (60, 0.698), (61, 0.594), (62, 0.784), (63, 0.813)]
[(64, 0.656), (65, 0.282), (66, 0.023), (67, 0.048), (68, 0.662), (69, 0.838), (70, 0.484), (71, 0.801)]
[(72, 0.296), (73, 0.395), (74, 0.285), (75, 0.484), (76, 0.858), (77, 0.724), (78, 0.666), (79, 0.776)]
[(80, 0.337), (81, 0.262), (82, 0.992), (83, 0.746), (84, 0.118), (85, 0.589), (86, 0.2), (87, 0.841)]
[(88, 0.253), (89, 0.942), (90, 0.322), (91, 0.105), (92, 0.608), (93, 0.343), (94, 0.054), (95, 0.358)]
[(96, 0.056), (97, 0.82), (98, 0.922), (99, 0.905)]

step: 0, comm: 0

strategia:
-------------------------------------------------------------------------------------

nodos:
[(0, 0.33), (1, 0.53), (2, 0.355), (3, 0.702), (4, 0.643), (5, 0.296), (6, 0.816), (7, 0.098)]
[(8, 0.31), (9, 0.485), (10, 0.561), (11, 0.172), (12, 0.295), (13, 0.008), (14, 0.079), (15, 0.559)]
[(16, 0.692), (17, 0.521), (18, 0.313), (19, 0.196), (20, 0.407), (21, 0.084), (22, 0.631), (23, 0.733)]
[(24, 0.478), (25, 0.17), (26, 0.671), (27, 0.655), (28, 0.562), (29, 0.255), (30, 0.654), (31, 0.133)]
[(32, 0.877), (33, 0.983), (34, 0.062), (35, 0.733), (36, 0.604), (37, 0.3), (38, 0.335), (39, 0.838)]
[(40, 0.973), (41, 0.904), (42, 0.193), (43, 0.214), (44, 0.398), (45, 0.523), (46, 0.13), (47, 0.277)]
[(48, 0.739), (49, 0.196), (50, 0.754), (51, 0.74), (52, 0.87), (53, 0.898), (54, 0.839), (55, 0.611)]
[(56, 0.324), (57, 0.073), (58, 0.825), (59, 0.386), (60, 0.698), (61, 0.594), (62, 0.784), (63, 0.813)]
[(64, 0.656), (65, 0.282), (66, 0.023), (67, 0.048), (68, 0.662), (69, 0.838), (70, 0.484), (71, 0.801)]
[(72, 0.296), (73, 0.395), (74, 0.285), (75, 0.484), (76, 0.858), (77, 0.724), (78, 0.666), (79, 0.776)]
[(80, 0.337), (81, 0.262), (82, 0.992), (83, 0.746), (84, 0.118), (85, 0.589), (86, 0.2), (87, 0.841)]
[(88, 0.253), (89, 0.942), (90, 0.322), (91, 0.105), (92, 0.608), (93, 0.343), (94, 0.054), (95, 0.358)]
[(96, 0.056), (97, 0.82), (98, 0.922), (99, 0.905)]

step: 1, comm: 7

strategia:
[(0, 1), (3, 9), (68, 1), (83, 1), (92, 1), (95, 1), (95, 9)]
-------------------------------------------------------------------------------------

nodos:
[(0, 0.33), (1, 0.358), (2, 0.355), (3, 0.702), (4, 0.643), (5, 0.296), (6, 0.816), (7, 0.098)]
[(8, 0.31), (9, 0.358), (10, 0.561), (11, 0.172), (12, 0.295), (13, 0.008), (14, 0.079), (15, 0.559)]
[(16, 0.692), (17, 0.521), (18, 0.313), (19, 0.196), (20, 0.407), (21, 0.084), (22, 0.631), (23, 0.733)]
[(24, 0.478), (25, 0.17), (26, 0.671), (27, 0.655), (28, 0.562), (29, 0.255), (30, 0.654), (31, 0.133)]
[(32, 0.877), (33, 0.983), (34, 0.062), (35, 0.733), (36, 0.604), (37, 0.3), (38, 0.335), (39, 0.838)]
[(40, 0.973), (41, 0.904), (42, 0.193), (43, 0.214), (44, 0.398), (45, 0.523), (46, 0.13), (47, 0.277)]
[(48, 0.739), (49, 0.196), (50, 0.754), (51, 0.74), (52, 0.87), (53, 0.898), (54, 0.839), (55, 0.611)]
[(56, 0.324), (57, 0.073), (58, 0.825), (59, 0.386), (60, 0.698), (61, 0.594), (62, 0.784), (63, 0.813)]
[(64, 0.656), (65, 0.282), (66, 0.023), (67, 0.048), (68, 0.662), (69, 0.838), (70, 0.484), (71, 0.801)]
[(72, 0.296), (73, 0.395), (74, 0.285), (75, 0.484), (76, 0.858), (77, 0.724), (78, 0.666), (79, 0.776)]
[(80, 0.337), (81, 0.262), (82, 0.992), (83, 0.746), (84, 0.118), (85, 0.589), (86, 0.2), (87, 0.841)]
[(88, 0.253), (89, 0.942), (90, 0.322), (91, 0.105), (92, 0.608), (93, 0.343), (94, 0.054), (95, 0.358)]
[(96, 0.056), (97, 0.82), (98, 0.922), (99, 0.905)]

step: 2, comm: 9

strategia:
[(95, 1), (95, 9)]
-------------------------------------------------------------------------------------

nodos:
[(0, 0.33), (1, 0.358), (2, 0.355), (3, 0.702), (4, 0.643), (5, 0.296), (6, 0.816), (7, 0.098)]
[(8, 0.31), (9, 0.358), (10, 0.561), (11, 0.172), (12, 0.295), (13, 0.008), (14, 0.079), (15, 0.559)]
[(16, 0.692), (17, 0.521), (18, 0.313), (19, 0.196), (20, 0.407), (21, 0.084), (22, 0.631), (23, 0.733)]
[(24, 0.478), (25, 0.17), (26, 0.671), (27, 0.655), (28, 0.562), (29, 0.255), (30, 0.654), (31, 0.133)]
[(32, 0.877), (33, 0.983), (34, 0.062), (35, 0.733), (36, 0.604), (37, 0.3), (38, 0.335), (39, 0.838)]
[(40, 0.973), (41, 0.904), (42, 0.193), (43, 0.214), (44, 0.398), (45, 0.523), (46, 0.13), (47, 0.277)]
[(48, 0.739), (49, 0.196), (50, 0.754), (51, 0.74), (52, 0.87), (53, 0.898), (54, 0.839), (55, 0.611)]
[(56, 0.324), (57, 0.073), (58, 0.825), (59, 0.386), (60, 0.698), (61, 0.594), (62, 0.784), (63, 0.813)]
[(64, 0.656), (65, 0.282), (66, 0.023), (67, 0.048), (68, 0.662), (69, 0.838), (70, 0.484), (71, 0.801)]
[(72, 0.296), (73, 0.395), (74, 0.285), (75, 0.484), (76, 0.858), (77, 0.724), (78, 0.666), (79, 0.776)]
[(80, 0.337), (81, 0.262), (82, 0.992), (83, 0.746), (84, 0.118), (85, 0.589), (86, 0.2), (87, 0.841)]
[(88, 0.253), (89, 0.942), (90, 0.322), (91, 0.105), (92, 0.608), (93, 0.343), (94, 0.054), (95, 0.358)]
[(96, 0.056), (97, 0.82), (98, 0.922), (99, 0.905)]

step: 3, comm: 9

strategia:
-------------------------------------------------------------------------------------

nodos:
[(0, 0.33), (1, 0.358), (2, 0.355), (3, 0.702), (4, 0.643), (5, 0.296), (6, 0.816), (7, 0.098)]
[(8, 0.31), (9, 0.358), (10, 0.561), (11, 0.172), (12, 0.295), (13, 0.008), (14, 0.079), (15, 0.559)]
[(16, 0.692), (17, 0.521), (18, 0.313), (19, 0.196), (20, 0.407), (21, 0.084), (22, 0.631), (23, 0.733)]
[(24, 0.478), (25, 0.17), (26, 0.671), (27, 0.655), (28, 0.562), (29, 0.255), (30, 0.654), (31, 0.133)]
[(32, 0.877), (33, 0.983), (34, 0.062), (35, 0.733), (36, 0.604), (37, 0.3), (38, 0.335), (39, 0.838)]
[(40, 0.973), (41, 0.904), (42, 0.193), (43, 0.214), (44, 0.398), (45, 0.523), (46, 0.13), (47, 0.277)]
[(48, 0.739), (49, 0.196), (50, 0.754), (51, 0.74), (52, 0.87), (53, 0.898), (54, 0.839), (55, 0.611)]
[(56, 0.324), (57, 0.073), (58, 0.825), (59, 0.386), (60, 0.698), (61, 0.594), (62, 0.784), (63, 0.813)]
[(64, 0.656), (65, 0.282), (66, 0.023), (67, 0.048), (68, 0.662), (69, 0.838), (70, 0.484), (71, 0.801)]
[(72, 0.296), (73, 0.395), (74, 0.285), (75, 0.484), (76, 0.858), (77, 0.724), (78, 0.666), (79, 0.776)]
[(80, 0.337), (81, 0.262), (82, 0.992), (83, 0.746), (84, 0.118), (85, 0.589), (86, 0.2), (87, 0.841)]
[(88, 0.253), (89, 0.942), (90, 0.322), (91, 0.105), (92, 0.608), (93, 0.343), (94, 0.054), (95, 0.358)]
[(96, 0.056), (97, 0.82), (98, 0.922), (99, 0.905)]

step: 4, comm: 9

strategia:
-------------------------------------------------------------------------------------

nodos:
[(0, 0.33), (1, 0.358), (2, 0.355), (3, 0.702), (4, 0.643), (5, 0.296), (6, 0.816), (7, 0.098)]
[(8, 0.31), (9, 0.358), (10, 0.561), (11, 0.172), (12, 0.295), (13, 0.008), (14, 0.079), (15, 0.559)]
[(16, 0.692), (17, 0.521), (18, 0.313), (19, 0.196), (20, 0.407), (21, 0.084), (22, 0.631), (23, 0.733)]
[(24, 0.478), (25, 0.17), (26, 0.671), (27, 0.655), (28, 0.562), (29, 0.255), (30, 0.654), (31, 0.133)]
[(32, 0.877), (33, 0.983), (34, 0.062), (35, 0.733), (36, 0.604), (37, 0.3), (38, 0.335), (39, 0.838)]
[(40, 0.973), (41, 0.904), (42, 0.193), (43, 0.214), (44, 0.398), (45, 0.523), (46, 0.13), (47, 0.277)]
[(48, 0.739), (49, 0.196), (50, 0.754), (51, 0.74), (52, 0.87), (53, 0.898), (54, 0.839), (55, 0.611)]
[(56, 0.324), (57, 0.073), (58, 0.825), (59, 0.386), (60, 0.698), (61, 0.594), (62, 0.784), (63, 0.813)]
[(64, 0.656), (65, 0.282), (66, 0.023), (67, 0.048), (68, 0.662), (69, 0.838), (70, 0.484), (71, 0.801)]
[(72, 0.296), (73, 0.395), (74, 0.285), (75, 0.484), (76, 0.858), (77, 0.724), (78, 0.666), (79, 0.776)]
[(80, 0.337), (81, 0.262), (82, 0.992), (83, 0.746), (84, 0.118), (85, 0.589), (86, 0.2), (87, 0.841)]
[(88, 0.253), (89, 0.942), (90, 0.322), (91, 0.105), (92, 0.608), (93, 0.343), (94, 0.054), (95, 0.358)]
[(96, 0.056), (97, 0.82), (98, 0.922), (99, 0.905)]

step: 5, comm: 9

strategia:
-------------------------------------------------------------------------------------

nodos:
[(0, 0.33), (1, 0.358), (2, 0.355), (3, 0.702), (4, 0.643), (5, 0.296), (6, 0.816), (7, 0.098)]
[(8, 0.31), (9, 0.358), (10, 0.561), (11, 0.172), (12, 0.295), (13, 0.008), (14, 0.079), (15, 0.559)]
[(16, 0.692), (17, 0.521), (18, 0.313), (19, 0.196), (20, 0.407), (21, 0.084), (22, 0.631), (23, 0.733)]
[(24, 0.478), (25, 0.17), (26, 0.671), (27, 0.655), (28, 0.562), (29, 0.255), (30, 0.654), (31, 0.133)]
[(32, 0.877), (33, 0.983), (34, 0.062), (35, 0.733), (36, 0.604), (37, 0.3), (38, 0.335), (39, 0.838)]
[(40, 0.973), (41, 0.904), (42, 0.193), (43, 0.214), (44, 0.398), (45, 0.523), (46, 0.13), (47, 0.277)]
[(48, 0.739), (49, 0.196), (50, 0.754), (51, 0.74), (52, 0.87), (53, 0.898), (54, 0.839), (55, 0.611)]
[(56, 0.324), (57, 0.073), (58, 0.825), (59, 0.386), (60, 0.698), (61, 0.594), (62, 0.784), (63, 0.813)]
[(64, 0.656), (65, 0.282), (66, 0.023), (67, 0.048), (68, 0.662), (69, 0.838), (70, 0.484), (71, 0.801)]
[(72, 0.296), (73, 0.395), (74, 0.285), (75, 0.484), (76, 0.858), (77, 0.724), (78, 0.666), (79, 0.776)]
[(80, 0.337), (81, 0.262), (82, 0.992), (83, 0.746), (84, 0.118), (85, 0.589), (86, 0.2), (87, 0.841)]
[(88, 0.253), (89, 0.942), (90, 0.322), (91, 0.105), (92, 0.608), (93, 0.343), (94, 0.054), (95, 0.358)]
[(96, 0.056), (97, 0.82), (98, 0.922), (99, 0.905)]

step: 6, comm: 9

strategia:
-------------------------------------------------------------------------------------

nodos:
[(0, 0.33), (1, 0.358), (2, 0.355), (3, 0.358), (4, 0.355), (5, 0.355), (6, 0.816), (7, 0.098)]
[(8, 0.358), (9, 0.358), (10, 0.561), (11, 0.358), (12, 0.295), (13, 0.008), (14, 0.358), (15, 0.358)]
[(16, 0.692), (17, 0.521), (18, 0.313), (19, 0.358), (20, 0.358), (21, 0.084), (22, 0.631), (23, 0.733)]
[(24, 0.478), (25, 0.358), (26, 0.358), (27, 0.358), (28, 0.355), (29, 0.355), (30, 0.355), (31, 0.133)]
[(32, 0.877), (33, 0.983), (34, 0.062), (35, 0.733), (36, 0.604), (37, 0.3), (38, 0.335), (39, 0.838)]
[(40, 0.973), (41, 0.904), (42, 0.193), (43, 0.214), (44, 0.398), (45, 0.523), (46, 0.13), (47, 0.277)]
[(48, 0.739), (49, 0.196), (50, 0.754), (51, 0.74), (52, 0.87), (53, 0.898), (54, 0.839), (55, 0.611)]
[(56, 0.324), (57, 0.073), (58, 0.825), (59, 0.386), (60, 0.698), (61, 0.594), (62, 0.784), (63, 0.813)]
[(64, 0.656), (65, 0.282), (66, 0.023), (67, 0.048), (68, 0.662), (69, 0.838), (70, 0.484), (71, 0.801)]
[(72, 0.296), (73, 0.395), (74, 0.285), (75, 0.484), (76, 0.858), (77, 0.724), (78, 0.666), (79, 0.776)]
[(80, 0.337), (81, 0.262), (82, 0.992), (83, 0.746), (84, 0.118), (85, 0.589), (86, 0.2), (87, 0.841)]
[(88, 0.253), (89, 0.942), (90, 0.322), (91, 0.105), (92, 0.608), (93, 0.343), (94, 0.054), (95, 0.358)]
[(96, 0.056), (97, 0.82), (98, 0.922), (99, 0.905)]

step: 7, comm: 24

strategia:
[(1, 3), (1, 8), (1, 25), (1, 26), (1, 27), (2, 4), (2, 5), (2, 28), (2, 29), (2, 30)]
[(9, 11), (9, 14), (9, 15), (9, 19), (9, 20)]
-------------------------------------------------------------------------------------

nodos:
[(0, 0.33), (1, 0.358), (2, 0.355), (3, 0.358), (4, 0.355), (5, 0.355), (6, 0.355), (7, 0.098)]
[(8, 0.358), (9, 0.358), (10, 0.561), (11, 0.358), (12, 0.355), (13, 0.008), (14, 0.358), (15, 0.358)]
[(16, 0.358), (17, 0.355), (18, 0.358), (19, 0.358), (20, 0.358), (21, 0.084), (22, 0.631), (23, 0.358)]
[(24, 0.358), (25, 0.358), (26, 0.358), (27, 0.358), (28, 0.355), (29, 0.355), (30, 0.355), (31, 0.358)]
[(32, 0.358), (33, 0.358), (34, 0.355), (35, 0.358), (36, 0.355), (37, 0.355), (38, 0.358), (39, 0.358)]
[(40, 0.973), (41, 0.358), (42, 0.193), (43, 0.358), (44, 0.398), (45, 0.523), (46, 0.13), (47, 0.277)]
[(48, 0.739), (49, 0.196), (50, 0.754), (51, 0.74), (52, 0.87), (53, 0.898), (54, 0.839), (55, 0.358)]
[(56, 0.324), (57, 0.073), (58, 0.825), (59, 0.386), (60, 0.698), (61, 0.594), (62, 0.784), (63, 0.813)]
[(64, 0.656), (65, 0.282), (66, 0.023), (67, 0.048), (68, 0.662), (69, 0.838), (70, 0.484), (71, 0.801)]
[(72, 0.296), (73, 0.395), (74, 0.285), (75, 0.484), (76, 0.858), (77, 0.724), (78, 0.666), (79, 0.776)]
[(80, 0.337), (81, 0.262), (82, 0.992), (83, 0.746), (84, 0.118), (85, 0.589), (86, 0.2), (87, 0.841)]
[(88, 0.253), (89, 0.942), (90, 0.322), (91, 0.105), (92, 0.608), (93, 0.343), (94, 0.054), (95, 0.358)]
[(96, 0.056), (97, 0.82), (98, 0.922), (99, 0.905)]

step: 8, comm: 43

strategia:
[(4, 6), (4, 17), (5, 12), (8, 16), (11, 18), (11, 32), (15, 23), (19, 24), (25, 33), (25, 38)]
[(25, 39), (25, 41), (26, 31), (26, 35), (27, 43), (27, 55), (28, 34), (29, 37), (30, 36)]
-------------------------------------------------------------------------------------

nodos:
[(0, 0.33), (1, 0.358), (2, 0.355), (3, 0.358), (4, 0.355), (5, 0.355), (6, 0.355), (7, 0.098)]
[(8, 0.358), (9, 0.358), (10, 0.561), (11, 0.358), (12, 0.355), (13, 0.008), (14, 0.358), (15, 0.358)]
[(16, 0.358), (17, 0.355), (18, 0.358), (19, 0.358), (20, 0.358), (21, 0.355), (22, 0.631), (23, 0.358)]
[(24, 0.358), (25, 0.358), (26, 0.358), (27, 0.358), (28, 0.355), (29, 0.355), (30, 0.355), (31, 0.358)]
[(32, 0.358), (33, 0.358), (34, 0.355), (35, 0.358), (36, 0.355), (37, 0.355), (38, 0.358), (39, 0.358)]
[(40, 0.358), (41, 0.358), (42, 0.358), (43, 0.358), (44, 0.358), (45, 0.523), (46, 0.358), (47, 0.277)]
[(48, 0.358), (49, 0.358), (50, 0.754), (51, 0.355), (52, 0.355), (53, 0.358), (54, 0.358), (55, 0.358)]
[(56, 0.355), (57, 0.073), (58, 0.825), (59, 0.386), (60, 0.355), (61, 0.594), (62, 0.358), (63, 0.813)]
[(64, 0.656), (65, 0.358), (66, 0.355), (67, 0.358), (68, 0.662), (69, 0.838), (70, 0.484), (71, 0.801)]
[(72, 0.296), (73, 0.395), (74, 0.285), (75, 0.484), (76, 0.858), (77, 0.724), (78, 0.666), (79, 0.776)]
[(80, 0.337), (81, 0.262), (82, 0.992), (83, 0.746), (84, 0.118), (85, 0.589), (86, 0.2), (87, 0.841)]
[(88, 0.253), (89, 0.942), (90, 0.322), (91, 0.105), (92, 0.608), (93, 0.343), (94, 0.054), (95, 0.358)]
[(96, 0.056), (97, 0.82), (98, 0.922), (99, 0.905)]

step: 9, comm: 60

strategia:
[(17, 21), (18, 46), (23, 40), (33, 48), (33, 53), (33, 54), (34, 51), (34, 56), (34, 60), (34, 66)]
[(37, 52), (38, 44), (39, 42), (43, 49), (55, 62), (55, 65), (55, 67)]
-------------------------------------------------------------------------------------

nodos:
[(0, 0.33), (1, 0.358), (2, 0.355), (3, 0.358), (4, 0.355), (5, 0.355), (6, 0.355), (7, 0.098)]
[(8, 0.358), (9, 0.358), (10, 0.561), (11, 0.358), (12, 0.355), (13, 0.008), (14, 0.358), (15, 0.358)]
[(16, 0.358), (17, 0.355), (18, 0.358), (19, 0.358), (20, 0.358), (21, 0.355), (22, 0.631), (23, 0.358)]
[(24, 0.358), (25, 0.358), (26, 0.358), (27, 0.358), (28, 0.355), (29, 0.355), (30, 0.355), (31, 0.358)]
[(32, 0.358), (33, 0.358), (34, 0.355), (35, 0.358), (36, 0.355), (37, 0.355), (38, 0.358), (39, 0.358)]
[(40, 0.358), (41, 0.358), (42, 0.358), (43, 0.358), (44, 0.358), (45, 0.358), (46, 0.358), (47, 0.358)]
[(48, 0.358), (49, 0.358), (50, 0.358), (51, 0.355), (52, 0.355), (53, 0.358), (54, 0.358), (55, 0.358)]
[(56, 0.355), (57, 0.358), (58, 0.825), (59, 0.355), (60, 0.355), (61, 0.358), (62, 0.358), (63, 0.355)]
[(64, 0.355), (65, 0.358), (66, 0.355), (67, 0.358), (68, 0.355), (69, 0.358), (70, 0.355), (71, 0.801)]
[(72, 0.296), (73, 0.355), (74, 0.285), (75, 0.358), (76, 0.858), (77, 0.724), (78, 0.358), (79, 0.776)]
[(80, 0.355), (81, 0.355), (82, 0.355), (83, 0.746), (84, 0.118), (85, 0.355), (86, 0.2), (87, 0.358)]
[(88, 0.253), (89, 0.942), (90, 0.322), (91, 0.105), (92, 0.608), (93, 0.343), (94, 0.054), (95, 0.358)]
[(96, 0.056), (97, 0.82), (98, 0.922), (99, 0.905)]

step: 10, comm: 79

strategia:
[(40, 45), (40, 50), (42, 47), (44, 57), (46, 87), (48, 61), (51, 59), (52, 70), (52, 73), (52, 80)]
[(56, 64), (60, 63), (62, 75), (62, 78), (65, 69), (66, 68), (66, 81), (66, 82), (66, 85)]
-------------------------------------------------------------------------------------

nodos:
[(0, 0.33), (1, 0.358), (2, 0.355), (3, 0.358), (4, 0.355), (5, 0.355), (6, 0.355), (7, 0.098)]
[(8, 0.358), (9, 0.358), (10, 0.561), (11, 0.358), (12, 0.355), (13, 0.008), (14, 0.358), (15, 0.358)]
[(16, 0.358), (17, 0.355), (18, 0.358), (19, 0.358), (20, 0.358), (21, 0.355), (22, 0.631), (23, 0.358)]
[(24, 0.358), (25, 0.358), (26, 0.358), (27, 0.358), (28, 0.355), (29, 0.355), (30, 0.355), (31, 0.358)]
[(32, 0.358), (33, 0.358), (34, 0.355), (35, 0.358), (36, 0.355), (37, 0.355), (38, 0.358), (39, 0.358)]
[(40, 0.358), (41, 0.358), (42, 0.358), (43, 0.358), (44, 0.358), (45, 0.358), (46, 0.358), (47, 0.358)]
[(48, 0.358), (49, 0.358), (50, 0.358), (51, 0.355), (52, 0.355), (53, 0.358), (54, 0.358), (55, 0.358)]
[(56, 0.355), (57, 0.358), (58, 0.358), (59, 0.355), (60, 0.355), (61, 0.358), (62, 0.358), (63, 0.355)]
[(64, 0.355), (65, 0.358), (66, 0.355), (67, 0.358), (68, 0.355), (69, 0.358), (70, 0.355), (71, 0.355)]
[(72, 0.355), (73, 0.355), (74, 0.355), (75, 0.358), (76, 0.355), (77, 0.358), (78, 0.358), (79, 0.776)]
[(80, 0.355), (81, 0.355), (82, 0.355), (83, 0.355), (84, 0.118), (85, 0.355), (86, 0.358), (87, 0.358)]
[(88, 0.358), (89, 0.942), (90, 0.358), (91, 0.358), (92, 0.355), (93, 0.358), (94, 0.355), (95, 0.355)]
[(96, 0.355), (97, 0.355), (98, 0.355), (99, 0.358)]

step: 11, comm: 98

strategia:
[(47, 58), (59, 72), (61, 86), (61, 88), (61, 90), (63, 83), (64, 74), (64, 94), (64, 96), (64, 98)]
[(68, 76), (69, 77), (70, 71), (73, 95), (78, 91), (78, 93), (80, 92), (82, 97), (87, 99)]
-------------------------------------------------------------------------------------

nodos:
[(0, 0.355), (1, 0.358), (2, 0.355), (3, 0.358), (4, 0.355), (5, 0.355), (6, 0.355), (7, 0.358)]
[(8, 0.358), (9, 0.358), (10, 0.355), (11, 0.358), (12, 0.355), (13, 0.355), (14, 0.358), (15, 0.358)]
[(16, 0.358), (17, 0.355), (18, 0.358), (19, 0.358), (20, 0.358), (21, 0.355), (22, 0.631), (23, 0.358)]
[(24, 0.358), (25, 0.358), (26, 0.358), (27, 0.358), (28, 0.355), (29, 0.355), (30, 0.355), (31, 0.358)]
[(32, 0.358), (33, 0.358), (34, 0.355), (35, 0.358), (36, 0.355), (37, 0.355), (38, 0.358), (39, 0.358)]
[(40, 0.358), (41, 0.358), (42, 0.358), (43, 0.358), (44, 0.358), (45, 0.358), (46, 0.358), (47, 0.358)]
[(48, 0.358), (49, 0.358), (50, 0.358), (51, 0.355), (52, 0.355), (53, 0.358), (54, 0.358), (55, 0.358)]
[(56, 0.355), (57, 0.358), (58, 0.358), (59, 0.355), (60, 0.355), (61, 0.358), (62, 0.358), (63, 0.355)]
[(64, 0.355), (65, 0.358), (66, 0.355), (67, 0.358), (68, 0.355), (69, 0.358), (70, 0.355), (71, 0.355)]
[(72, 0.355), (73, 0.355), (74, 0.355), (75, 0.358), (76, 0.355), (77, 0.358), (78, 0.358), (79, 0.358)]
[(80, 0.355), (81, 0.355), (82, 0.355), (83, 0.355), (84, 0.355), (85, 0.355), (86, 0.358), (87, 0.358)]
[(88, 0.358), (89, 0.942), (90, 0.358), (91, 0.358), (92, 0.355), (93, 0.358), (94, 0.355), (95, 0.355)]
[(96, 0.355), (97, 0.355), (98, 0.355), (99, 0.358)]

step: 12, comm: 104

strategia:
[(58, 79), (74, 84), (90, 7), (92, 10), (94, 13), (95, 0)]
-------------------------------------------------------------------------------------

nodos:
[(0, 0.355), (1, 0.358), (2, 0.355), (3, 0.358), (4, 0.355), (5, 0.355), (6, 0.355), (7, 0.358)]
[(8, 0.358), (9, 0.358), (10, 0.355), (11, 0.358), (12, 0.355), (13, 0.355), (14, 0.358), (15, 0.358)]
[(16, 0.358), (17, 0.355), (18, 0.358), (19, 0.358), (20, 0.358), (21, 0.355), (22, 0.355), (23, 0.358)]
[(24, 0.358), (25, 0.358), (26, 0.358), (27, 0.358), (28, 0.355), (29, 0.355), (30, 0.355), (31, 0.358)]
[(32, 0.358), (33, 0.358), (34, 0.355), (35, 0.358), (36, 0.355), (37, 0.355), (38, 0.358), (39, 0.358)]
[(40, 0.358), (41, 0.358), (42, 0.358), (43, 0.358), (44, 0.358), (45, 0.358), (46, 0.358), (47, 0.358)]
[(48, 0.358), (49, 0.358), (50, 0.358), (51, 0.355), (52, 0.355), (53, 0.358), (54, 0.358), (55, 0.358)]
[(56, 0.355), (57, 0.358), (58, 0.358), (59, 0.355), (60, 0.355), (61, 0.358), (62, 0.358), (63, 0.355)]
[(64, 0.355), (65, 0.358), (66, 0.355), (67, 0.358), (68, 0.355), (69, 0.358), (70, 0.355), (71, 0.355)]
[(72, 0.355), (73, 0.355), (74, 0.355), (75, 0.358), (76, 0.355), (77, 0.358), (78, 0.358), (79, 0.358)]
[(80, 0.355), (81, 0.355), (82, 0.355), (83, 0.355), (84, 0.355), (85, 0.355), (86, 0.358), (87, 0.358)]
[(88, 0.358), (89, 0.355), (90, 0.358), (91, 0.358), (92, 0.355), (93, 0.358), (94, 0.355), (95, 0.355)]
[(96, 0.355), (97, 0.355), (98, 0.355), (99, 0.358)]

step: 13, comm: 106

strategia:
[(10, 22), (84, 89)]
-------------------------------------------------------------------------------------

=====================================================================================

