0.000534 0.997733 0.497899 0.502474 0.873999 45120 19
0.001831 0.999198 0.515114 0.519757 0.791978 38779 16
0.000361 0.998350 0.488725 0.493619 0.790905 39219 16
0.001088 0.998404 0.519586 0.524119 0.761043 37565 16
0.004312 0.998341 0.491508 0.495379 0.843031 42573 18
0.000521 0.999702 0.493687 0.497726 0.821997 42007 17
0.001634 0.997960 0.500544 0.503756 0.808048 40563 17
0.000788 0.998313 0.492404 0.496885 0.789725 40465 17
0.002909 0.999275 0.482503 0.487332 0.840003 42458 18
0.000232 0.998512 0.464180 0.468745 0.832175 41754 18
0.003704 0.999287 0.501524 0.506055 0.757025 37952 16
0.000774 0.996475 0.485875 0.490760 0.851196 42461 18
0.002122 0.999635 0.484490 0.489337 0.818031 41043 17
0.001138 0.999918 0.465949 0.468881 0.863034 43235 18
0.001137 0.998025 0.504764 0.508596 0.872038 42474 18
0.003547 0.999051 0.523759 0.528446 0.891955 40128 17
0.001189 0.999439 0.488151 0.492871 0.804894 39204 16
0.000294 0.997717 0.501037 0.504502 0.868028 42493 18
0.009526 0.999903 0.507525 0.511230 0.925001 42051 18
0.003545 0.999417 0.518123 0.521737 0.955032 42862 18
0.000571 0.997142 0.478031 0.482557 0.824951 40182 17
0.001230 0.998212 0.495522 0.499291 1.056991 43072 18
0.002200 0.997682 0.469326 0.474006 1.139999 41411 17
0.000858 0.997872 0.513871 0.517959 1.261983 41464 17
0.001776 0.997226 0.482945 0.487146 1.118038 41767 17
0.000610 0.997565 0.496669 0.500482 1.228132 42833 18
0.009680 0.998754 0.502069 0.506684 1.031297 39625 17
0.001404 0.997566 0.484654 0.489360 1.210995 40197 17
0.001324 0.998750 0.490431 0.494556 1.271469 43969 19
0.000378 0.999908 0.481496 0.485148 1.319002 43130 18
0.006873 0.999594 0.474259 0.478671 1.467040 43116 18
0.000171 0.999566 0.504649 0.508528 1.145661 38375 16
0.000382 0.999745 0.497220 0.501118 1.179082 37349 16
0.000113 0.998635 0.528413 0.533115 1.098997 42282 18
0.001708 0.999643 0.501357 0.505831 1.088798 38443 16
0.001732 0.999974 0.490842 0.494522 1.155997 41074 17
0.004331 0.998514 0.501476 0.505951 1.331039 44491 18
0.001356 0.997550 0.504205 0.508437 1.381043 44650 19
0.000199 0.999751 0.518377 0.522493 1.204833 38276 16
0.001707 0.995798 0.502766 0.506847 1.288057 45538 19
0.001928 0.997983 0.512421 0.516107 1.296042 43409 18
0.000594 0.997597 0.531015 0.535800 1.106997 40435 17
0.001910 0.999555 0.480230 0.484801 1.009304 38823 16
0.000592 0.999514 0.463987 0.468773 1.171996 40297 17
0.000077 0.999924 0.480985 0.484263 1.202995 40704 17
0.000863 0.999623 0.508590 0.512714 1.207297 42975 18
0.000320 0.996698 0.508281 0.512682 1.331949 43490 18
0.000654 0.999475 0.482488 0.486658 1.219805 41837 18
0.000483 0.998554 0.482759 0.486409 1.141873 41067 17
0.005528 0.998662 0.451297 0.454732 1.266959 43116 18
0.000444 0.998098 0.451410 0.455445 1.198039 40461 17
0.003111 0.999780 0.518162 0.522886 1.114995 37567 16
0.000877 0.995796 0.531557 0.535121 1.230020 41458 18
0.004407 0.999152 0.497507 0.501535 1.209983 42342 18
0.006992 0.998021 0.514746 0.518310 0.979039 40859 17
0.004089 0.999885 0.520834 0.525683 0.868043 40337 17
0.000590 0.998015 0.490380 0.494541 0.938994 42809 18
0.001261 0.998611 0.516552 0.520629 0.992009 40845 17
0.006733 0.996679 0.496030 0.500555 0.820996 38200 16
0.002841 0.997368 0.488900 0.492872 0.951991 41167 17
0.000644 0.998544 0.490895 0.494975 1.053682 42499 18
0.006232 0.999881 0.485042 0.488597 0.964041 42692 18
0.004589 0.997231 0.483631 0.486893 0.913969 43035 18
0.000765 0.999420 0.516641 0.520320 0.820034 40483 17
0.006133 0.999754 0.496039 0.499083 0.872993 42664 18
0.000496 0.991823 0.514952 0.519828 0.768198 37955 16
0.001850 0.999122 0.478328 0.483072 0.820967 40118 17
0.000951 0.999884 0.500980 0.504948 0.849839 42331 18
0.004786 0.995772 0.508501 0.513339 0.850044 40310 17
0.001256 0.999211 0.501470 0.505469 0.836985 40230 17
0.001702 0.995975 0.512139 0.517067 0.846992 40992 17
0.000438 0.999170 0.510783 0.515509 0.777992 37258 16
0.000534 0.999579 0.505373 0.510262 0.831995 38065 16
0.000258 0.997377 0.517238 0.521426 0.905040 42514 18
0.001737 0.995703 0.473509 0.477276 0.872029 40237 17
0.004294 0.998192 0.505888 0.509879 0.871991 41222 17
0.001423 0.999669 0.464403 0.468326 0.891955 41155 17
0.000675 0.999161 0.509645 0.514502 0.881838 38518 16
0.001407 0.999721 0.486675 0.491288 0.867033 40627 17
0.000410 0.997846 0.509240 0.512382 0.915001 42691 18
0.004765 0.995694 0.507276 0.512081 0.826997 38246 16
0.003029 0.996410 0.480314 0.484659 0.831043 41184 17
0.002551 0.997961 0.487732 0.492290 0.844167 40587 17
0.002211 0.999142 0.491440 0.495976 0.874232 40532 17
0.001318 0.998354 0.500670 0.504925 0.821043 40692 17
0.000096 0.999995 0.488320 0.493272 0.839886 40666 17
0.000158 0.995154 0.472187 0.477105 0.807997 39967 17
0.000508 0.998110 0.490574 0.494423 0.801033 40142 17
0.000753 0.994486 0.507277 0.511361 0.892995 42939 18
0.001736 0.995156 0.502547 0.505767 0.896043 42979 18
0.000961 0.999104 0.523427 0.527132 0.889998 42529 18
0.000139 0.995000 0.463196 0.468006 0.859044 40356 17
0.001746 0.998354 0.460858 0.465766 0.808964 38310 16
0.001588 0.998277 0.492781 0.497218 0.816980 39968 17
0.000917 0.999059 0.478093 0.481931 0.805046 40632 17
0.002813 0.997281 0.489766 0.494506 0.909049 43578 18
0.000460 0.998694 0.490340 0.493995 0.873002 43038 18
0.003327 0.999197 0.492302 0.496009 0.818995 39934 17
0.000047 0.997965 0.488237 0.492977 0.818062 40233 17
0.001535 0.999415 0.473367 0.477641 0.825678 40600 17
