0.000534 0.994738 0.484972 0.489610 0.137994 15690 18
0.022665 0.999198 0.550253 0.554084 0.142753 16356 18
0.000361 0.998350 0.516206 0.519585 0.138975 16442 18
0.011209 0.998404 0.521285 0.525797 0.123038 14219 16
0.007223 0.992954 0.488630 0.493533 0.136038 15673 18
0.005015 0.992415 0.488317 0.492295 0.137026 15366 17
0.011425 0.997006 0.510838 0.514078 0.140988 15348 17
0.011294 0.998313 0.489291 0.494208 0.146007 16921 19
0.002909 0.999275 0.490577 0.494869 0.164998 19405 22
0.002422 0.998512 0.421784 0.425906 0.140992 14665 17
0.009222 0.984235 0.512539 0.516503 0.125035 13398 15
0.002472 0.985906 0.497581 0.501671 0.141998 16056 18
0.002122 0.996357 0.492338 0.496985 0.147999 16998 18
0.001138 0.999918 0.476524 0.481174 0.138038 15635 17
0.001137 0.998025 0.528157 0.532920 0.147979 16305 18
0.004210 0.999051 0.538511 0.542177 0.128045 14921 17
0.001189 0.994872 0.466348 0.469830 0.139044 15167 16
0.000335 0.996464 0.515248 0.520247 0.145034 16766 19
0.014519 0.999903 0.501106 0.504389 0.147042 16717 19
0.003545 0.998159 0.516965 0.520553 0.150314 17567 19
0.000571 0.997142 0.454777 0.459677 0.133999 15731 18
0.001230 0.998212 0.514507 0.518651 0.137203 15156 17
0.003919 0.996732 0.452916 0.457146 0.133994 15695 17
0.008317 0.997872 0.521756 0.524772 0.135941 15723 18
0.004613 0.997226 0.465994 0.470324 0.174044 18790 20
0.000610 0.997565 0.507292 0.511550 0.143829 16824 19
0.013737 0.998754 0.495348 0.499364 0.144032 16531 19
0.001404 0.997566 0.497001 0.501159 0.126997 14998 17
0.007142 0.998750 0.457998 0.462846 0.150052 17286 20
0.000378 0.997694 0.492146 0.496778 0.135997 15836 17
0.011307 0.999594 0.471371 0.476296 0.122036 13961 16
0.000171 0.999198 0.511347 0.515369 0.119218 13723 15
0.000382 0.999745 0.480775 0.485000 0.136945 15844 18
0.000113 0.996542 0.561015 0.564559 0.127996 14766 17
0.008384 0.980858 0.527859 0.532278 0.119994 13554 15
0.003231 0.999974 0.473974 0.478925 0.134122 15461 17
0.004331 0.998514 0.492536 0.497126 0.146039 16987 18
0.001356 0.997550 0.497020 0.501898 0.144999 16873 19
0.001848 0.999751 0.477063 0.481820 0.123036 14234 16
0.001707 0.989101 0.472843 0.477648 0.118969 13718 15
0.004535 0.997110 0.513393 0.517530 0.133950 15807 18
0.000705 0.997597 0.550576 0.554873 0.139034 16084 18
0.003607 0.994618 0.486128 0.489755 0.130971 15249 17
0.000592 0.999514 0.458915 0.463236 0.133194 15594 17
0.000333 0.992124 0.448895 0.452896 0.127994 14893 17
0.000863 0.999623 0.514540 0.518978 0.121989 14193 16
0.006776 0.992176 0.533103 0.536631 0.136980 15909 18
0.000654 0.996957 0.469322 0.474033 0.134045 15408 18
0.000483 0.998554 0.483927 0.487712 0.134934 15593 17
0.008245 0.998026 0.454128 0.457371 0.144998 16890 19
0.003688 0.990952 0.435713 0.440152 0.145034 16856 19
0.003111 0.999780 0.556385 0.560693 0.132465 15280 18
0.005842 0.993475 0.522303 0.526450 0.130960 15083 17
0.005183 0.990965 0.487132 0.491666 0.119998 14014 16
0.006992 0.998021 0.492419 0.496486 0.133376 15254 17
0.008786 0.999885 0.465310 0.470129 0.132004 15262 17
0.004506 0.990694 0.487420 0.492205 0.132950 15560 17
0.004281 0.996987 0.502986 0.506702 0.138044 15971 18
0.008303 0.996679 0.492539 0.496481 0.125788 14649 17
0.002841 0.997368 0.490512 0.494619 0.142656 15411 17
0.000644 0.998544 0.491050 0.494831 0.138998 16188 18
0.008730 0.997009 0.460593 0.464661 0.140040 16044 18
0.008722 0.997231 0.510320 0.514442 0.134996 15484 17
0.000765 0.999420 0.488739 0.492815 0.131998 15497 17
0.006133 0.999754 0.496704 0.501347 0.142993 14833 17
0.000496 0.991823 0.507400 0.511723 0.135999 16183 18
0.010118 0.993067 0.478460 0.482722 0.126998 14715 17
0.004314 0.999884 0.504269 0.508376 0.173213 14770 17
0.007208 0.994246 0.487615 0.491480 0.208000 14392 17
0.001256 0.999211 0.507517 0.512083 0.214036 14819 16
0.002379 0.994255 0.561184 0.564777 0.206960 16102 18
0.009010 0.984974 0.522478 0.527429 0.207042 14981 17
0.003728 0.995085 0.530006 0.534736 0.170930 14992 16
0.005238 0.996466 0.493717 0.498095 0.165599 16667 19
0.001737 0.995703 0.456164 0.460976 0.201018 14908 17
0.004294 0.998192 0.497123 0.501565 0.228011 17408 19
0.004997 0.996378 0.448571 0.453463 0.221057 15488 17
0.010205 0.999161 0.496560 0.500258 0.147048 15083 17
0.005154 0.999721 0.470592 0.474502 0.138916 14274 16
0.000410 0.997846 0.513527 0.518011 0.189053 14537 16
0.009098 0.995694 0.495054 0.499861 0.200033 15721 17
0.005123 0.996077 0.476166 0.480367 0.216991 16492 18
0.003630 0.984710 0.477593 0.482127 0.175302 14362 16
0.002211 0.978546 0.483319 0.486905 0.160001 16179 18
0.001318 0.991504 0.489473 0.493796 0.187991 14566 16
0.000096 0.987789 0.474175 0.478903 0.166039 14270 16
0.000158 0.995154 0.483976 0.488124 0.236733 15105 17
0.019519 0.997440 0.494603 0.499052 0.235017 16065 18
0.000753 0.994486 0.495676 0.500322 0.202995 16623 18
0.001736 0.977560 0.514563 0.519125 0.238941 17127 19
0.012437 0.995575 0.541832 0.545896 0.205038 15316 17
0.001123 0.992225 0.438198 0.442612 0.138000 15108 17
0.001746 0.989547 0.429747 0.433969 0.211169 16082 18
0.002968 0.995681 0.486889 0.491295 0.214998 15413 17
0.013714 0.987993 0.510507 0.515198 0.256041 14921 17
0.002813 0.994787 0.487947 0.491968 0.166043 16632 18
0.000641 0.994340 0.506826 0.511115 0.117010 13400 15
0.003327 0.999197 0.480177 0.484359 0.123998 13880 16
0.000047 0.996163 0.478699 0.482641 0.132001 15220 17
0.002511 0.995864 0.475299 0.480057 0.137992 15315 17
