0.000534 0.994738 0.484938 0.489779 0.042002 8270 19
0.024826 0.999198 0.589837 0.593590 0.033257 6647 15
0.000361 0.998350 0.534421 0.538030 0.038202 8122 18
0.019540 0.998404 0.515116 0.519890 0.040030 7395 16
0.007223 0.992954 0.495652 0.500375 0.032998 6778 16
0.005015 0.984421 0.480168 0.483847 0.031946 6398 15
0.020098 0.989870 0.515058 0.519841 0.038999 8098 18
0.017488 0.987888 0.481147 0.485438 0.042026 8512 19
0.002909 0.999275 0.435429 0.439904 0.046901 9563 22
0.006357 0.998181 0.376154 0.379968 0.035998 7283 17
0.014600 0.970587 0.526706 0.531361 0.030998 6515 14
0.006295 0.984205 0.498153 0.502810 0.052059 8576 19
0.002122 0.996357 0.459393 0.463735 0.042031 8644 18
0.001138 0.994869 0.476982 0.481563 0.039999 8224 18
0.001137 0.998025 0.524367 0.529197 0.039998 8258 18
0.009183 0.999051 0.540516 0.544405 0.035000 7266 17
0.001189 0.974001 0.450182 0.453794 0.038999 8183 18
0.000335 0.996464 0.461908 0.465836 0.040058 7821 18
0.029627 0.999903 0.497926 0.502377 0.037774 7381 17
0.010698 0.988070 0.513215 0.517381 0.044999 9231 20
0.003519 0.997142 0.425478 0.429520 0.045015 8941 20
0.001230 0.986966 0.518855 0.523063 0.040899 8018 17
0.003919 0.966373 0.486822 0.490429 0.032998 6742 15
0.008317 0.997872 0.517314 0.521412 0.039998 8389 19
0.004613 0.997226 0.448175 0.452722 0.042998 9053 20
0.000610 0.997565 0.499488 0.502733 0.041998 8794 20
0.023736 0.998754 0.491424 0.495004 0.042997 8851 20
0.001404 0.977992 0.448471 0.452447 0.039999 8228 19
0.007142 0.981488 0.436748 0.441347 0.038978 8213 19
0.019203 0.974028 0.466466 0.470235 0.038002 7591 16
0.019966 0.999594 0.477043 0.481529 0.036996 6698 16
0.000171 0.999198 0.497713 0.502321 0.035443 6513 14
0.016740 0.997568 0.500201 0.504892 0.033883 6356 14
0.027067 0.989560 0.563871 0.566911 0.046027 7492 17
0.008384 0.957568 0.539560 0.543468 0.040030 7150 16
0.003231 0.999974 0.486250 0.490708 0.037788 7659 17
0.004331 0.998514 0.514455 0.518441 0.044992 9024 19
0.002584 0.997550 0.578350 0.581992 0.050554 8023 18
0.001848 0.999751 0.450375 0.453929 0.042045 8325 18
0.008872 0.988336 0.467605 0.472412 0.036998 7670 16
0.007815 0.997110 0.476850 0.481725 0.039989 7837 18
0.000705 0.997597 0.551693 0.556367 0.038982 7768 18
0.003607 0.989105 0.515511 0.519880 0.046040 7770 18
0.004173 0.982285 0.496468 0.500781 0.045000 7669 17
0.001878 0.990769 0.434161 0.438402 0.039997 7318 17
0.002037 0.999246 0.499351 0.503662 0.038536 7796 18
0.009280 0.988594 0.537984 0.542282 0.042999 7704 17
0.000654 0.996957 0.471803 0.476284 0.040992 6689 16
0.000483 0.998554 0.437854 0.442653 0.039004 7871 17
0.008245 0.976030 0.445416 0.450252 0.035999 7303 16
0.010081 0.990952 0.426210 0.431196 0.033869 7131 16
0.005961 0.999780 0.579312 0.582295 0.033000 6670 16
0.042810 0.993475 0.545300 0.549030 0.038998 8216 18
0.005183 0.956460 0.449614 0.453017 0.036041 7478 17
0.006992 0.970624 0.511843 0.516211 0.038998 8105 18
0.038144 0.983286 0.468350 0.472561 0.036051 7465 17
0.005279 0.983096 0.490550 0.495514 0.036548 7602 17
0.004281 0.996987 0.521544 0.525724 0.036999 7690 17
0.008303 0.996679 0.470647 0.474404 0.033001 6834 16
0.002841 0.997368 0.457730 0.462287 0.036000 7285 16
0.000644 0.998544 0.515295 0.519289 0.037280 7770 17
0.008730 0.997009 0.472979 0.476669 0.038195 7893 17
0.008722 0.997231 0.467692 0.472466 0.035995 7372 16
0.000765 0.996505 0.489261 0.492754 0.037996 8030 17
0.006133 0.986891 0.508908 0.512668 0.032044 6602 15
0.007700 0.973316 0.479096 0.483694 0.037999 7954 18
0.021589 0.993067 0.493539 0.497755 0.038764 7892 18
0.004407 0.993385 0.518510 0.522446 0.040999 8287 19
0.034902 0.994246 0.491925 0.495985 0.034589 7013 17
0.004408 0.999211 0.486842 0.490252 0.037550 7738 17
0.015700 0.994255 0.556775 0.560412 0.036999 7692 17
0.009010 0.966772 0.532479 0.536487 0.031515 6384 15
0.003728 0.995085 0.539737 0.543442 0.033034 6744 15
0.005238 0.996466 0.490668 0.494755 0.042928 8881 20
0.001737 0.991051 0.427066 0.431984 0.035000 7296 16
0.004294 0.997698 0.562877 0.567662 0.036745 7059 15
0.006276 0.994108 0.454975 0.459963 0.036029 7456 16
0.010911 0.999161 0.495738 0.499627 0.035007 7431 17
0.005154 0.985817 0.421744 0.425397 0.036915 7572 18
0.014119 0.982008 0.487923 0.492526 0.037175 7424 16
0.009098 0.987322 0.501142 0.505852 0.036995 7668 17
0.006424 0.996077 0.468546 0.471525 0.033046 6995 16
0.003630 0.984710 0.529146 0.532777 0.034778 7124 16
0.005323 0.978546 0.465461 0.469592 0.036975 7551 17
0.020180 0.989412 0.498640 0.502666 0.037999 7501 16
0.001205 0.987789 0.459864 0.464582 0.035805 7515 17
0.003022 0.995154 0.477860 0.481948 0.042001 8168 19
0.019519 0.989427 0.484418 0.488030 0.040996 8280 19
0.000753 0.986281 0.473164 0.477800 0.037877 7884 17
0.001736 0.975051 0.532022 0.536774 0.039000 8128 18
0.016180 0.983679 0.554578 0.558539 0.043557 8931 20
0.001123 0.992146 0.444528 0.448450 0.051997 7594 17
0.001746 0.987113 0.375553 0.379731 0.041898 8659 19
0.002968 0.993191 0.505458 0.508758 0.035869 7461 17
0.013714 0.984436 0.550823 0.555460 0.036001 7441 17
0.002813 0.994787 0.480027 0.483495 0.039999 8266 18
0.002910 0.994340 0.480576 0.484831 0.037001 7629 17
0.003327 0.995995 0.474185 0.478771 0.033767 6906 16
0.000047 0.996163 0.499711 0.502816 0.035997 7253 17
0.010353 0.990796 0.504923 0.508386 0.039001 7838 18
