0.024297 0.939342 0.609454 0.614008 0.001991 1014 24
0.292605 0.984834 0.722401 0.726148 0.001003 525 16
0.183704 0.991980 0.643374 0.648127 0.002037 941 23
0.049143 0.980853 0.548600 0.552843 0.001041 638 17
0.050956 0.964425 0.448289 0.451622 0.000996 611 15
0.046646 0.755425 0.344209 0.347638 0.001724 673 19
0.103215 0.940897 0.441624 0.446526 0.000000 490 16
0.083795 0.790161 0.487039 0.491008 0.000897 782 24
0.055996 0.949870 0.411730 0.416627 0.001000 806 25
0.012256 0.703126 0.302335 0.305634 0.000998 569 17
0.154097 0.970587 0.457292 0.461452 0.000979 645 18
0.050687 0.979490 0.589521 0.594471 0.001001 650 18
0.045473 0.903701 0.344670 0.349539 0.000970 615 18
0.022512 0.948574 0.445914 0.449495 0.001002 518 15
0.009251 0.885758 0.438655 0.442492 0.000999 792 22
0.320770 0.971205 0.686159 0.690405 0.001001 754 20
0.166504 0.969446 0.464187 0.469015 0.002023 860 24
0.040936 0.781550 0.409987 0.414536 0.001002 680 21
0.093342 0.618358 0.320508 0.325452 0.000909 602 19
0.114793 0.973185 0.497287 0.502000 0.001790 847 26
0.056062 0.805200 0.370852 0.375394 0.001024 749 23
0.125258 0.950486 0.540942 0.545505 0.001625 786 20
0.203858 0.953387 0.480140 0.485022 0.000959 499 15
0.086105 0.997872 0.678712 0.683649 0.002031 728 19
0.010936 0.969735 0.753005 0.757833 0.002001 1319 46
0.029626 0.880518 0.457653 0.461488 0.001000 672 17
0.100390 0.991932 0.398595 0.403523 0.001704 842 27
0.034758 0.952298 0.474393 0.477853 0.000764 540 17
0.007142 0.860099 0.359027 0.363585 0.001674 1285 47
0.083535 0.953966 0.413886 0.417929 0.001001 618 16
0.020859 0.656067 0.346611 0.350094 0.001004 576 17
0.231728 0.883733 0.556248 0.558324 0.000996 584 16
0.174955 0.867133 0.514768 0.519478 0.000953 557 16
0.081615 0.904991 0.721744 0.726452 0.000639 679 24
0.340969 0.877767 0.607443 0.611331 0.001002 555 15
0.048978 0.776262 0.397630 0.402243 0.001836 758 21
0.020326 0.998514 0.500198 0.504549 0.000642 790 23
0.044761 0.910565 0.593458 0.597827 0.000000 554 17
0.194247 0.985566 0.548241 0.552890 0.000898 653 18
0.163826 0.988336 0.596372 0.601096 0.001000 583 19
0.046175 0.924423 0.439685 0.443408 0.000731 632 17
0.000705 0.948465 0.382106 0.387096 0.000000 529 15
0.039034 0.961255 0.535367 0.539582 0.000568 825 24
0.007317 0.982285 0.629690 0.634675 0.000914 719 22
0.091476 0.851080 0.416778 0.421508 0.000456 401 12
0.006233 0.978945 0.674941 0.679020 0.001036 694 22
0.129584 0.949951 0.662050 0.666408 0.000809 736 20
0.021194 0.835116 0.528265 0.531994 0.001000 656 22
0.153603 0.791645 0.458771 0.462924 0.000936 584 18
0.060648 0.976030 0.499237 0.504236 0.001024 574 15
0.037025 0.878098 0.360677 0.365662 0.001043 665 19
0.025388 0.904105 0.554176 0.557839 0.000953 496 14
0.222971 0.951393 0.592105 0.596200 0.001002 819 22
0.097971 0.914222 0.534261 0.539066 0.000560 583 16
0.200576 0.970624 0.530883 0.534247 0.000946 763 21
0.207612 0.983286 0.740945 0.745473 0.000998 627 17
0.005279 0.966140 0.339284 0.343842 0.000752 646 16
0.181844 0.927466 0.558196 0.562578 0.001000 585 17
0.016261 0.860697 0.489314 0.493196 0.000000 573 16
0.051512 0.800021 0.419595 0.424237 0.001039 869 23
0.000839 0.938038 0.508719 0.513089 0.000885 622 17
0.025275 0.781861 0.210058 0.214207 0.001756 835 21
0.031132 0.680190 0.355797 0.360785 0.001040 607 16
0.032424 0.873708 0.337944 0.341865 0.001043 705 20
0.275134 0.943767 0.606605 0.611393 0.001313 1025 33
0.012158 0.857535 0.505846 0.510309 0.002038 675 20
0.268920 0.976297 0.485405 0.490134 0.001038 487 12
0.249621 0.871925 0.577269 0.581648 0.001000 691 17
0.249825 0.915685 0.620992 0.625669 0.001001 1091 31
0.047084 0.941467 0.389158 0.393230 0.000999 707 19
0.250326 0.974605 0.705163 0.710114 0.001038 758 20
0.201335 0.956612 0.546226 0.550331 0.001000 594 16
0.053231 0.837058 0.456895 0.461132 0.000894 592 17
0.023199 0.957338 0.488384 0.493343 0.000969 1071 28
0.003970 0.954398 0.240236 0.244487 0.001743 1197 29
0.612506 0.974878 0.820579 0.825394 0.000665 554 18
0.026029 0.771373 0.354836 0.358720 0.000926 635 18
0.098664 0.932546 0.463219 0.467840 0.001997 911 28
0.028193 0.764142 0.334404 0.338588 0.000000 463 12
0.082658 0.972585 0.596645 0.600808 0.000700 618 19
0.038115 0.758607 0.492769 0.496262 0.001202 691 16
0.052419 0.792675 0.342297 0.346578 0.001001 555 15
0.055666 0.984710 0.607340 0.610980 0.000580 616 20
0.022068 0.861757 0.440625 0.444197 0.000956 590 18
0.049055 0.984724 0.465211 0.468942 0.000727 710 18
0.035515 0.882392 0.337649 0.342534 0.000874 557 16
0.151596 0.883410 0.530174 0.534036 0.001043 587 18
0.115425 0.644065 0.403357 0.407271 0.000996 680 17
0.000753 0.911044 0.510774 0.515388 0.001042 882 24
0.001736 0.962675 0.655081 0.659147 0.001043 835 20
0.029825 0.983499 0.594497 0.599492 0.002042 989 26
0.170275 0.973660 0.481286 0.485886 0.001153 731 17
0.037268 0.752622 0.348951 0.353575 0.000246 635 19
0.193625 0.963161 0.508385 0.512409 0.001787 913 31
0.074223 0.971183 0.615431 0.619407 0.001119 706 20
0.147522 0.992291 0.388058 0.392842 0.001183 779 19
0.002910 0.733230 0.234906 0.239162 0.001000 562 16
0.067497 0.838066 0.508354 0.512260 0.000000 442 12
0.035618 0.856289 0.340534 0.344218 0.000762 714 22
0.092628 0.567488 0.305920 0.309702 0.000523 558 17
