0.024297 0.955402 0.475794 0.480369 0.005989 2534 20
0.024826 0.984834 0.587415 0.590875 0.006039 2195 18
0.000361 0.991980 0.596865 0.601214 0.005826 2497 19
0.049143 0.980853 0.584018 0.588227 0.006608 2476 19
0.007223 0.964425 0.473845 0.478395 0.003783 1774 14
0.045047 0.963478 0.474549 0.478170 0.004978 1999 17
0.093125 0.989870 0.522075 0.526491 0.005036 1924 16
0.055611 0.978195 0.453862 0.457615 0.008039 3432 27
0.029169 0.995556 0.471024 0.475824 0.006985 2798 24
0.012256 0.998181 0.334812 0.339334 0.004347 1954 16
0.154097 0.970587 0.565556 0.569740 0.005025 1940 15
0.013789 0.979490 0.544715 0.549393 0.007943 2244 19
0.002122 0.996357 0.436841 0.441391 0.003967 1865 15
0.001138 0.948574 0.467479 0.471544 0.003995 1900 15
0.009251 0.998025 0.550723 0.555257 0.004965 2629 19
0.017679 0.971205 0.557171 0.561569 0.005000 1872 16
0.001189 0.969446 0.436379 0.441190 0.003943 1963 15
0.007431 0.996464 0.491430 0.495740 0.006241 3058 25
0.029627 0.999903 0.455421 0.459467 0.005202 2151 19
0.114793 0.984673 0.527297 0.530567 0.006001 2430 18
0.003519 0.989007 0.391665 0.396368 0.006656 3123 26
0.095971 0.986966 0.524858 0.528664 0.005999 2778 20
0.004981 0.966373 0.460195 0.463225 0.005002 2060 17
0.086105 0.997872 0.554589 0.558789 0.005911 2800 21
0.010936 0.997226 0.519838 0.524518 0.005998 2724 23
0.000610 0.962262 0.506511 0.511074 0.006036 2514 19
0.100390 0.991932 0.445333 0.450240 0.006343 2901 24
0.004913 0.977992 0.406311 0.409855 0.005002 2160 18
0.007142 0.971173 0.451664 0.456043 0.005836 2789 24
0.074067 0.974028 0.508339 0.512902 0.004999 2311 17
0.020859 0.985883 0.483185 0.488142 0.003949 1806 15
0.000171 0.986039 0.441142 0.446132 0.007591 1942 14
0.016740 0.956005 0.401023 0.405806 0.004813 2274 18
0.081615 0.929925 0.583940 0.587544 0.005921 2388 20
0.105516 0.957568 0.588738 0.592961 0.004000 1840 14
0.027887 0.983627 0.415912 0.419870 0.006029 2485 18
0.020326 0.998514 0.459704 0.464433 0.004998 2613 21
0.043089 0.975873 0.573971 0.578809 0.003997 1838 16
0.001848 0.985566 0.457555 0.460834 0.004840 1939 15
0.008872 0.988336 0.504879 0.508916 0.004007 1708 14
0.046175 0.980922 0.545648 0.549692 0.003997 1909 15
0.000705 0.997558 0.510146 0.514139 0.008033 2011 18
0.039034 0.968780 0.541842 0.545708 0.004932 2142 18
0.007317 0.982285 0.488367 0.493217 0.005049 2361 18
0.003388 0.950327 0.460269 0.464307 0.003999 1953 17
0.006233 0.978945 0.577771 0.581557 0.005002 2090 18
0.034083 0.949951 0.640957 0.644425 0.004829 2466 19
0.003325 0.939133 0.477987 0.482958 0.004231 1880 15
0.000483 0.950660 0.446957 0.451771 0.004796 2354 18
0.018246 0.976030 0.405557 0.408606 0.004880 2035 16
0.025109 0.990952 0.389870 0.393499 0.003837 1942 17
0.025388 0.997320 0.575614 0.579840 0.004000 1826 15
0.192075 0.993475 0.648504 0.652336 0.004004 1856 15
0.077927 0.956460 0.555649 0.560325 0.004959 1960 16
0.014166 0.970624 0.499264 0.504195 0.003998 2041 16
0.088114 0.983286 0.504737 0.508854 0.005991 2083 16
0.005279 0.971769 0.411486 0.415937 0.004616 2279 18
0.013332 0.937480 0.488528 0.492854 0.003998 1936 16
0.016261 0.950965 0.459976 0.463781 0.003998 2117 18
0.029387 0.978862 0.432124 0.437057 0.005656 2473 19
0.000644 0.998544 0.514553 0.518474 0.004098 2031 16
0.021846 0.966576 0.432089 0.436630 0.006001 2529 19
0.031132 0.970997 0.441437 0.445719 0.005000 2292 17
0.011375 0.996505 0.481264 0.485841 0.004702 2102 17
0.023157 0.943767 0.506179 0.510945 0.005000 2574 20
0.012158 0.961203 0.551904 0.556362 0.004735 2326 19
0.021589 0.976297 0.446850 0.451495 0.004998 2247 17
0.024020 0.993385 0.513033 0.516953 0.004961 2440 19
0.034902 0.927429 0.464023 0.468486 0.004911 2419 20
0.047084 0.975541 0.469285 0.473183 0.004792 1937 15
0.015700 0.974605 0.573427 0.576948 0.004000 1744 14
0.011709 0.962273 0.567177 0.571263 0.005000 1690 13
0.003728 0.941309 0.478551 0.483018 0.005983 2162 17
0.023199 0.957338 0.474362 0.478681 0.005998 2727 23
0.003970 0.954398 0.425507 0.430110 0.005922 2788 21
0.013716 0.977670 0.694871 0.699197 0.004896 2360 18
0.026029 0.944769 0.334359 0.337816 0.004812 2023 16
0.042079 0.991127 0.511528 0.515492 0.004213 1759 14
0.028193 0.963379 0.400077 0.404864 0.004694 2205 18
0.082658 0.982008 0.565155 0.569867 0.004606 2126 17
0.038115 0.898802 0.549897 0.554214 0.004912 1927 16
0.051828 0.976569 0.440329 0.444369 0.004000 1988 16
0.032327 0.984710 0.479148 0.483023 0.004797 2450 20
0.022068 0.971069 0.419934 0.424772 0.007091 2211 18
0.049055 0.984724 0.523864 0.528040 0.004099 1884 14
0.001205 0.971686 0.430226 0.434289 0.004627 2013 16
0.052525 0.883410 0.511143 0.515153 0.005000 2135 19
0.115425 0.989427 0.520154 0.524483 0.003999 1815 14
0.000753 0.943446 0.423365 0.427012 0.005867 2861 22
0.001736 0.967328 0.522779 0.526716 0.005116 2437 20
0.016180 0.983499 0.540535 0.545515 0.004998 2312 19
0.043354 0.973660 0.483881 0.488797 0.003910 1847 14
0.033144 0.987113 0.386426 0.391253 0.004485 2408 20
0.053038 0.963161 0.522649 0.526459 0.004901 1915 18
0.013714 0.982186 0.508543 0.512771 0.005002 2301 19
0.036703 0.994573 0.416030 0.420182 0.004791 2397 19
0.002910 0.914354 0.490310 0.494912 0.004599 2029 16
0.035579 0.838066 0.490563 0.495084 0.003954 1780 14
0.035618 0.896613 0.430912 0.435096 0.005941 2752 22
0.024404 0.967339 0.408887 0.412946 0.004040 1657 15
