0.000534 0.997733 0.501112 0.504005 3.599848 89107 19
0.001831 0.999198 0.510182 0.514365 3.328017 79376 17
0.000361 0.999849 0.490563 0.494372 3.944000 85284 18
0.001088 0.998404 0.510028 0.514349 4.200039 78592 17
0.000201 0.998341 0.497772 0.502682 4.691043 83940 18
0.000521 0.999702 0.495210 0.499106 3.768997 80323 17
0.000937 0.997960 0.510974 0.515150 3.103028 78633 17
0.000788 0.998313 0.506764 0.511463 3.308097 83846 18
0.001198 0.999290 0.486512 0.490735 3.432998 83070 18
0.000232 0.999282 0.481816 0.485600 3.917989 81809 18
0.002152 0.999677 0.502127 0.506894 6.704999 78455 17
0.000774 0.996860 0.488958 0.492661 6.683548 86943 19
0.001044 0.999635 0.488107 0.492357 6.818303 83356 18
0.000159 0.999918 0.469981 0.473830 5.873626 79129 17
0.001137 0.999259 0.506324 0.510269 3.848839 88792 19
0.001331 0.999051 0.517923 0.522843 3.733994 78724 17
0.000869 0.999439 0.485563 0.489993 3.601999 80008 17
0.000294 0.997717 0.500974 0.505006 3.733996 83832 18
0.007232 0.999903 0.509831 0.514310 4.282996 77865 17
0.000777 0.999417 0.526207 0.530200 5.515993 83996 18
0.000571 0.999949 0.490211 0.494317 6.787001 81992 18
0.001230 0.999269 0.493070 0.497854 6.219374 78776 17
0.002200 0.997682 0.489561 0.492862 7.320033 84692 18
0.000858 0.999976 0.500371 0.504278 6.461453 84700 18
0.000591 0.998109 0.477767 0.481854 4.504030 85381 18
0.000610 0.999302 0.494088 0.497953 4.670998 83374 18
0.001797 0.998754 0.499659 0.503580 4.758200 81451 18
0.000293 0.997832 0.488066 0.492627 5.030809 81617 18
0.001324 0.999462 0.497976 0.501737 5.397002 82609 18
0.000334 0.999908 0.489690 0.493629 4.722140 79401 17
0.003554 0.999594 0.480041 0.484942 4.645995 79667 17
0.000171 0.999566 0.505843 0.509727 5.281997 79347 17
0.000382 0.999745 0.493298 0.498147 5.999998 78252 17
0.000113 0.998635 0.518649 0.522339 6.905429 81954 18
0.000091 0.999643 0.495076 0.499077 7.814864 79300 17
0.000348 0.999974 0.485502 0.489503 7.072351 80171 17
0.002642 0.998514 0.504665 0.509118 5.285997 85216 18
0.001356 0.999568 0.508451 0.512927 4.819674 82333 18
0.000199 0.999751 0.515653 0.519590 7.225970 78951 17
0.000973 0.996124 0.491186 0.495638 5.307730 80652 17
0.001928 0.997983 0.496474 0.501378 4.637289 84196 18
0.000594 0.998586 0.510511 0.514209 5.712706 82748 18
0.001910 0.999555 0.489059 0.493690 4.416224 79065 17
0.000199 0.999664 0.472541 0.476113 4.825200 87806 19
0.000077 0.999924 0.501244 0.505195 4.548829 78826 17
0.000863 0.999623 0.489679 0.494114 4.337992 78507 17
0.000320 0.996698 0.504280 0.507641 4.905148 83984 18
0.000654 0.999475 0.494059 0.498769 4.906000 82104 18
0.000483 0.999921 0.482525 0.487207 4.591005 83914 18
0.000682 0.998662 0.466565 0.470823 5.063995 83630 18
0.000444 0.999089 0.471297 0.475617 5.040025 80185 17
0.003111 0.999780 0.497440 0.502135 4.437818 77373 17
0.000877 0.998823 0.514719 0.518113 4.602535 82010 18
0.000135 0.999698 0.508684 0.512032 5.922061 82512 18
0.001790 0.999994 0.507315 0.510663 5.315517 84229 18
0.001062 0.999885 0.505579 0.509035 5.103003 83741 18
0.000590 0.999294 0.490818 0.495714 5.386957 84234 18
0.001261 0.998611 0.498580 0.502305 5.702934 83660 18
0.001707 0.999021 0.489722 0.494196 6.614089 78937 17
0.002841 0.997368 0.498421 0.502599 5.599861 85750 18
0.000644 0.998875 0.508142 0.511491 5.225489 86777 19
0.000359 0.999881 0.485938 0.490802 4.930890 79808 17
0.000025 0.997231 0.489698 0.493842 4.831574 83696 18
0.000765 0.999420 0.500140 0.503808 4.797997 83821 18
0.002242 0.999824 0.495594 0.499773 4.233999 79289 17
0.000496 0.998763 0.516879 0.521410 4.839484 78696 17
0.000198 0.999948 0.491597 0.495339 5.204618 83809 18
0.000951 0.999884 0.498035 0.501960 4.647041 83201 18
0.000045 0.997332 0.504423 0.509014 4.042037 78031 17
0.000553 0.999699 0.506549 0.510195 4.030048 78434 17
0.000843 0.996891 0.506863 0.511382 4.478998 85362 18
0.000438 0.999703 0.512305 0.516377 4.178000 78618 17
0.000046 0.999579 0.503083 0.507725 4.096197 78599 17
0.000258 0.997377 0.512101 0.516306 4.333846 83504 18
0.001737 0.996293 0.488289 0.493027 4.135040 79013 17
0.003230 0.999748 0.518959 0.523580 4.333998 83226 18
0.000024 0.999669 0.481904 0.485525 4.459004 85325 18
0.000357 0.999549 0.516435 0.520287 4.163966 80057 17
0.000995 0.999721 0.491288 0.494958 4.850651 83693 18
0.000410 0.998872 0.494721 0.499210 5.585994 83515 18
0.000673 0.999574 0.498491 0.502494 5.832045 83755 18
0.000263 0.997330 0.481154 0.485203 6.109999 79373 17
0.001606 0.997961 0.493028 0.496771 6.124173 78314 17
0.002211 0.999142 0.492905 0.496652 6.714042 83840 18
0.000313 0.999297 0.515805 0.520049 6.867961 83123 18
0.000096 0.999995 0.483905 0.486931 7.250000 83729 18
0.000158 0.999710 0.482543 0.487356 6.851227 78515 17
0.000282 0.999531 0.493274 0.496982 7.111999 83807 18
0.000753 0.999976 0.491103 0.496096 6.693002 78828 17
0.000585 0.995156 0.499312 0.504114 7.728044 88750 19
0.000961 0.999104 0.518078 0.522954 6.443004 78748 17
0.000139 0.999280 0.468020 0.472232 6.631001 83277 18
0.001147 0.998354 0.480420 0.485061 8.405000 89224 19
0.000311 0.998277 0.504133 0.508699 8.109139 78320 17
0.000917 0.999059 0.480738 0.485079 7.186339 83615 18
0.000506 0.999858 0.491664 0.495211 7.340495 88890 19
0.000460 0.998694 0.490259 0.494762 7.282672 84539 18
0.000005 0.999197 0.499550 0.503737 6.840836 78398 17
0.000047 0.997965 0.487493 0.492466 7.385933 80170 17
0.001488 0.999618 0.479988 0.484907 6.227788 79505 17
