0.024297 0.955402 0.539840 0.544719 0.003998 2068 25
0.024826 0.984834 0.543854 0.548011 0.003009 1269 17
0.074515 0.991980 0.648080 0.652423 0.003334 1680 21
0.049143 0.980853 0.544732 0.549121 0.002968 1842 21
0.007223 0.964425 0.450535 0.454101 0.001998 1250 15
0.045047 0.963478 0.396530 0.400080 0.002037 1227 16
0.103215 0.940897 0.496750 0.500674 0.002000 1266 17
0.055611 0.978195 0.492325 0.496845 0.004128 2082 27
0.055996 0.995556 0.472080 0.476741 0.003025 1570 21
0.012256 0.998181 0.327679 0.331657 0.002001 1277 18
0.154097 0.970587 0.547647 0.551593 0.002802 1401 17
0.013789 0.979490 0.550132 0.553679 0.002829 1396 18
0.002122 0.996357 0.355506 0.360306 0.002001 1275 16
0.022512 0.948574 0.390072 0.395059 0.001981 1110 15
0.009251 0.906082 0.527989 0.532842 0.002753 1608 19
0.124965 0.971205 0.564500 0.569088 0.003158 1773 22
0.012492 0.969446 0.463449 0.467525 0.002180 1635 21
0.007431 0.996464 0.437621 0.442230 0.003000 1713 22
0.037624 0.989174 0.459678 0.463585 0.002747 1269 17
0.114793 0.973185 0.499500 0.504123 0.002804 1824 22
0.003519 0.989007 0.328076 0.331809 0.002998 1992 27
0.123185 0.986966 0.608760 0.613025 0.004001 1363 16
0.023415 0.966373 0.514736 0.519634 0.002028 995 13
0.086105 0.997872 0.626643 0.630116 0.002963 1599 20
0.010936 0.969735 0.626463 0.630524 0.002930 1665 23
0.029626 0.962262 0.493199 0.497237 0.003039 1595 20
0.100390 0.991932 0.481718 0.485756 0.003041 1871 25
0.004913 0.977992 0.453284 0.457676 0.002027 1381 18
0.007142 0.920497 0.480996 0.485988 0.002761 1549 23
0.083535 0.953966 0.454314 0.459244 0.001999 1146 14
0.020859 0.926105 0.428372 0.432440 0.002578 1457 18
0.000171 0.986039 0.512175 0.516767 0.003001 1249 15
0.055114 0.956005 0.511022 0.514183 0.003025 1342 17
0.081615 0.905140 0.685386 0.690069 0.003206 1309 18
0.141212 0.881743 0.599851 0.604005 0.002042 1088 14
0.044248 0.983627 0.431074 0.435188 0.002966 1650 19
0.020326 0.998514 0.418714 0.422821 0.003028 1666 22
0.043089 0.975873 0.654141 0.658484 0.002716 1387 18
0.001848 0.985566 0.528512 0.532941 0.001681 1136 14
0.008872 0.988336 0.501160 0.504297 0.002027 1153 15
0.046175 0.971938 0.453194 0.457191 0.001561 1131 14
0.000705 0.951035 0.472775 0.477247 0.002175 1039 15
0.039034 0.968780 0.578348 0.582566 0.002846 1320 19
0.007317 0.982285 0.504633 0.507569 0.001998 1140 14
0.011096 0.882256 0.437128 0.441701 0.001883 1158 16
0.006233 0.978945 0.569410 0.573597 0.002225 1308 18
0.129584 0.949951 0.635637 0.640221 0.002875 1326 16
0.021194 0.908915 0.492298 0.496222 0.002999 1462 18
0.000483 0.950660 0.408818 0.412991 0.002615 1363 19
0.060648 0.976030 0.460504 0.464391 0.003030 1423 17
0.031391 0.990952 0.415097 0.418613 0.002021 1325 17
0.025388 0.997320 0.559312 0.564057 0.002001 1002 13
0.192075 0.992090 0.570136 0.573360 0.003193 1469 19
0.097971 0.956460 0.453364 0.458148 0.001999 1048 14
0.159460 0.970624 0.456830 0.460088 0.001611 1248 18
0.157536 0.983286 0.670030 0.674671 0.002696 1555 19
0.005279 0.966140 0.367367 0.371856 0.004042 1442 18
0.013332 0.937480 0.489612 0.494051 0.003041 1552 20
0.016261 0.917031 0.442317 0.446125 0.002002 1352 18
0.029387 0.964464 0.390442 0.394342 0.003771 1886 23
0.000839 0.938038 0.499104 0.503312 0.002156 1410 17
0.025275 0.931209 0.400396 0.404999 0.001999 1424 17
0.031132 0.970997 0.416146 0.420262 0.001998 1123 13
0.011375 0.969154 0.465839 0.469597 0.003062 1554 20
0.151526 0.943767 0.537035 0.541870 0.003933 2685 35
0.012158 0.857535 0.497198 0.501868 0.003038 1544 20
0.041420 0.976297 0.433899 0.437699 0.002894 1482 18
0.162411 0.993385 0.505949 0.510700 0.002007 1312 16
0.034902 0.927429 0.434842 0.438958 0.002841 1423 20
0.047084 0.972322 0.423966 0.427472 0.002029 1387 17
0.088471 0.974605 0.619840 0.624125 0.002576 1211 16
0.011709 0.956612 0.558315 0.562974 0.002355 1185 15
0.003728 0.837058 0.503053 0.506378 0.003007 1476 19
0.023199 0.957338 0.488981 0.493280 0.003810 1882 24
0.003970 0.954398 0.360729 0.365061 0.003000 1842 21
0.013716 0.977670 0.752349 0.756817 0.004055 1340 17
0.026029 0.771373 0.350821 0.355309 0.002734 1160 15
0.098664 0.984190 0.515220 0.519511 0.001973 1359 18
0.028193 0.963379 0.340996 0.345385 0.001992 1054 13
0.082658 0.982008 0.601177 0.605986 0.003000 1169 16
0.038115 0.898802 0.511303 0.515610 0.001959 1322 16
0.052419 0.972145 0.419318 0.423387 0.002728 1385 17
0.055666 0.984710 0.532316 0.536398 0.002039 1646 20
0.022068 0.970895 0.436845 0.441567 0.002846 1361 18
0.049055 0.984724 0.477816 0.481321 0.002030 1425 17
0.031805 0.882392 0.426795 0.431714 0.001997 1281 16
0.138711 0.883410 0.506463 0.510955 0.002526 1278 18
0.115425 0.956080 0.439981 0.443344 0.002049 1144 14
0.000753 0.943446 0.437149 0.441799 0.002739 1568 19
0.001736 0.962675 0.557474 0.562178 0.002710 1755 20
0.029825 0.983499 0.563495 0.567994 0.002503 1570 20
0.060295 0.973660 0.524779 0.528456 0.002999 1569 17
0.037268 0.987113 0.386518 0.390589 0.002959 1721 21
0.053038 0.963161 0.504329 0.508383 0.002762 1307 20
0.013714 0.982186 0.514384 0.519250 0.001799 1087 15
0.036703 0.994573 0.382021 0.386711 0.002497 1557 19
0.002910 0.914354 0.468727 0.473358 0.002791 1257 16
0.067497 0.838066 0.481722 0.486359 0.002000 1177 14
0.035618 0.856289 0.443479 0.448262 0.002998 1706 22
0.024404 0.967339 0.419244 0.423907 0.001249 983 14
