0.000423 0.999996 0.502069 0.507005 80.916429 324652 17
0.000162 0.999704 0.505230 0.509320 77.528653 343401 18
0.000078 0.999849 0.501349 0.505204 76.771019 341700 18
0.000275 0.999681 0.509829 0.514818 73.396974 322913 17
0.000201 0.999891 0.501598 0.506148 74.126035 342305 18
0.000521 0.999968 0.489756 0.493753 75.318079 342694 18
0.000304 0.999198 0.499269 0.503945 73.225955 341635 18
0.000257 0.998645 0.504567 0.508921 75.170703 343160 18
0.000169 0.999734 0.496798 0.501530 73.718898 341114 18
0.000027 0.999973 0.494471 0.498262 75.119608 340837 18
0.000621 0.999677 0.495706 0.499854 72.185734 337570 18
0.000774 0.999219 0.496395 0.501298 71.375967 323100 17
0.000405 0.999980 0.486238 0.490996 76.297474 343814 18
0.000159 0.999918 0.482560 0.487544 94.822098 324617 17
0.000030 0.999960 0.497532 0.502402 98.186978 324511 17
0.000432 0.999051 0.502144 0.506241 107.116542 342675 18
0.000869 0.999912 0.488408 0.493124 108.764416 341196 18
0.000294 0.999709 0.495345 0.499773 86.850162 342938 18
0.000732 0.999903 0.504882 0.509591 57.862138 321715 17
0.000179 0.999417 0.502813 0.506957 61.571151 343141 18
0.000571 0.999975 0.496472 0.501015 61.079961 341155 18
0.000138 0.999839 0.502367 0.507132 61.658247 340237 18
0.000398 0.999816 0.490805 0.494813 62.044951 343051 18
0.000858 0.999976 0.496837 0.500482 65.144017 343772 18
0.000061 0.998975 0.490220 0.494482 64.354387 342788 18
0.000118 0.999967 0.492391 0.496672 61.835827 340807 18
0.000024 0.998754 0.496856 0.500970 62.855299 342039 18
0.000181 0.999150 0.493985 0.497527 64.100012 342449 18
0.000131 0.999903 0.497606 0.501686 62.027509 340352 18
0.000129 0.999908 0.492111 0.495950 64.804119 344949 18
0.000128 0.999970 0.485210 0.490177 64.694654 341439 18
0.000045 0.999944 0.499976 0.503938 62.559947 341038 18
0.000382 0.999773 0.493542 0.498322 90.591482 324362 17
0.000113 0.999825 0.509690 0.514307 97.055783 318320 17
0.000091 0.999872 0.502632 0.507299 105.061112 340550 18
0.000128 0.999974 0.490517 0.494913 103.982943 341869 18
0.000234 0.999940 0.498821 0.503400 104.710119 340504 18
0.000071 0.999760 0.498872 0.503162 104.831284 340196 18
0.000087 0.999751 0.507542 0.511453 106.500625 341491 18
0.000067 0.999634 0.494931 0.498494 105.150583 344619 18
0.000590 0.999614 0.497491 0.502123 101.853281 324983 17
0.000113 0.999739 0.505126 0.508903 105.207265 341438 18
0.000529 0.999694 0.496603 0.500572 104.620917 341392 18
0.000199 0.999842 0.490584 0.495195 105.125330 342293 18
0.000077 0.999924 0.501144 0.505321 107.583666 342182 18
0.000241 0.999623 0.491936 0.496128 104.769344 343836 18
0.000028 0.999115 0.500576 0.504508 103.449594 342675 18
0.000125 0.999737 0.505427 0.510142 75.473644 340590 18
0.000337 0.999921 0.490715 0.494956 74.654401 343953 18
0.000217 0.999878 0.480422 0.484655 71.771650 342126 18
0.000193 0.999590 0.492378 0.496582 64.561234 343117 18
0.000311 0.999780 0.502754 0.507055 63.692947 339564 18
0.000048 0.999880 0.504446 0.509171 58.396339 321607 17
0.000065 0.999698 0.502821 0.507036 61.850508 339771 18
0.000089 0.999994 0.502743 0.506804 64.229435 342141 18
0.000298 0.999917 0.507423 0.512162 57.240395 320866 17
0.000372 0.999394 0.506201 0.510160 64.554074 342588 18
0.000110 0.999959 0.508226 0.513104 59.739996 323343 17
0.000228 0.999887 0.497766 0.501633 64.670437 340171 18
0.000643 0.999861 0.493821 0.498698 63.767143 343736 18
0.000036 0.999706 0.503914 0.507674 63.573452 339128 18
0.000353 0.999881 0.491455 0.496356 58.239009 326093 17
0.000025 0.999193 0.491565 0.495738 68.776776 342389 18
0.000150 0.999634 0.500271 0.503555 70.623178 342396 18
0.000680 0.999824 0.491108 0.496096 65.959135 322872 17
0.000057 0.999313 0.504695 0.507906 69.603610 339345 18
0.000198 0.999980 0.495225 0.499976 66.036646 321511 17
0.000466 0.999951 0.495312 0.499950 71.333291 341623 18
0.000035 0.999976 0.505455 0.509546 70.756566 344906 18
0.000553 0.999961 0.501469 0.505517 70.043383 344378 18
0.000077 0.999345 0.503202 0.507286 68.953903 341124 18
0.000046 0.999870 0.506641 0.510251 69.624107 342877 18
0.000046 0.999579 0.497940 0.502573 69.501773 341290 18
0.000049 0.999948 0.494936 0.499363 72.629871 343973 18
0.000167 0.999837 0.492743 0.497279 69.161336 342982 18
0.000829 0.999748 0.501277 0.505813 68.934007 341165 18
0.000012 0.999669 0.493615 0.498586 65.021980 323091 17
0.000047 0.999811 0.507891 0.511998 69.740959 344793 18
0.000091 0.999721 0.494529 0.499344 65.762077 324257 17
0.000211 0.999683 0.493569 0.497116 69.814916 343984 18
0.000054 0.999889 0.498470 0.502498 69.558030 342847 18
0.000008 0.999099 0.502724 0.506587 70.103502 342584 18
0.000969 0.999875 0.497756 0.501448 96.187988 343593 18
0.000349 0.999972 0.495857 0.499830 107.536475 342021 18
0.000313 0.999813 0.505631 0.509731 113.131733 343294 18
0.000034 0.999995 0.490877 0.494814 112.514913 341570 18
0.000104 0.999710 0.486934 0.490900 106.815016 341183 18
0.000282 0.999625 0.502759 0.506897 107.250552 341797 18
0.000223 0.999976 0.492474 0.496724 105.300607 341507 18
0.000093 0.999960 0.492406 0.496716 106.263798 340878 18
0.000018 0.999976 0.509454 0.513122 101.650315 341614 18
0.000091 0.999655 0.490767 0.494795 101.519731 339321 18
0.000038 0.999925 0.493461 0.497545 104.289295 342231 18
0.000311 0.999688 0.500186 0.504861 104.391268 320566 17
0.000134 0.999744 0.496254 0.500347 97.272430 338151 18
0.000506 0.999858 0.495502 0.499088 85.917096 342174 18
0.000324 0.999814 0.490869 0.495466 85.558975 343882 18
0.000005 0.999991 0.497657 0.501685 70.672503 340872 18
0.000047 0.999765 0.489027 0.493742 66.335867 323334 17
0.000195 0.999618 0.491130 0.495126 70.361354 341800 18
