0.000423 0.999609 0.499354 0.503947 18.446951 164958 18
0.000162 0.999638 0.497546 0.501094 21.643873 166671 18
0.000078 0.999849 0.495777 0.499992 16.091220 165380 18
0.000348 0.999681 0.513101 0.517495 25.438000 154888 17
0.000201 0.999891 0.504713 0.508857 19.725477 164939 18
0.000521 0.999702 0.489843 0.493356 19.941004 163936 18
0.000937 0.997960 0.500262 0.505166 23.595433 156433 17
0.000788 0.998313 0.508786 0.513548 23.937516 165512 18
0.000169 0.999290 0.492529 0.496987 21.466509 165220 18
0.000232 0.999282 0.484908 0.489235 17.080000 154434 17
0.000716 0.999677 0.499515 0.502710 19.242028 162784 18
0.000774 0.999219 0.499147 0.503992 20.393769 164309 18
0.000405 0.999635 0.481381 0.485864 22.294925 166423 18
0.000159 0.999918 0.478171 0.483020 21.001652 165871 18
0.001137 0.999259 0.503040 0.506820 19.102219 166481 18
0.001331 0.999051 0.504874 0.509255 17.985997 163637 18
0.000869 0.999492 0.485621 0.489995 17.098999 166055 18
0.000294 0.999544 0.499712 0.503553 16.988999 164970 18
0.005387 0.999903 0.511206 0.515140 24.410000 162818 18
0.000197 0.999417 0.511468 0.515723 27.664002 166028 18
0.000571 0.999975 0.493581 0.497534 25.963999 163260 18
0.001230 0.999839 0.501976 0.506817 26.871205 155408 17
0.001332 0.999642 0.490051 0.494214 26.058359 164857 18
0.000858 0.999976 0.497552 0.501046 29.012908 174220 19
0.000291 0.998975 0.483388 0.487539 27.815655 165691 18
0.000610 0.999627 0.493940 0.497545 19.114471 164859 18
0.000024 0.998754 0.494144 0.498919 21.534293 164652 18
0.000181 0.999150 0.493721 0.498130 20.777565 163364 18
0.001324 0.999526 0.496482 0.500883 22.023425 163190 18
0.000334 0.999908 0.491642 0.496324 16.692181 156627 17
0.000322 0.999970 0.484936 0.489106 18.872491 164699 18
0.000089 0.999944 0.501797 0.506463 18.674414 155206 17
0.000382 0.999773 0.490731 0.495587 17.790158 156312 17
0.000113 0.998635 0.506956 0.511150 18.005066 162295 18
0.000091 0.999643 0.499269 0.503177 17.976858 164480 18
0.000128 0.999974 0.487950 0.491644 18.730427 165549 18
0.000234 0.999940 0.499125 0.503395 17.649930 167105 18
0.000623 0.999568 0.505143 0.509420 19.025761 163659 18
0.000199 0.999751 0.502388 0.507013 19.754208 165920 18
0.000067 0.998977 0.489934 0.494439 18.680866 166995 18
0.000590 0.999614 0.500848 0.504806 20.139833 166957 18
0.000113 0.999739 0.504089 0.508975 18.039221 164374 18
0.001615 0.999555 0.495384 0.499743 17.726924 165503 18
0.000199 0.999842 0.484230 0.489137 17.249727 156598 17
0.000077 0.999924 0.497668 0.502656 17.621446 165004 18
0.000241 0.999623 0.490088 0.494794 17.142033 157092 17
0.000028 0.998519 0.496873 0.501701 17.345820 156974 17
0.000575 0.999475 0.507963 0.512058 17.857739 163902 18
0.000483 0.999921 0.493123 0.497002 18.761811 165855 18
0.000682 0.999878 0.473595 0.478334 17.629166 165905 18
0.000444 0.999089 0.484355 0.488848 18.053230 167039 18
0.000311 0.999780 0.500193 0.504553 17.344088 161902 18
0.000048 0.998823 0.515169 0.518933 17.347965 163735 18
0.000065 0.999698 0.507130 0.511587 17.454646 162590 18
0.001380 0.999994 0.498547 0.501620 18.533247 173318 19
0.000298 0.999885 0.508061 0.512129 16.815018 155752 17
0.000590 0.999394 0.497604 0.502588 17.974411 163942 18
0.000110 0.999207 0.508343 0.512634 17.941494 164454 18
0.000228 0.999887 0.497082 0.500438 18.102394 164895 18
0.002841 0.999861 0.493320 0.497643 18.673812 166289 18
0.000644 0.999535 0.498756 0.503124 17.262281 162746 18
0.000359 0.999881 0.489716 0.494251 18.012153 166686 18
0.000025 0.998109 0.490732 0.494197 17.840449 165914 18
0.000150 0.999634 0.491109 0.494914 18.331421 165010 18
0.000680 0.999824 0.496377 0.500534 17.030805 155523 17
0.000057 0.998763 0.502908 0.506774 17.889592 163941 18
0.000198 0.999980 0.496349 0.501021 17.742518 164780 18
0.000951 0.999951 0.491635 0.495747 17.928207 164836 18
0.000045 0.999837 0.507018 0.511590 16.773631 156482 17
0.000553 0.999702 0.505190 0.509772 16.231737 156611 17
0.000753 0.999345 0.494641 0.499611 17.633904 165476 18
0.000438 0.999703 0.498957 0.503405 18.336856 163917 18
0.000046 0.999579 0.501305 0.505099 18.124495 164303 18
0.000258 0.997377 0.506090 0.509763 18.374071 166377 18
0.001737 0.999837 0.485264 0.489368 17.885817 165615 18
0.002278 0.999748 0.504137 0.508093 17.855063 164469 18
0.000024 0.999669 0.494363 0.497692 19.827847 165655 18
0.000357 0.999811 0.508341 0.512019 18.083318 165895 18
0.000091 0.999721 0.490714 0.494329 17.773815 166638 18
0.000353 0.998937 0.498756 0.502688 17.584542 164923 18
0.000667 0.999889 0.500855 0.505094 21.485641 164609 18
0.000263 0.997330 0.497663 0.501499 25.381226 165471 18
0.000969 0.997961 0.494395 0.498608 26.594171 165064 18
0.001881 0.999142 0.486613 0.491302 22.082494 166030 18
0.000313 0.999297 0.506610 0.510535 25.162043 166604 18
0.000096 0.999995 0.491198 0.495962 25.916339 155853 17
0.000158 0.999710 0.490526 0.494723 24.708986 163688 18
0.000282 0.999625 0.497402 0.500917 25.440588 166385 18
0.000267 0.999976 0.492154 0.496890 26.288958 174854 19
0.000585 0.999449 0.492790 0.497751 26.650992 175168 19
0.000961 0.999976 0.510789 0.515054 24.370087 164549 18
0.000091 0.999405 0.480800 0.485687 23.558285 155123 17
0.000038 0.999276 0.489017 0.493207 26.306419 173616 19
0.000311 0.999688 0.504703 0.509447 23.601087 154256 17
0.000134 0.999744 0.489511 0.494398 24.957984 162123 18
0.000506 0.999858 0.500022 0.504247 24.253059 166061 18
0.000324 0.999377 0.492922 0.497484 25.812091 157540 17
0.000005 0.999226 0.495115 0.498315 24.391995 175187 19
0.000047 0.999454 0.493052 0.496641 20.626160 165557 18
0.000195 0.999618 0.486537 0.490237 18.083134 165876 18
