0.000050 0.999996 0.499117 0.504043 4342.366853 2112904 18
0.000157 1.000000 0.501400 0.505787 3802.621446 2115166 18
0.000015 0.999990 0.500009 0.504948 2579.473336 2112464 18
0.000275 0.999904 0.498752 0.503573 2829.106429 2114502 18
0.000057 0.999976 0.502251 0.505925 2881.296025 2232741 19
0.000012 0.999968 0.496154 0.500274 3481.789095 2119577 18
0.000054 0.999955 0.497483 0.501828 4643.148997 2230843 19
0.000016 0.999985 0.501805 0.506220 3068.654119 2111893 18
0.000169 0.999972 0.497179 0.501721 3068.723613 2114887 18
0.000020 0.999999 0.497386 0.501932 3130.079536 2106462 18
0.000002 0.999946 0.498755 0.503359 2712.294959 2107463 18
0.000089 0.999975 0.497398 0.502227 2746.784101 2112306 18
0.000024 0.999980 0.496343 0.499905 2456.961315 2235915 19
0.000053 0.999952 0.492495 0.497335 2309.167613 2113752 18
0.000030 0.999994 0.498962 0.502556 2464.081184 2238101 19
0.000021 0.999969 0.498450 0.501945 2507.621009 2237256 19
0.000127 0.999952 0.495712 0.500582 2304.563760 2111838 18
0.000009 0.999998 0.499850 0.504580 2302.941416 2118576 18
0.000048 0.999904 0.500463 0.505099 2301.128590 2111934 18
0.000023 0.999932 0.496418 0.501306 2332.735890 2119562 18
0.000044 0.999983 0.498760 0.503546 2421.564193 2228137 19
0.000026 0.999955 0.500115 0.505095 2297.690895 2112467 18
0.000040 0.999928 0.497034 0.501616 2303.235595 2112820 18
0.000050 0.999983 0.498135 0.503060 2308.173600 2120046 18
0.000038 0.999983 0.494371 0.497954 2424.862247 2238200 19
0.000089 0.999967 0.496809 0.501671 2299.630973 2112828 18
0.000024 0.999991 0.494870 0.498482 2436.718828 2229739 19
0.000061 0.999996 0.497638 0.502418 4101.668636 2116348 18
0.000004 0.999987 0.501621 0.506476 4123.237710 2114899 18
0.000072 0.999910 0.496383 0.501002 4077.563940 2113862 18
0.000031 0.999970 0.494303 0.497738 3027.659491 2225878 19
0.000045 0.999961 0.498590 0.503003 2665.555460 2114509 18
0.000006 0.999947 0.499987 0.504608 2648.833082 2112122 18
0.000017 0.999994 0.501786 0.505402 2736.273054 2221039 19
0.000008 0.999923 0.502842 0.507764 2425.576439 2111120 18
0.000068 0.999985 0.497376 0.502297 4004.615264 2110464 18
0.000059 0.999981 0.499557 0.503172 4470.349323 2237837 19
0.000071 0.999942 0.498511 0.502268 4322.577861 2230488 19
0.000008 0.999986 0.502209 0.507107 4062.454519 2109564 18
0.000023 0.999901 0.499783 0.503539 4074.650398 2235724 19
0.000010 0.999990 0.501118 0.504712 4323.836769 2232088 19
0.000056 0.999990 0.498230 0.503140 4144.333895 2116072 18
0.000007 0.999953 0.494143 0.498567 4119.973790 2117535 18
0.000046 0.999899 0.495241 0.499032 4417.213827 2235073 19
0.000077 0.999963 0.497025 0.500887 4368.484698 2229368 19
0.000022 0.999973 0.497975 0.502123 4386.986630 2231536 19
0.000028 0.999930 0.498344 0.501632 4353.439090 2229146 19
0.000027 0.999922 0.500207 0.503487 3538.712378 2229489 19
0.000059 0.999995 0.498084 0.503030 2573.229587 2117198 18
0.000009 0.999942 0.489698 0.493654 2710.727561 2228295 19
0.000042 0.999960 0.493857 0.497217 2601.729179 2244483 19
0.000158 0.999820 0.496880 0.501219 2406.220541 2108229 18
0.000035 0.999927 0.499724 0.504213 2424.220699 2112185 18
0.000034 0.999964 0.499357 0.504299 2583.850116 2115004 18
0.000089 0.999994 0.500271 0.504868 2871.895577 2121643 18
0.000006 0.999950 0.500893 0.504742 2847.106450 2119025 18
0.000100 0.999949 0.501250 0.505809 4390.892466 2113233 18
0.000037 0.999995 0.495326 0.499640 3287.690423 2118519 18
0.000025 0.999929 0.498711 0.503324 3095.063577 2109646 18
0.000053 0.999968 0.497665 0.502422 2771.764127 2114874 18
0.000002 0.999911 0.502261 0.506516 2606.794307 2118052 18
0.000176 0.999978 0.493834 0.498312 4856.124558 2239035 19
0.000001 0.999983 0.496243 0.499590 5491.347732 2230318 19
0.000007 0.999898 0.494298 0.497739 5466.626496 2229770 19
0.000024 0.999824 0.496388 0.499825 4602.154084 2235302 19
0.000057 0.999977 0.500252 0.503655 4431.992697 2232278 19
0.000062 0.999991 0.495630 0.499171 4446.210279 2236077 19
0.000122 0.999951 0.496396 0.499889 4436.560395 2236158 19
0.000015 0.999999 0.499159 0.503945 4157.103997 2110290 18
0.000068 0.999971 0.497044 0.500910 4398.777376 2228923 19
0.000070 0.999988 0.499703 0.502992 4487.999218 2229156 19
0.000004 0.999975 0.502060 0.506970 4005.878616 2116405 18
0.000043 0.999795 0.491531 0.494957 2515.403610 2224904 19
0.000030 0.999992 0.497571 0.501065 2443.914042 2237275 19
0.000010 0.999969 0.494262 0.497628 2519.029292 2242733 19
0.000135 0.999960 0.500213 0.504110 2291.202748 2240611 19
0.000012 0.999974 0.497261 0.501150 2341.453918 2228475 19
0.000031 0.999984 0.503577 0.508229 2518.127186 2115941 18
0.000039 0.999978 0.494508 0.498600 2526.183003 2118231 18
0.000098 0.999988 0.500393 0.505152 2638.485637 2118796 18
0.000010 0.999960 0.497026 0.501812 2406.438155 2107923 18
0.000008 0.999880 0.495350 0.500107 2169.811917 2120438 18
0.000040 0.999947 0.491808 0.496598 2160.973332 2114404 18
0.000002 0.999972 0.500107 0.504817 2138.620667 2113033 18
0.000001 0.999958 0.504506 0.509379 2132.766333 2118345 18
0.000034 0.999995 0.499448 0.504164 2132.554710 2117441 18
0.000036 0.999979 0.496116 0.500601 2127.574005 2113404 18
0.000003 0.999999 0.496833 0.501037 2261.362533 2233886 19
0.000016 0.999976 0.493148 0.498014 2128.916983 2119904 18
0.000093 0.999997 0.494498 0.498234 2242.649320 2233807 19
0.000018 0.999976 0.501506 0.504915 2244.912185 2235705 19
0.000091 0.999978 0.496825 0.501639 2129.583208 2115913 18
0.000038 0.999986 0.495725 0.500545 2128.297657 2111600 18
0.000086 0.999966 0.497049 0.500425 2251.699545 2225488 19
0.000003 0.999992 0.497525 0.502019 2243.108449 2227051 19
0.000014 0.999864 0.499889 0.504419 2140.496198 2122318 18
0.000000 0.999969 0.495257 0.499673 2131.448806 2115929 18
0.000005 0.999994 0.496060 0.500494 2254.925881 2228549 19
0.000009 0.999998 0.493644 0.498612 2135.725654 2114564 18
0.000132 0.999999 0.496120 0.499774 2251.033213 2227129 19
