0.000423 0.999996 0.498471 0.503222 50.301496 254172 18
0.000162 0.999638 0.503302 0.506328 55.784573 266652 19
0.000078 0.999849 0.496635 0.500999 46.541557 251938 18
0.000348 0.999681 0.511067 0.515406 44.387539 252026 18
0.000201 0.999891 0.502354 0.506943 48.031602 252100 18
0.000521 0.999702 0.492362 0.497252 38.898233 237689 17
0.000723 0.998515 0.498275 0.502987 42.715001 251714 18
0.000257 0.998645 0.508112 0.512952 60.012966 252715 18
0.000169 0.999444 0.495127 0.499479 63.429615 252548 18
0.000027 0.999357 0.487553 0.491021 61.940848 250534 18
0.000621 0.999677 0.498776 0.503510 42.306505 234693 17
0.000774 0.999219 0.491865 0.496054 45.870756 251713 18
0.000405 0.999980 0.483049 0.487366 44.718771 253904 18
0.000159 0.999918 0.477869 0.482657 39.488932 237809 17
0.000030 0.999960 0.500646 0.504442 41.480350 252771 18
0.000432 0.999051 0.505697 0.509234 43.971908 251176 18
0.000869 0.999492 0.487855 0.491519 43.670610 251242 18
0.000294 0.999676 0.501617 0.505470 41.470670 253082 18
0.000732 0.999903 0.506619 0.511161 40.636868 250176 18
0.000179 0.999417 0.505487 0.510440 41.735695 252154 18
0.000571 0.999975 0.498013 0.502030 40.587640 251029 18
0.000138 0.999839 0.498819 0.503072 40.115400 252097 18
0.000398 0.999816 0.488710 0.492535 40.377695 252459 18
0.000858 0.999976 0.495791 0.499955 41.321982 253164 18
0.000061 0.998975 0.487612 0.491706 41.721701 251746 18
0.000118 0.999967 0.492808 0.497673 40.133680 250346 18
0.000024 0.998754 0.493957 0.497883 41.322970 252211 18
0.000181 0.999150 0.494794 0.499246 40.510602 249817 18
0.000472 0.999526 0.498069 0.502589 40.475920 250714 18
0.000129 0.999908 0.497286 0.502244 37.806933 238716 17
0.000322 0.999970 0.484907 0.488928 41.935563 250714 18
0.000089 0.999944 0.502891 0.506658 41.300697 251218 18
0.000382 0.999773 0.499138 0.503791 40.604424 238457 17
0.000113 0.998635 0.509462 0.514439 37.410285 234882 17
0.000091 0.999872 0.498626 0.502810 55.902659 251447 18
0.000128 0.999974 0.482616 0.486216 53.474572 252222 18
0.000234 0.999940 0.498932 0.503230 58.125487 251649 18
0.000071 0.999568 0.499317 0.503292 58.638847 264331 19
0.000087 0.999751 0.506366 0.510059 58.023078 251949 18
0.000067 0.999634 0.493515 0.497872 62.065980 254232 18
0.000590 0.999614 0.492716 0.497318 63.968568 255427 18
0.000113 0.999739 0.504200 0.507306 52.771130 265789 19
0.000735 0.999694 0.494847 0.499517 35.686437 238527 17
0.000199 0.999842 0.492993 0.496237 36.058526 267305 19
0.000077 0.999924 0.500441 0.504579 33.817842 252628 18
0.000241 0.999623 0.488308 0.492863 33.995231 253961 18
0.000028 0.998519 0.496312 0.500317 33.984588 253046 18
0.000125 0.999688 0.504514 0.509471 33.788275 251044 18
0.000337 0.999921 0.495663 0.500166 34.480353 252664 18
0.000217 0.999878 0.478916 0.483902 32.035757 238610 17
0.000193 0.999089 0.488934 0.492564 34.636590 253691 18
0.000311 0.999780 0.501205 0.505201 33.837021 250238 18
0.000048 0.999880 0.507644 0.512372 31.569958 236717 17
0.000065 0.999698 0.503411 0.507271 39.198987 249510 18
0.000089 0.999994 0.500555 0.504621 34.975652 251916 18
0.000298 0.999885 0.509000 0.513684 32.163012 236248 17
0.000590 0.999394 0.504863 0.509105 34.232852 251768 18
0.000110 0.999207 0.511331 0.515546 34.323140 251017 18
0.000228 0.999887 0.495888 0.499546 34.494142 251014 18
0.000643 0.999861 0.493539 0.497744 36.707908 253402 18
0.000644 0.999535 0.498570 0.502639 33.026897 248657 18
0.000353 0.999881 0.491767 0.495993 34.133522 254617 18
0.000025 0.999193 0.490452 0.495129 32.650257 238508 17
0.000150 0.999634 0.491180 0.494897 34.956568 251288 18
0.000680 0.999824 0.495045 0.499879 34.240812 236776 17
0.000057 0.998763 0.501176 0.505475 34.292910 250214 18
0.000198 0.999980 0.498811 0.502957 36.358136 251860 18
0.000951 0.999951 0.491080 0.494866 34.289174 251619 18
0.000045 0.999837 0.506052 0.510019 44.398733 255444 18
0.000553 0.999961 0.501860 0.506836 55.358641 239680 17
0.000077 0.999345 0.502626 0.506290 57.387533 250356 18
0.000438 0.999870 0.503745 0.507397 59.983681 251451 18
0.000046 0.999579 0.499607 0.503365 57.822478 252680 18
0.000049 0.997524 0.494987 0.498949 57.431346 253512 18
0.000167 0.999837 0.492385 0.496766 58.402137 252542 18
0.000829 0.999748 0.501444 0.505908 55.866313 252065 18
0.000024 0.999669 0.493983 0.498023 57.848142 252802 18
0.000357 0.999811 0.506649 0.510735 57.595885 253385 18
0.000091 0.999721 0.493898 0.498811 56.164695 238903 17
0.000211 0.998937 0.495470 0.499428 58.048055 253844 18
0.000054 0.999889 0.495962 0.500028 59.880833 251915 18
0.000263 0.999099 0.503357 0.507465 58.504317 251915 18
0.000969 0.999875 0.498689 0.501725 59.060590 265875 19
0.000793 0.999972 0.494587 0.499514 53.271045 237992 17
0.000313 0.999297 0.506438 0.510608 58.815017 252570 18
0.000034 0.999995 0.490242 0.494196 57.154732 251287 18
0.000104 0.999710 0.486230 0.490056 59.364488 250728 18
0.000282 0.999625 0.500911 0.504897 57.949328 252837 18
0.000267 0.999976 0.490486 0.495427 53.455667 236035 17
0.000093 0.999895 0.491203 0.494413 62.457022 267053 19
0.000092 0.999976 0.505743 0.510172 59.094375 251465 18
0.000091 0.999405 0.491810 0.495374 54.726517 251076 18
0.000038 0.999925 0.488365 0.491785 62.814623 265088 19
0.000311 0.999688 0.503794 0.507429 50.828271 251194 18
0.000134 0.999744 0.495826 0.499860 61.462387 248491 18
0.000506 0.999858 0.494235 0.498388 44.679844 253773 18
0.000324 0.999377 0.489638 0.492596 43.837834 267866 19
0.000005 0.999991 0.496014 0.499244 43.584677 265223 19
0.000047 0.999765 0.492645 0.497179 38.144014 238900 17
0.000195 0.999618 0.489721 0.493971 41.551157 252530 18
