0.000534 0.997733 0.492953 0.497918 0.540999 33131 18
0.001831 0.999198 0.519476 0.523714 0.527995 32470 17
0.000361 0.998350 0.488426 0.492700 0.537996 32577 17
0.001166 0.998404 0.510464 0.513625 0.551997 33446 18
0.004312 0.998341 0.474082 0.478447 0.572996 33291 18
0.000521 0.999167 0.484577 0.489229 0.563997 30942 16
0.001634 0.997312 0.514658 0.518195 0.522999 31923 17
0.002196 0.998313 0.499083 0.503034 0.588028 35634 19
0.002909 0.999275 0.483474 0.487077 0.640429 34935 19
0.000232 0.998512 0.452784 0.456874 0.649042 30539 17
0.003801 0.999287 0.508438 0.512802 0.500034 29595 16
0.002472 0.996475 0.490815 0.495787 0.560027 31891 17
0.002122 0.999635 0.491741 0.495307 0.576046 34070 18
0.001138 0.999918 0.468774 0.472203 0.556996 34088 18
0.001137 0.998025 0.513429 0.518093 0.524046 31585 17
0.004210 0.999051 0.517531 0.520971 0.503992 30997 17
0.001189 0.999439 0.487493 0.491695 0.509998 31247 16
0.000335 0.997717 0.498373 0.502513 0.537040 31342 17
0.014519 0.999903 0.507062 0.511744 0.527039 30952 17
0.003545 0.999417 0.523463 0.528129 0.576986 34020 18
0.000571 0.997142 0.482464 0.486743 0.539997 32890 18
0.001230 0.998212 0.500477 0.504785 0.529161 32139 17
0.002200 0.997682 0.478124 0.482263 0.525033 30669 16
0.000858 0.997872 0.515161 0.519063 0.542038 32388 17
0.001776 0.997226 0.477532 0.482362 0.614889 36189 19
0.000610 0.997565 0.493890 0.498485 0.573036 33822 18
0.011952 0.998754 0.512651 0.516383 0.555991 33156 18
0.001404 0.997566 0.487414 0.491530 0.545040 31408 17
0.001535 0.998750 0.476703 0.481123 0.601052 34737 19
0.000378 0.999908 0.474803 0.478765 0.586935 33988 18
0.006873 0.999594 0.483797 0.487557 0.565045 33309 18
0.000171 0.999566 0.509314 0.513676 0.494991 29872 16
0.000382 0.999745 0.485703 0.490226 0.508042 29217 16
0.000113 0.996542 0.532816 0.537410 0.536023 31669 17
0.001708 0.999643 0.499382 0.503444 0.501993 29830 16
0.003231 0.999974 0.476209 0.479780 0.589039 34442 18
0.004331 0.998514 0.496574 0.500956 0.584024 34897 18
0.001356 0.997550 0.508846 0.512264 0.591033 35170 19
0.001848 0.999751 0.497929 0.502664 0.474872 28386 15
0.001707 0.989101 0.496671 0.500345 0.588043 34137 18
0.004535 0.997983 0.509367 0.513698 0.552981 33340 18
0.000594 0.997597 0.533564 0.538453 0.570186 33896 18
0.001910 0.994618 0.478048 0.482236 0.500998 29914 16
0.000592 0.999514 0.451705 0.456223 0.534796 31835 17
0.000077 0.999924 0.490471 0.495290 0.542190 32094 17
0.000863 0.999623 0.505597 0.510452 0.536162 31601 17
0.000320 0.996698 0.520440 0.524057 0.573992 33969 18
0.000654 0.999475 0.482751 0.487280 0.524994 30869 17
0.000483 0.998554 0.484661 0.488523 0.576996 33827 18
0.005554 0.998026 0.452387 0.456491 0.584039 33991 18
0.003350 0.998098 0.450877 0.455138 0.554975 31897 17
0.003111 0.999780 0.531292 0.535721 0.486997 29125 16
0.005842 0.995539 0.535189 0.539706 0.541040 31034 17
0.004407 0.999152 0.493535 0.497769 0.541997 31811 17
0.006992 0.998021 0.514597 0.519350 0.548972 32177 17
0.004089 0.999885 0.493280 0.497653 0.520043 30128 16
0.004506 0.998015 0.490897 0.495734 0.586948 33975 18
0.001261 0.996987 0.515576 0.520428 0.599043 33903 18
0.006733 0.996679 0.482855 0.486976 0.532044 30031 16
0.002841 0.997368 0.495439 0.499166 0.600016 34578 18
0.000644 0.998544 0.490654 0.495113 0.575034 31959 17
0.006232 0.999881 0.477040 0.481401 0.550997 31729 17
0.004589 0.997231 0.476339 0.480615 0.561037 31842 17
0.000765 0.999420 0.516835 0.521774 0.557986 32231 17
0.006133 0.999754 0.490507 0.495244 0.546985 31503 17
0.000496 0.991823 0.504047 0.508602 0.547976 31729 17
0.001850 0.999122 0.485093 0.489991 0.553985 31474 17
0.000951 0.999884 0.501870 0.506731 0.561028 31183 17
0.004786 0.995292 0.516497 0.519781 0.630045 35325 19
0.001256 0.999211 0.492763 0.495240 0.603866 33677 18
0.001702 0.995975 0.523067 0.527641 0.560043 32123 17
0.000438 0.999170 0.519787 0.524324 0.522016 29553 16
0.001302 0.999317 0.508418 0.512735 0.537024 30362 16
0.000609 0.996466 0.519915 0.524187 0.608043 33807 18
0.001737 0.995703 0.450899 0.454483 0.617040 35500 19
0.004294 0.998192 0.525209 0.530154 0.565043 32443 17
0.001423 0.996378 0.473750 0.478557 0.567985 32504 17
0.000675 0.999161 0.509611 0.514410 0.534035 30289 16
0.001407 0.999721 0.469729 0.474499 0.536089 30326 16
0.000410 0.997846 0.505126 0.509849 0.549999 31659 17
0.009098 0.995694 0.500271 0.503747 0.577985 32176 17
0.003029 0.996077 0.476111 0.480633 0.605982 34600 18
0.002551 0.997961 0.489467 0.493420 0.573997 32100 17
0.002211 0.999142 0.478966 0.483533 0.563969 31907 17
0.001318 0.998354 0.496126 0.500477 0.597038 32513 17
0.000096 0.996147 0.487841 0.491761 0.599039 33943 18
0.000158 0.995154 0.476227 0.480011 0.590832 32127 17
0.010943 0.998110 0.490998 0.495043 0.595992 33323 18
0.000753 0.994486 0.495320 0.500033 0.596017 33820 18
0.001736 0.995156 0.503211 0.508184 0.563046 31900 17
0.001294 0.999104 0.519716 0.524183 0.578998 33020 18
0.000139 0.994387 0.458702 0.461847 0.642006 35396 19
0.001746 0.997476 0.464564 0.468825 0.567043 32177 17
0.001588 0.997609 0.489813 0.494563 0.560038 31270 17
0.004410 0.999059 0.489750 0.494675 0.571751 31793 17
0.002813 0.996860 0.489514 0.493785 0.600792 34164 18
0.000460 0.997695 0.480465 0.484190 0.567994 32001 17
0.003327 0.999197 0.471747 0.475363 0.577029 31746 17
0.000047 0.997965 0.492536 0.497481 0.571044 31460 17
0.001535 0.999415 0.466342 0.470286 0.568039 31832 17
