0.001937 0.986784 0.476354 0.481248 0.012999 4446 19
0.024826 0.985995 0.599245 0.603275 0.010995 3645 17
0.000361 0.998350 0.569057 0.573108 0.011853 3657 16
0.049143 0.998404 0.509029 0.513252 0.011998 3715 16
0.007223 0.964425 0.434369 0.437015 0.009999 3154 15
0.005015 0.963478 0.495543 0.500044 0.011990 3672 17
0.022431 0.989870 0.529589 0.534109 0.010998 3632 16
0.033173 0.978195 0.475803 0.480783 0.016998 5893 26
0.029169 0.995556 0.484035 0.487995 0.014987 5246 25
0.010034 0.998181 0.429907 0.433730 0.010672 3658 17
0.037202 0.970587 0.569210 0.574115 0.009999 3463 15
0.013789 0.984205 0.520687 0.524517 0.010929 3642 17
0.002122 0.996357 0.458107 0.462604 0.014440 3984 17
0.001138 0.963994 0.500575 0.505413 0.010845 3645 16
0.001137 0.998025 0.515059 0.519739 0.012816 4113 18
0.017679 0.999051 0.551707 0.555663 0.011999 3834 18
0.001189 0.969446 0.471501 0.475991 0.012236 4011 17
0.000335 0.996464 0.460662 0.465596 0.012999 4648 21
0.029627 0.999903 0.470224 0.474269 0.010813 3536 17
0.049318 0.984673 0.539502 0.543871 0.014526 5138 22
0.003519 0.993762 0.433972 0.437966 0.012998 4468 21
0.027297 0.986966 0.522239 0.526583 0.011112 3732 16
0.004981 0.966373 0.474783 0.478915 0.009998 3706 17
0.043271 0.997872 0.548374 0.552480 0.013655 4648 21
0.010936 0.997226 0.505451 0.509730 0.012145 3886 18
0.000610 0.962262 0.504284 0.508936 0.012997 4416 19
0.075352 0.998754 0.464351 0.468517 0.013999 5141 23
0.004913 0.977992 0.449356 0.452761 0.011853 3832 18
0.007142 0.971173 0.419646 0.423320 0.016000 4882 23
0.019203 0.974028 0.472236 0.475550 0.010916 3802 16
0.019966 0.985883 0.467155 0.471911 0.010972 3895 18
0.000171 0.986039 0.480078 0.483530 0.009999 3469 14
0.016740 0.997568 0.482741 0.486405 0.009998 3345 15
0.081615 0.989560 0.576584 0.581474 0.008999 3070 14
0.031723 0.957568 0.600983 0.605106 0.012207 2912 13
0.027887 0.983627 0.429909 0.434275 0.015999 4073 18
0.020326 0.998514 0.496607 0.501039 0.013473 4600 20
0.037349 0.997253 0.622389 0.627088 0.011000 3797 17
0.001848 0.985566 0.455299 0.459595 0.010999 3390 15
0.008872 0.988336 0.460832 0.464219 0.010999 3889 16
0.007815 0.980922 0.487284 0.491706 0.011967 3721 17
0.000705 0.997597 0.549949 0.554104 0.019570 3930 19
0.019936 0.982619 0.514036 0.518631 0.011999 3949 18
0.007317 0.982285 0.527601 0.531485 0.011999 4151 18
0.003388 0.950327 0.430047 0.434007 0.009649 3365 16
0.002037 0.978945 0.562173 0.565955 0.011002 3880 18
0.009280 0.988594 0.621069 0.625222 0.010999 3577 16
0.003325 0.955959 0.493729 0.498200 0.015000 3869 18
0.000483 0.990555 0.435898 0.439784 0.013002 3874 17
0.008245 0.976030 0.430339 0.434256 0.010998 3715 16
0.025109 0.990952 0.377976 0.381745 0.013988 4501 20
0.021485 0.997320 0.563264 0.567624 0.010002 2959 14
0.042810 0.993475 0.562933 0.566655 0.011000 3724 17
0.056655 0.956460 0.453626 0.458289 0.010476 3622 16
0.014166 0.970624 0.505692 0.510183 0.012652 3973 17
0.038144 0.983286 0.511066 0.515839 0.011710 3746 17
0.005279 0.981858 0.466503 0.470256 0.010998 3943 18
0.013332 0.950298 0.514317 0.517879 0.017510 3549 16
0.016261 0.974470 0.422326 0.426456 0.010696 3364 16
0.004877 0.990675 0.449880 0.454576 0.012024 4297 18
0.000644 0.998544 0.487029 0.490993 0.010046 3564 15
0.013223 0.997009 0.477609 0.482494 0.012001 3928 17
0.019881 0.988138 0.502360 0.506753 0.010641 3745 16
0.011375 0.996505 0.478732 0.482336 0.011997 4173 17
0.017474 0.943767 0.502602 0.507188 0.010998 4109 18
0.012158 0.973316 0.519989 0.524315 0.011047 3907 17
0.021589 0.993067 0.479181 0.482948 0.011031 4086 18
0.020552 0.993385 0.521470 0.525499 0.010990 3391 15
0.034902 0.951491 0.485560 0.490525 0.009999 3371 16
0.022216 0.982804 0.476785 0.481321 0.012696 4191 18
0.015700 0.987343 0.604493 0.608190 0.009999 3587 16
0.009010 0.964566 0.520369 0.524242 0.011000 3596 16
0.003728 0.995085 0.527148 0.530207 0.008996 3338 15
0.023199 0.957338 0.449179 0.453465 0.012815 4337 20
0.003970 0.991051 0.462750 0.467535 0.011961 4188 18
0.004294 0.977670 0.565449 0.569815 0.012000 4060 18
0.026029 0.970960 0.388308 0.392247 0.011550 3832 17
0.010911 0.991127 0.498418 0.502709 0.010906 3476 16
0.005154 0.985817 0.389104 0.392954 0.011001 3819 18
0.047492 0.982008 0.521564 0.525686 0.010868 3738 17
0.038115 0.987322 0.505862 0.509981 0.011545 3974 18
0.012083 0.976569 0.464053 0.468800 0.009997 3098 14
0.003630 0.984710 0.522113 0.526487 0.010940 3599 17
0.011295 0.971069 0.455301 0.459856 0.014026 3831 17
0.020180 0.984724 0.508315 0.512114 0.011040 3926 17
0.001205 0.987789 0.412631 0.417218 0.012018 4197 19
0.052525 0.995154 0.501628 0.505638 0.012773 4033 19
0.032509 0.989427 0.460285 0.464377 0.011001 3522 16
0.000753 0.976084 0.450931 0.455172 0.015451 4109 18
0.001736 0.972906 0.560157 0.564547 0.014004 3594 16
0.016180 0.983499 0.588094 0.592440 0.019002 4226 19
0.022260 0.979833 0.463175 0.467520 0.011997 3654 16
0.033144 0.987113 0.402007 0.406449 0.016999 4282 19
0.007626 0.963161 0.537444 0.541177 0.014001 3589 17
0.013714 0.984436 0.495500 0.499133 0.011000 3179 15
0.020782 0.994573 0.452981 0.456203 0.011560 3881 17
0.002910 0.970955 0.488602 0.492611 0.010998 3841 17
0.003327 0.980295 0.522683 0.527604 0.009999 3266 14
0.025538 0.996163 0.490111 0.494115 0.012999 4261 20
0.024404 0.967339 0.473446 0.477266 0.011003 3548 17
