0.000077 0.999996 0.499761 0.503000 460.443731 889716 19
0.000162 0.999786 0.502582 0.507398 431.332433 840342 18
0.000015 0.999990 0.502214 0.506828 429.471834 838519 18
0.000275 0.999782 0.502982 0.507311 658.767612 842942 18
0.000158 0.999931 0.502472 0.507326 649.264293 839306 18
0.000247 0.999968 0.494665 0.499157 475.275867 840136 18
0.000078 0.999746 0.497459 0.502294 372.745656 839272 18
0.000257 0.999981 0.504004 0.508907 389.218830 841523 18
0.000169 0.999816 0.494520 0.499514 372.146882 840339 18
0.000027 0.999973 0.495982 0.500325 372.340228 837131 18
0.000002 0.999777 0.495089 0.498299 391.910436 885002 19
0.000089 0.999975 0.496760 0.501357 377.102726 844008 18
0.000024 0.999980 0.490909 0.495249 375.755590 843152 18
0.000053 0.999952 0.486935 0.491279 375.824101 844187 18
0.000030 0.999960 0.503068 0.507954 375.612267 841054 18
0.000055 0.999930 0.499362 0.503137 374.520342 842584 18
0.000151 0.999912 0.492667 0.497171 372.258713 840229 18
0.000009 0.999963 0.497259 0.502166 373.963259 843286 18
0.000069 0.999903 0.501246 0.506120 372.824327 842636 18
0.000126 0.999932 0.499598 0.504281 375.951616 845402 18
0.000044 0.999975 0.496677 0.500510 356.828935 843184 18
0.000069 0.999922 0.502143 0.506742 347.729452 837454 18
0.000087 0.999816 0.497814 0.502227 349.947973 839626 18
0.000303 0.999976 0.500803 0.505087 329.995126 845990 18
0.000061 0.999981 0.489747 0.494305 398.251821 840890 18
0.000089 0.999967 0.497099 0.501485 687.967926 841514 18
0.000024 0.999691 0.493684 0.498586 699.416674 839983 18
0.000061 0.999982 0.495869 0.500040 710.835405 842091 18
0.000131 0.999987 0.502457 0.506972 708.920073 839151 18
0.000076 0.999908 0.498263 0.501572 776.401737 889429 19
0.000093 0.999970 0.492356 0.496987 691.382299 843119 18
0.000045 0.999944 0.495763 0.500209 709.531280 837592 18
0.000006 0.999938 0.498591 0.503338 691.550903 841306 18
0.000017 0.999825 0.501464 0.505139 721.580492 875961 19
0.000059 0.999872 0.505897 0.510322 689.337396 837868 18
0.000128 0.999985 0.495865 0.500262 497.564183 837937 18
0.000065 0.999981 0.500505 0.505012 410.907013 844708 18
0.000071 0.999942 0.496760 0.501490 412.772616 836471 18
0.000008 0.999820 0.505183 0.509538 405.619971 834333 18
0.000023 0.999884 0.494729 0.499141 410.489836 844575 18
0.000101 0.999990 0.500220 0.503114 430.426000 890456 19
0.000113 0.999990 0.500753 0.505595 407.375201 841264 18
0.000007 0.999721 0.495434 0.499462 423.050299 841837 18
0.000062 0.999899 0.494136 0.498567 417.449880 842734 18
0.000077 0.999924 0.498699 0.503151 405.007961 840150 18
0.000023 0.999679 0.491293 0.495111 492.054819 889205 19
0.000028 0.999874 0.498100 0.502676 470.999327 842895 18
0.000125 0.999898 0.503362 0.508007 492.920084 839439 18
0.000281 0.999921 0.494007 0.498370 464.178012 844950 18
0.000009 0.999878 0.486029 0.490159 434.912158 840639 18
0.000042 0.999596 0.490252 0.494234 436.991969 846950 18
0.000258 0.999780 0.498172 0.503039 433.706000 835960 18
0.000048 0.999880 0.501751 0.506099 430.481174 839754 18
0.000034 0.999960 0.502477 0.506526 454.971721 884015 19
0.000089 0.999994 0.499784 0.504449 433.812341 846355 18
0.000054 0.999917 0.505063 0.509454 431.753577 842967 18
0.000100 0.999949 0.504117 0.509084 430.221435 843581 18
0.000037 0.999995 0.499621 0.503833 428.572904 842936 18
0.000148 0.999929 0.497765 0.502554 422.217937 834780 18
0.000053 0.999943 0.498020 0.501419 630.727531 890692 19
0.000036 0.999836 0.505127 0.509044 696.286968 839997 18
0.000217 0.999948 0.491616 0.496544 680.164563 845727 18
0.000001 0.999865 0.496420 0.500733 795.150141 841318 18
0.000032 0.999898 0.492207 0.497054 701.457377 841838 18
0.000130 0.999824 0.494365 0.498322 683.983416 841446 18
0.000057 0.999853 0.501463 0.505228 681.671098 838779 18
0.000062 0.999991 0.496014 0.500042 734.274680 840146 18
0.000147 0.999951 0.495255 0.499380 746.130794 841535 18
0.000015 0.999999 0.503113 0.506647 599.069747 843552 18
0.000068 0.999961 0.501327 0.504840 513.760274 891607 19
0.000070 0.999988 0.501496 0.505871 487.726785 836540 18
0.000046 0.999870 0.505298 0.509835 489.199679 840829 18
0.000046 0.999698 0.493123 0.497715 498.328660 838800 18
0.000049 0.999948 0.496729 0.500621 522.256333 893581 19
0.000167 0.999939 0.492457 0.496006 519.748529 890775 19
0.000135 0.999960 0.500401 0.505038 502.179532 842478 18
0.000012 0.999955 0.497168 0.502039 490.490963 840508 18
0.000031 0.999984 0.506268 0.511109 480.044645 839503 18
0.000039 0.999807 0.493082 0.497842 419.669982 795721 17
0.000098 0.999962 0.499177 0.503926 470.460256 841706 18
0.000022 0.999889 0.496156 0.500217 525.219346 841231 18
0.000008 0.999876 0.499117 0.503816 546.498981 841960 18
0.000257 0.999941 0.494505 0.498879 555.613564 839863 18
0.000079 0.999972 0.499202 0.502878 585.257130 890208 19
0.000001 0.999872 0.505317 0.509764 511.395236 840086 18
0.000034 0.999995 0.498657 0.502696 444.826789 840502 18
0.000054 0.999958 0.488532 0.492722 434.171968 838616 18
0.000148 0.999999 0.495487 0.498542 458.230994 889011 19
0.000223 0.999976 0.492787 0.496993 436.231372 842879 18
0.000093 0.999991 0.493393 0.497733 455.967999 888645 19
0.000018 0.999976 0.505190 0.509617 427.291401 841913 18
0.000091 0.999978 0.496622 0.501037 433.426200 841794 18
0.000038 0.999986 0.496729 0.500852 435.504044 839228 18
0.000127 0.999688 0.497133 0.502104 427.997995 840740 18
0.000037 0.999992 0.494203 0.499105 426.801454 836874 18
0.000101 0.999858 0.498569 0.503049 431.291040 844143 18
0.000068 0.999820 0.494317 0.499298 431.272686 843560 18
0.000005 0.999991 0.498318 0.501482 482.206666 886532 19
0.000047 0.999998 0.493076 0.497687 433.715222 845819 18
0.000195 0.999941 0.491983 0.496878 453.168072 886625 19
