0.000534 0.997733 0.496585 0.500748 0.319981 25146 19
0.003381 0.999198 0.516310 0.520795 0.278998 22454 16
0.000361 0.998350 0.500058 0.504370 0.271994 22436 16
0.011209 0.998404 0.515606 0.519702 0.288997 23051 17
0.004312 0.998341 0.485005 0.488706 0.296027 23988 18
0.001489 0.999167 0.473179 0.477186 0.329404 23646 17
0.002809 0.997006 0.524338 0.528524 0.348033 23736 17
0.002196 0.998313 0.501256 0.505476 0.329995 26285 19
0.002909 0.999275 0.470324 0.473745 0.334030 27118 20
0.000232 0.998512 0.452076 0.456651 0.281866 22883 17
0.003801 0.990964 0.512446 0.515896 0.266981 21666 16
0.002472 0.993848 0.498370 0.502071 0.294908 23215 17
0.002122 0.996357 0.489475 0.494211 0.326996 25503 18
0.001138 0.999918 0.463979 0.468045 0.319040 23921 17
0.001137 0.998025 0.512310 0.516680 0.331014 24908 18
0.004210 0.999051 0.511768 0.515696 0.308035 24247 18
0.001189 0.995830 0.479202 0.483887 0.304046 22995 16
0.000335 0.997717 0.511589 0.516314 0.304978 24367 18
0.014519 0.999903 0.513558 0.518319 0.306990 21545 16
0.003545 0.999417 0.515598 0.520313 0.326993 25220 18
0.000571 0.997142 0.479675 0.483595 0.322871 25605 19
0.001230 0.998212 0.499791 0.504369 0.279996 22253 16
0.002200 0.997682 0.454163 0.458069 0.302173 23786 17
0.000858 0.997872 0.519700 0.523917 0.308991 24917 18
0.004613 0.997226 0.495545 0.499241 0.340029 26968 19
0.000610 0.997565 0.489364 0.493833 0.306984 24726 18
0.013737 0.998754 0.509318 0.513928 0.301029 24291 18
0.001404 0.997566 0.486151 0.491093 0.291739 23117 17
0.001535 0.998750 0.471689 0.475779 0.327325 25077 19
0.000378 0.999122 0.476810 0.481307 0.280055 22362 16
0.006873 0.999594 0.485769 0.489729 0.314981 24563 18
0.000171 0.999198 0.505628 0.509941 0.294714 23029 17
0.000382 0.999745 0.498968 0.502978 0.287191 22933 17
0.000113 0.996542 0.533287 0.538277 0.283939 22598 17
0.001708 0.998432 0.505278 0.509628 0.278186 21941 16
0.003231 0.999974 0.479894 0.483460 0.303951 23738 17
0.004331 0.998514 0.496138 0.500604 0.325685 25538 18
0.001356 0.997550 0.508898 0.513178 0.324973 25955 19
0.001848 0.999751 0.492310 0.496916 0.274991 22090 16
0.001707 0.989101 0.490155 0.494639 0.289032 22469 16
0.004535 0.997346 0.504452 0.509177 0.307942 24399 18
0.000594 0.997597 0.544538 0.549181 0.325045 25182 18
0.003607 0.994618 0.484066 0.487761 0.311040 23674 17
0.000592 0.999514 0.450384 0.454501 0.341006 26296 19
0.000333 0.999924 0.487645 0.492540 0.295002 23346 17
0.000863 0.999623 0.495322 0.499904 0.273988 21430 16
0.000320 0.993073 0.533211 0.537947 0.317881 24642 18
0.000654 0.996957 0.467635 0.471482 0.313956 24406 18
0.000483 0.998554 0.481008 0.483834 0.334021 25112 18
0.005554 0.998026 0.455967 0.460569 0.291043 21915 16
0.003350 0.998098 0.453090 0.456949 0.312178 24552 18
0.003111 0.999780 0.544825 0.548588 0.286035 22584 17
0.005842 0.993475 0.537301 0.541728 0.299999 23216 17
0.004407 0.999152 0.475854 0.480579 0.337175 25899 19
0.006992 0.998021 0.513901 0.517593 0.331926 25472 18
0.004089 0.999885 0.487091 0.491562 0.311996 23691 17
0.004506 0.998015 0.488809 0.492975 0.330974 25310 18
0.004281 0.996987 0.503588 0.508418 0.295046 23743 17
0.006733 0.996679 0.491971 0.496624 0.276045 21537 16
0.002841 0.997368 0.493110 0.497908 0.344934 26917 19
0.000644 0.998544 0.494264 0.498074 0.311926 24946 18
0.007417 0.997009 0.468661 0.472817 0.322027 24655 18
0.008722 0.997231 0.471214 0.475502 0.312043 23413 17
0.000765 0.999420 0.492756 0.496240 0.310970 23743 17
0.006133 0.999754 0.494235 0.498894 0.306771 23512 17
0.000496 0.991823 0.471669 0.476608 0.290048 21904 16
0.001850 0.993067 0.484125 0.487823 0.321988 24572 18
0.000951 0.999884 0.496289 0.500236 0.309048 23010 17
0.007208 0.994246 0.500440 0.504520 0.316008 24401 18
0.001256 0.999211 0.495913 0.500838 0.286037 22181 16
0.001702 0.994255 0.529221 0.533489 0.333997 24813 18
0.009010 0.999170 0.538109 0.541736 0.311005 23206 17
0.001302 0.995642 0.518906 0.522023 0.303979 23662 17
0.000633 0.996466 0.521936 0.525855 0.326042 24504 18
0.001737 0.995703 0.441520 0.445369 0.340977 26039 19
0.004294 0.998192 0.527798 0.532759 0.324999 25580 18
0.001423 0.996378 0.462306 0.466902 0.322997 23988 17
0.000675 0.999161 0.508933 0.512424 0.325269 23495 17
0.005154 0.999721 0.472224 0.476700 0.297012 22121 16
0.000410 0.997846 0.516446 0.520691 0.298924 21976 16
0.009098 0.995694 0.506141 0.510533 0.321046 24015 17
0.003029 0.996077 0.476717 0.481261 0.351032 25734 18
0.003630 0.997961 0.477414 0.482084 0.294970 22280 16
0.002211 0.999142 0.484456 0.488551 0.316928 23290 17
0.001318 0.998354 0.484920 0.488596 0.320990 24076 17
0.000096 0.987789 0.481792 0.485933 0.304972 23154 17
0.000158 0.995154 0.474599 0.479144 0.339042 24510 18
0.010943 0.997440 0.488202 0.492272 0.286045 21775 16
0.000753 0.994486 0.499568 0.503818 0.333194 24758 18
0.001736 0.995156 0.515562 0.519335 0.365025 27282 20
0.001294 0.999104 0.545961 0.549762 0.341020 24517 18
0.000139 0.994387 0.465993 0.470738 0.305053 23403 17
0.001746 0.989547 0.453511 0.458221 0.335988 25091 18
0.001588 0.997609 0.497934 0.502369 0.314204 23346 17
0.007510 0.999059 0.490133 0.493029 0.333980 24675 18
0.002813 0.996860 0.484966 0.489728 0.350043 24932 18
0.000641 0.997695 0.494038 0.498228 0.303017 21966 16
0.003327 0.999197 0.467474 0.471847 0.319156 23119 17
0.000047 0.996163 0.470711 0.475482 0.307188 23104 17
0.002188 0.999415 0.463962 0.467822 0.325131 24462 18
