0.000077 0.999996 0.499156 0.502759 2866.268167 1745501 19
0.000157 1.000000 0.502090 0.506152 2891.284333 1746614 19
0.000015 0.999990 0.503006 0.506437 2447.856204 1748845 19
0.000275 0.999904 0.500957 0.505741 1664.308483 1659235 18
0.000057 0.999976 0.503470 0.506992 1785.783038 1746074 19
0.000182 0.999968 0.496412 0.500994 1870.692003 1656022 18
0.000054 0.999955 0.496619 0.501072 1856.464343 1748065 19
0.000028 0.999983 0.501754 0.506454 1721.214697 1656107 18
0.000169 0.999972 0.497586 0.502443 2253.792707 1655833 18
0.000020 0.999993 0.497110 0.500837 2959.490645 1739847 19
0.000002 0.999946 0.497660 0.502487 2604.634450 1650778 18
0.000089 0.999975 0.496924 0.501568 1952.482613 1656450 18
0.000024 0.999980 0.498281 0.501730 2071.227061 1751692 19
0.000053 0.999952 0.492812 0.496808 2056.389444 1751273 19
0.000030 0.999994 0.498391 0.503358 2080.938000 1660362 18
0.000045 0.999930 0.497833 0.502524 1739.471340 1660158 18
0.000127 0.999952 0.494325 0.499281 1790.291813 1652928 18
0.000009 0.999998 0.499813 0.503801 1840.644886 1749916 19
0.000048 0.999904 0.499269 0.503953 1607.336602 1656454 18
0.000023 0.999932 0.499053 0.502634 1573.523853 1752252 19
0.000044 0.999975 0.497867 0.501842 1541.425566 1747724 19
0.000026 0.999955 0.501299 0.505179 1566.107703 1747470 19
0.000040 0.999921 0.497902 0.502456 1493.934103 1653551 18
0.000050 0.999983 0.499783 0.504556 1463.139150 1661575 18
0.000061 0.999983 0.492579 0.497569 1515.355099 1659361 18
0.000089 0.999967 0.496998 0.500040 1530.926874 1748066 19
0.000024 0.999991 0.494554 0.498206 1528.476868 1745589 19
0.000061 0.999996 0.497498 0.501344 1539.431846 1752626 19
0.000004 0.999987 0.501940 0.506560 1446.583667 1653497 18
0.000072 0.999908 0.497419 0.501058 1560.222766 1750747 19
0.000031 0.999970 0.492705 0.497401 1470.359324 1651437 18
0.000045 0.999944 0.496990 0.500510 1536.713480 1753427 19
0.000006 0.999938 0.499356 0.504035 1475.090957 1654400 18
0.000017 0.999994 0.502344 0.506209 1527.450532 1740459 19
0.000059 0.999923 0.505331 0.510026 1475.691726 1654101 18
0.000068 0.999985 0.498223 0.502265 1552.491598 1742150 19
0.000065 0.999981 0.499569 0.503953 1449.078756 1657264 18
0.000071 0.999942 0.498453 0.503371 1479.336802 1651871 18
0.000008 0.999970 0.502082 0.507001 1474.228164 1649651 18
0.000023 0.999901 0.498543 0.503372 1475.846250 1658830 18
0.000101 0.999990 0.501509 0.506439 1474.581269 1659524 18
0.000113 0.999990 0.499416 0.503784 1567.315316 1750940 19
0.000007 0.999953 0.494004 0.497727 2673.983482 1750981 19
0.000062 0.999899 0.494783 0.498880 2790.624362 1749494 19
0.000077 0.999963 0.496373 0.500721 2613.457032 1655092 18
0.000022 0.999752 0.497526 0.501276 2736.824398 1745838 19
0.000028 0.999930 0.498818 0.502557 2541.412987 1749040 19
0.000027 0.999922 0.500629 0.505042 1649.991285 1652384 18
0.000278 0.999995 0.495392 0.499026 1767.548836 1752666 19
0.000009 0.999942 0.489803 0.494596 1705.697608 1654687 18
0.000042 0.999927 0.490739 0.495490 1679.927791 1667630 18
0.000158 0.999780 0.499161 0.502504 1790.912514 1745526 19
0.000048 0.999927 0.500718 0.504432 1697.045696 1743486 19
0.000034 0.999960 0.500550 0.505540 1519.765682 1656492 18
0.000089 0.999994 0.500204 0.504826 1959.715467 1661460 18
0.000006 0.999950 0.500618 0.504604 2872.674289 1751194 19
0.000100 0.999949 0.503556 0.507317 2883.716637 1752536 19
0.000037 0.999995 0.496037 0.499738 2738.980962 1753451 19
0.000038 0.999929 0.499033 0.502611 2741.065052 1741808 19
0.000053 0.999968 0.496802 0.501210 2726.823904 1751483 19
0.000002 0.999844 0.503321 0.506834 2712.326947 1749819 19
0.000217 0.999948 0.493351 0.497559 2467.641390 1752925 19
0.000001 0.999983 0.494415 0.499255 2613.524666 1654908 18
0.000007 0.999898 0.495940 0.499653 2723.210771 1746975 19
0.000024 0.999824 0.494819 0.498268 2765.778033 1750703 19
0.000057 0.999977 0.498413 0.503112 2590.025868 1657592 18
0.000062 0.999991 0.495796 0.499570 2787.906224 1750174 19
0.000122 0.999951 0.495859 0.500230 2632.348336 1656492 18
0.000015 0.999999 0.500389 0.505092 2635.338012 1656164 18
0.000068 0.999971 0.497402 0.501812 2621.071352 1653452 18
0.000070 0.999988 0.499090 0.503081 2755.122593 1746440 19
0.000004 0.999975 0.502475 0.506156 2745.205326 1748639 19
0.000046 0.999795 0.490593 0.494758 2785.472081 1746477 19
0.000030 0.999992 0.496895 0.501685 2607.448036 1662469 18
0.000010 0.999969 0.494434 0.499376 1941.458548 1757790 19
0.000135 0.999960 0.500556 0.504080 1740.194236 1753508 19
0.000012 0.999974 0.498799 0.502463 1745.906648 1744080 19
0.000031 0.999984 0.504466 0.507846 1753.407272 1749508 19
0.000039 0.999949 0.493558 0.497518 1602.016716 1657098 18
0.000098 0.999962 0.499705 0.504428 1483.580436 1658495 18
0.000010 0.999889 0.495702 0.500485 1569.248312 1654241 18
0.000008 0.999880 0.497393 0.502362 1543.715399 1657335 18
0.000040 0.999947 0.493047 0.497628 1541.685952 1655843 18
0.000002 0.999972 0.499486 0.503319 1745.547744 1750386 19
0.000001 0.999958 0.503081 0.506454 1899.826579 1750595 19
0.000034 0.999995 0.499081 0.502851 1926.613194 1750368 19
0.000036 0.999979 0.495687 0.500293 1822.006263 1656952 18
0.000058 0.999999 0.496101 0.499906 2637.164285 1751064 19
0.000027 0.999976 0.492149 0.495509 2866.043841 1753956 19
0.000093 0.999997 0.495217 0.498938 2111.135488 1748250 19
0.000018 0.999976 0.503276 0.507002 2035.202948 1752365 19
0.000091 0.999978 0.497153 0.501145 2076.611832 1748793 19
0.000038 0.999986 0.494989 0.499326 1864.240224 1748634 19
0.000086 0.999945 0.496589 0.501456 1656.876812 1652019 18
0.000037 0.999992 0.498370 0.502170 1750.619386 1740953 19
0.000101 0.999864 0.500052 0.503845 3078.192258 1755775 19
0.000000 0.999969 0.493628 0.497446 3537.553250 1754652 19
0.000005 0.999994 0.495387 0.499158 3470.922833 1750235 19
0.000009 0.999998 0.493974 0.498934 3242.882056 1657402 18
0.000132 0.999999 0.495650 0.500159 3425.499274 1744094 19
