0.024297 0.955402 0.488273 0.493111 0.010012 3818 22
0.024826 0.985995 0.601511 0.605740 0.008880 2880 17
0.000361 0.998350 0.566145 0.570336 0.007287 2846 16
0.049143 0.998404 0.541234 0.545704 0.007868 2892 16
0.007223 0.964425 0.431327 0.434110 0.006567 2215 13
0.045047 0.963478 0.455147 0.459111 0.006001 2513 15
0.022431 0.989870 0.543104 0.547289 0.008001 3106 18
0.055611 0.978195 0.475156 0.479636 0.013923 4428 25
0.029169 0.995556 0.498921 0.503107 0.007205 2871 18
0.010034 0.998181 0.368396 0.371792 0.006996 2680 16
0.154097 0.970587 0.567341 0.570786 0.006724 2467 14
0.013789 0.979490 0.550319 0.554313 0.009440 3663 21
0.002122 0.996357 0.478259 0.482582 0.007683 2994 17
0.001138 0.948574 0.481254 0.485592 0.008001 2874 16
0.001137 0.998025 0.526126 0.530819 0.007917 2939 16
0.017679 0.971205 0.568243 0.572629 0.007900 2863 17
0.001189 0.969446 0.447494 0.450605 0.007090 2906 16
0.007431 0.996464 0.450925 0.455525 0.009041 3717 21
0.029627 0.999903 0.469191 0.472652 0.006817 2523 16
0.049318 0.984673 0.548090 0.551771 0.009886 3748 20
0.003519 0.989007 0.436077 0.440403 0.010387 4248 25
0.027297 0.986966 0.508134 0.512826 0.006729 2577 14
0.004981 0.966373 0.441125 0.446118 0.006767 2854 17
0.043271 0.997872 0.532983 0.537427 0.008998 3539 20
0.010936 0.997226 0.455219 0.459265 0.008001 3192 20
0.000610 0.962262 0.494354 0.499041 0.008639 3252 18
0.100390 0.991932 0.450202 0.454721 0.011801 4734 28
0.004913 0.977992 0.415126 0.418203 0.007998 3129 19
0.007142 0.971173 0.402504 0.407108 0.010046 4033 25
0.019203 0.974028 0.465965 0.470302 0.007846 2993 16
0.020859 0.985883 0.470257 0.474702 0.007775 2932 17
0.000171 0.986039 0.473414 0.478341 0.008032 2888 15
0.016740 0.997568 0.428247 0.432316 0.007860 2966 17
0.081615 0.989560 0.544111 0.548739 0.006999 2737 16
0.078394 0.957568 0.597352 0.601085 0.006066 2477 14
0.027887 0.983627 0.421061 0.425619 0.008926 3372 19
0.020326 0.998514 0.482735 0.487071 0.009060 3764 21
0.037349 0.997253 0.586016 0.590636 0.006919 2707 16
0.001848 0.985566 0.438267 0.441459 0.007998 3041 17
0.008872 0.988336 0.529710 0.533405 0.006820 2818 15
0.033073 0.980922 0.534941 0.539869 0.006889 2726 16
0.000705 0.997558 0.525325 0.528877 0.007936 2775 17
0.019936 0.982619 0.492578 0.497347 0.009000 3301 19
0.007317 0.982285 0.491491 0.496475 0.007972 2891 16
0.003388 0.950327 0.428797 0.432576 0.008039 2732 17
0.002037 0.978945 0.541570 0.546504 0.006968 2632 16
0.034083 0.949951 0.642233 0.646296 0.006883 2812 16
0.003325 0.939133 0.503332 0.507936 0.005364 2319 14
0.000483 0.966365 0.431589 0.436459 0.008327 3316 18
0.008245 0.976030 0.376482 0.381254 0.007019 2831 16
0.025109 0.990952 0.359235 0.363315 0.008988 3501 21
0.025388 0.997320 0.582102 0.586978 0.006033 2133 13
0.042810 0.993475 0.608265 0.612762 0.007051 2743 16
0.063451 0.956460 0.410497 0.413855 0.007997 3050 18
0.014166 0.970624 0.528305 0.531652 0.006998 2909 18
0.056145 0.983286 0.541622 0.545916 0.007235 2839 16
0.005279 0.971769 0.425250 0.429230 0.006996 2756 16
0.013332 0.937480 0.495408 0.499484 0.009897 2995 17
0.016261 0.974470 0.417788 0.422280 0.007804 2829 17
0.029387 0.978862 0.409876 0.414805 0.008002 3129 17
0.000644 0.998544 0.488460 0.493117 0.007506 2970 16
0.021846 0.966576 0.480509 0.485187 0.009081 3335 18
0.019881 0.988138 0.498303 0.501704 0.010846 3263 17
0.011375 0.996505 0.467940 0.472731 0.007796 2834 16
0.017474 0.943767 0.492855 0.497715 0.012914 3235 19
0.012158 0.970486 0.546108 0.550241 0.007000 2760 16
0.021589 0.993067 0.465021 0.469912 0.007051 2920 16
0.020552 0.993385 0.524628 0.528391 0.007004 3047 17
0.034902 0.951491 0.471732 0.476378 0.008544 3191 19
0.047084 0.975541 0.501116 0.505998 0.006806 2735 15
0.015700 0.987343 0.594593 0.598304 0.007844 2779 16
0.009010 0.962273 0.528622 0.533451 0.010035 2427 14
0.003728 0.954419 0.507497 0.510458 0.007491 3048 17
0.023199 0.957338 0.424204 0.427946 0.014040 3720 23
0.003970 0.954398 0.460474 0.464468 0.008993 3334 18
0.004294 0.977670 0.563111 0.567636 0.007302 2763 16
0.026029 0.944769 0.368442 0.373212 0.007996 2854 16
0.010911 0.991127 0.498129 0.501836 0.007236 2926 17
0.005154 0.968211 0.431088 0.435414 0.007001 3026 18
0.047492 0.982008 0.582216 0.585035 0.011035 2661 16
0.038115 0.983287 0.570980 0.575326 0.006999 2752 16
0.012083 0.976569 0.439768 0.443527 0.007023 2793 16
0.003630 0.984710 0.496331 0.500696 0.009041 3310 19
0.019534 0.971069 0.460844 0.464892 0.008026 3127 18
0.049055 0.984724 0.523139 0.527532 0.008579 2934 16
0.001205 0.987789 0.484214 0.488745 0.008839 3532 20
0.052525 0.995154 0.490080 0.494435 0.012033 2741 17
0.069484 0.989427 0.487748 0.492747 0.005950 2478 14
0.000753 0.976084 0.467148 0.471315 0.007772 3086 18
0.001736 0.972906 0.585979 0.590355 0.006682 2959 17
0.016180 0.983499 0.549129 0.552992 0.006963 2712 16
0.022260 0.979833 0.484013 0.488683 0.006998 2883 16
0.033144 0.987113 0.375224 0.379599 0.008446 3305 19
0.053038 0.963161 0.499604 0.502983 0.007859 2951 19
0.013714 0.984436 0.482686 0.486577 0.008030 3023 18
0.036703 0.994573 0.455465 0.460232 0.006760 2742 16
0.002910 0.970955 0.515245 0.519522 0.007836 3267 19
0.003327 0.838066 0.523753 0.527945 0.006001 2549 15
0.025538 0.996163 0.462854 0.466884 0.010009 3982 24
0.024404 0.967339 0.443868 0.447641 0.006524 2427 15
