0.000323 0.999996 0.500767 0.505748 157.621706 409736 17
0.000162 0.999704 0.503469 0.507491 165.117401 435627 18
0.000042 0.999964 0.500912 0.505879 154.580632 408055 17
0.000275 0.999681 0.507465 0.511335 166.350494 433368 18
0.000201 0.999891 0.504339 0.508718 166.458029 432453 18
0.000521 0.999968 0.492313 0.496072 168.488575 433077 18
0.000304 0.999314 0.498535 0.502100 166.480914 432437 18
0.000257 0.998662 0.503477 0.507790 168.771320 434631 18
0.000169 0.999734 0.497706 0.502527 158.588500 432292 18
0.000027 0.999973 0.493364 0.498072 132.970205 407287 17
0.000621 0.999677 0.493930 0.498074 118.636597 430068 18
0.000089 0.999975 0.498891 0.503251 103.591896 431882 18
0.000405 0.999980 0.485541 0.490238 101.245826 434386 18
0.000159 0.999918 0.484687 0.488417 99.920785 435899 18
0.000030 0.999960 0.495376 0.499644 100.029254 434568 18
0.000432 0.999610 0.503970 0.507822 101.172891 432907 18
0.000260 0.999912 0.489602 0.493238 101.655913 432803 18
0.000294 0.999709 0.494696 0.498297 101.494742 432504 18
0.000732 0.999903 0.503827 0.508562 94.555199 408708 17
0.000179 0.999602 0.503107 0.507452 113.565575 435019 18
0.000132 0.999975 0.493024 0.497132 112.229101 433341 18
0.000138 0.999861 0.500727 0.505001 111.467917 432862 18
0.000398 0.999816 0.491647 0.495617 112.368624 433339 18
0.000830 0.999976 0.498103 0.502998 111.027080 436226 18
0.000061 0.999981 0.491598 0.495509 110.722528 433875 18
0.000118 0.999967 0.495534 0.500532 104.367288 406979 17
0.000024 0.998973 0.494055 0.497754 112.955856 433381 18
0.000061 0.999563 0.489606 0.493887 109.416040 433194 18
0.000131 0.999903 0.499948 0.504631 109.962388 432776 18
0.000076 0.999908 0.493832 0.497974 111.844552 436407 18
0.000093 0.999970 0.485390 0.490272 104.951974 408615 17
0.000045 0.999944 0.497366 0.501372 143.863282 431034 18
0.000100 0.999773 0.494951 0.499592 165.040658 410232 17
0.000113 0.999825 0.507392 0.510788 171.709071 427214 18
0.000091 0.999872 0.504578 0.507915 166.264899 432148 18
0.000128 0.999974 0.490670 0.495467 155.592348 408717 17
0.000234 0.999959 0.502064 0.506110 167.763150 433857 18
0.000071 0.999760 0.497935 0.502301 164.924190 430800 18
0.000087 0.999786 0.508062 0.511328 171.757706 431548 18
0.000023 0.999634 0.493608 0.497177 149.186016 436126 18
0.000404 0.999746 0.497741 0.501624 132.300377 436704 18
0.000113 0.999739 0.502989 0.507931 111.643334 434718 18
0.000529 0.999694 0.497179 0.500962 105.925175 433907 18
0.000199 0.999842 0.492937 0.497284 96.174205 433860 18
0.000077 0.999924 0.500763 0.505437 93.865601 432331 18
0.000023 0.999634 0.491104 0.495374 94.174855 435617 18
0.000028 0.999115 0.497968 0.502244 94.065940 435097 18
0.000125 0.999737 0.503554 0.508471 88.986359 407702 17
0.000337 0.999921 0.488260 0.492625 94.268889 411936 17
0.000217 0.999878 0.481699 0.485589 103.340305 434212 18
0.000068 0.999590 0.491537 0.495239 95.543374 435127 18
0.000258 0.999780 0.500878 0.504722 94.020905 432339 18
0.000048 0.999880 0.504809 0.508175 93.535599 431425 18
0.000065 0.999698 0.503400 0.506981 93.064843 430170 18
0.000089 0.999994 0.498572 0.502511 94.416598 434802 18
0.000298 0.999917 0.503719 0.507351 93.473881 431248 18
0.000174 0.999448 0.505756 0.509845 95.815847 433141 18
0.000110 0.999959 0.505865 0.510014 94.652756 433201 18
0.000228 0.999887 0.498723 0.502689 93.204509 430813 18
0.000643 0.999861 0.493880 0.497750 94.862351 436573 18
0.000036 0.999706 0.503662 0.508151 93.170804 431109 18
0.000230 0.999948 0.496978 0.501532 94.402444 435379 18
0.000025 0.999193 0.495638 0.499397 94.203275 433822 18
0.000039 0.999634 0.491545 0.496395 88.297535 409297 17
0.000680 0.999824 0.492950 0.496441 93.507668 432392 18
0.000057 0.999313 0.499084 0.503760 88.040097 407414 17
0.000198 0.999980 0.497217 0.502021 88.237282 408302 17
0.000152 0.999951 0.491961 0.495796 94.104402 434127 18
0.000035 0.999976 0.504183 0.508656 89.221731 411211 17
0.000493 0.999961 0.499946 0.503986 94.593483 435821 18
0.000077 0.999988 0.502393 0.506627 94.939764 431947 18
0.000046 0.999870 0.506465 0.510279 94.564199 433212 18
0.000046 0.999579 0.498024 0.501589 93.524243 433017 18
0.000049 0.999948 0.494470 0.498521 94.498247 436906 18
0.000167 0.999837 0.491337 0.495780 94.209412 435174 18
0.000301 0.999822 0.500499 0.504846 93.946148 432108 18
0.000012 0.999669 0.496012 0.500288 95.841668 433888 18
0.000047 0.999811 0.508851 0.513635 94.185916 434251 18
0.000039 0.999721 0.495565 0.500337 88.918012 410506 17
0.000211 0.999941 0.493981 0.498853 89.204698 411656 17
0.000022 0.999889 0.498817 0.503663 88.776150 410737 17
0.000008 0.999099 0.503320 0.506752 94.598941 432824 18
0.000969 0.999875 0.497009 0.500929 94.205830 434751 18
0.000349 0.999972 0.494143 0.498009 93.876281 433292 18
0.000064 0.999816 0.504619 0.508806 94.025545 434698 18
0.000034 0.999995 0.493457 0.497822 93.782071 431981 18
0.000104 0.999710 0.486290 0.490031 93.677834 432299 18
0.000282 0.999625 0.499668 0.503268 94.320886 435283 18
0.000223 0.999976 0.492431 0.497105 93.514771 431747 18
0.000093 0.999960 0.494992 0.499114 93.519649 431610 18
0.000018 0.999976 0.508544 0.512989 94.990890 432619 18
0.000091 0.999655 0.490756 0.495681 93.218939 430311 18
0.000038 0.999986 0.492118 0.496347 94.583416 433141 18
0.000311 0.999688 0.501280 0.504917 93.680869 432486 18
0.000037 0.999744 0.494025 0.497935 93.135878 430568 18
0.000506 0.999858 0.498526 0.502664 96.418452 434895 18
0.000324 0.999814 0.494953 0.498893 94.630317 436628 18
0.000005 0.999991 0.495320 0.499433 93.701369 432492 18
0.000047 0.999765 0.487523 0.491685 88.628504 410112 17
0.000195 0.999761 0.493164 0.497422 93.623775 433246 18
