0.013750 0.931775 0.524514 0.529440 615.018592 45645 85
0.004766 0.950689 0.500599 0.505209 345.177781 18051 33
0.061367 0.987636 0.498837 0.503755 231.011009 17748 34
0.062862 0.928835 0.450679 0.455614 376.900430 30552 57
0.028673 0.895758 0.473923 0.478717 378.836478 29808 54
0.015465 0.964996 0.522778 0.527752 633.618305 41420 76
0.029433 0.961327 0.549154 0.554136 1030.393170 46903 89
0.067674 0.946722 0.479512 0.484291 925.072101 37329 69
0.032275 0.929531 0.475825 0.480679 899.814919 33299 67
0.060543 0.970265 0.546388 0.551258 587.746147 25676 49
0.025217 0.975868 0.499888 0.504776 614.073318 24910 47
0.068489 0.918563 0.504592 0.509529 309.466474 14761 29
0.021242 0.941540 0.500440 0.505057 301.925794 17544 34
0.045982 0.959041 0.481400 0.486320 640.870690 34650 70
0.011328 0.966464 0.507174 0.511883 837.541397 42120 81
0.061824 0.973837 0.507563 0.512377 684.652868 35640 66
0.018414 0.986211 0.474316 0.479309 647.267622 34472 62
0.082671 0.981209 0.514430 0.519262 651.058401 29862 54
0.049548 0.955221 0.518887 0.523676 935.622434 40812 76
0.030165 0.940893 0.484768 0.489655 771.778602 29412 57
0.046362 0.980911 0.498794 0.503704 1078.496181 36680 70
0.090179 0.938261 0.485259 0.490144 613.509622 21853 41
0.021735 0.953867 0.492617 0.497190 271.109237 12581 23
0.115959 0.931666 0.518552 0.523527 1072.300430 34410 62
0.064406 0.993116 0.495973 0.500865 619.315690 24990 49
0.055956 0.980516 0.493321 0.498230 1503.070299 50730 95
0.044448 0.898687 0.484325 0.489287 1063.543374 36852 74
0.040515 0.979473 0.518489 0.523483 1654.306681 53872 104
0.031385 0.964691 0.515276 0.520120 804.036272 34190 65
0.085797 0.969551 0.508681 0.513511 761.134767 26104 52
0.047584 0.990314 0.498743 0.503595 781.078124 25584 48
0.072430 0.967142 0.502810 0.507742 443.518426 22470 42
0.029243 0.958657 0.512024 0.516862 579.500328 28143 53
0.040462 0.937168 0.471449 0.476242 702.234048 32768 64
0.062076 0.947281 0.523624 0.528508 944.934386 43788 82
0.052254 0.992631 0.488747 0.493744 656.186787 31919 59
0.013765 0.973506 0.479848 0.484833 763.609406 36448 68
0.134178 0.945076 0.474024 0.478754 722.246779 34190 65
0.088604 0.943264 0.506729 0.511725 643.310470 32596 58
0.037226 0.915893 0.517294 0.522268 516.872590 28350 54
0.077573 0.996297 0.531877 0.536821 530.717440 27846 51
0.042680 0.992393 0.508944 0.513906 830.416431 41876 76
0.016308 0.929394 0.494000 0.498864 560.444001 29430 54
0.054565 0.942711 0.530527 0.535233 727.546673 38088 72
0.123244 0.948214 0.532394 0.537222 654.330225 34254 66
0.056918 0.938072 0.484565 0.489546 296.149714 16704 32
0.094419 0.973909 0.465228 0.470101 672.047145 35041 67
0.115276 0.914618 0.498672 0.503572 615.307269 31860 60
0.016296 0.976606 0.496690 0.501670 890.892544 45580 86
0.054042 0.871267 0.466350 0.471154 877.213086 49036 92
0.016802 0.965480 0.476350 0.481231 315.037082 22554 42
0.106525 0.923069 0.502645 0.507284 186.876258 14196 26
0.041624 0.913898 0.500775 0.505680 427.490756 29645 55
0.055550 0.931505 0.507964 0.512833 461.549741 32037 59
0.020657 0.959612 0.504308 0.509152 295.719880 20880 40
0.099193 0.978067 0.482216 0.487167 248.288169 18020 34
0.040110 0.979217 0.491479 0.496256 299.844707 21840 42
0.050413 0.986262 0.494908 0.499628 791.675618 49320 90
0.060291 0.945423 0.507888 0.512884 227.497002 16928 32
0.049337 0.971595 0.507391 0.512347 635.564632 43512 84
0.060497 0.961990 0.519713 0.524665 208.331986 15399 29
0.047629 0.957792 0.519508 0.524305 443.352040 30552 57
0.039118 0.954605 0.503075 0.507808 264.466034 19240 37
0.007049 0.908055 0.482559 0.487553 509.951872 35630 70
0.080566 0.923775 0.502915 0.507787 402.261566 27924 52
0.010963 0.966665 0.487560 0.492345 539.078603 37417 71
0.065407 0.946128 0.541764 0.546711 505.197777 35490 70
0.092456 0.995205 0.506058 0.510876 693.882063 46956 86
0.051004 0.975389 0.485097 0.490038 544.438561 37944 72
0.038789 0.935697 0.474816 0.479686 753.738819 51579 99
0.020303 0.964727 0.467983 0.472831 346.088085 23805 45
0.093104 0.999169 0.486653 0.491496 536.288111 37240 70
0.080562 0.970314 0.547017 0.551977 546.208134 38258 74
0.095080 0.940258 0.510169 0.514724 354.732364 24886 46
0.045250 0.929652 0.484479 0.489425 513.067870 34880 64
0.090704 0.947180 0.513607 0.518594 446.589529 31806 62
0.095000 0.936649 0.474666 0.479514 360.625708 25774 49
0.070688 0.967067 0.545383 0.550380 504.650120 35112 66
0.025017 0.959473 0.517377 0.522335 464.702329 29928 58
0.051924 0.917475 0.504183 0.509040 583.608957 40182 74
0.040123 0.945267 0.482777 0.487739 492.000578 34385 65
0.059000 0.937972 0.511368 0.516318 813.453532 54126 97
0.087757 0.997873 0.493431 0.498385 161.139587 12122 22
0.053690 0.947038 0.522249 0.527054 760.394517 51992 97
0.033925 0.968402 0.512669 0.517614 460.966717 31919 59
0.021066 0.920802 0.494135 0.498808 618.640719 41800 76
0.042622 0.968266 0.505966 0.510798 391.170387 27250 50
0.042586 0.948061 0.500172 0.505115 814.742496 54194 98
0.074701 0.942758 0.472547 0.477501 462.746226 32220 60
0.004496 0.951181 0.526100 0.530975 331.054602 24240 48
0.062201 0.966230 0.506993 0.511792 326.176363 23970 47
0.020621 0.967579 0.525860 0.530770 653.608486 45236 86
0.036772 0.992911 0.515795 0.520572 815.344699 54600 100
0.012484 0.941772 0.523909 0.528771 491.851527 34432 64
0.070543 0.923021 0.480882 0.485512 399.303901 31682 62
0.116897 0.940947 0.519015 0.523932 704.333282 47502 87
0.095404 0.947295 0.523417 0.528340 425.337451 30153 57
0.034468 0.956683 0.503984 0.508794 457.563643 32513 61
0.062941 0.974131 0.503783 0.508759 521.510490 35912 67
0.091851 0.929619 0.527043 0.531975 637.439960 44034 82
