0.082460 0.921318 0.587899 0.590713 1.546719 1680 12
0.205514 0.945840 0.529829 0.533673 1.774211 1872 13
0.069145 0.867096 0.492684 0.496253 1.664910 1781 13
0.044981 0.938016 0.517538 0.521747 1.533602 1668 12
0.111696 0.951818 0.500174 0.503414 1.881706 2030 14
0.025718 0.939478 0.462245 0.465913 1.505779 1664 13
0.161220 0.993655 0.532252 0.536496 1.672895 1794 13
0.079243 0.851962 0.484182 0.488665 1.536560 1638 13
0.157128 0.960781 0.559230 0.563035 1.603124 1620 12
0.040247 0.921808 0.454803 0.457694 1.978843 2192 16
0.099405 0.940638 0.470591 0.475179 1.967386 2030 14
0.070634 0.919244 0.495931 0.500123 2.435276 2466 18
0.132576 0.890078 0.516566 0.520047 2.208850 2288 16
0.097558 0.958392 0.378377 0.383344 2.109342 2145 15
0.020808 0.871325 0.544961 0.548154 2.341795 2278 17
0.146925 0.884911 0.489049 0.491862 1.729440 1806 14
0.229048 0.850560 0.493569 0.497511 1.757914 1740 12
0.045500 0.932497 0.523559 0.525802 1.995750 1911 13
0.053204 0.982675 0.552242 0.556021 1.660464 1608 12
0.165438 0.958326 0.501150 0.505831 2.953177 2620 20
0.151753 0.918765 0.523166 0.526977 2.126471 1918 14
0.143709 0.914180 0.505950 0.509479 2.149390 1752 12
0.127052 0.919522 0.477960 0.480495 2.037522 1918 14
0.048535 0.905838 0.454418 0.457356 2.206153 1904 14
0.081188 0.956977 0.482104 0.486526 2.274252 2115 15
0.115354 0.950472 0.538142 0.541642 2.100049 2041 13
0.190316 0.831825 0.564543 0.569112 1.840407 1794 13
0.023024 0.931637 0.490270 0.494766 1.733522 1596 12
0.113141 0.951671 0.473291 0.477185 2.972973 2601 17
0.043285 0.746302 0.516290 0.520565 2.308444 2040 15
0.051762 0.971399 0.484606 0.489509 1.961007 1540 11
0.225031 0.896231 0.535374 0.539574 1.762978 1584 11
0.045199 0.887532 0.473881 0.478356 2.193850 1980 15
0.076956 0.963390 0.511009 0.513204 2.161400 1824 12
0.137452 0.926161 0.511391 0.515063 2.005386 1859 13
0.123234 0.956914 0.502335 0.505759 2.206587 1620 12
0.083841 0.925319 0.516192 0.520588 2.172493 1995 15
0.096088 0.854048 0.473796 0.477614 2.060153 1628 11
0.076921 0.924948 0.485291 0.488386 1.790587 1540 10
0.052917 0.932441 0.479268 0.483513 2.607151 2322 18
0.063094 0.814156 0.487007 0.491825 2.121106 1918 14
0.095060 0.906830 0.508571 0.512406 1.900853 1833 13
0.089051 0.835971 0.450223 0.454120 2.785944 2489 19
0.050812 0.904238 0.422787 0.427135 2.321068 2160 15
0.059674 0.740164 0.477234 0.482097 1.798028 1800 15
0.099955 0.948607 0.445308 0.450154 2.788391 2466 18
0.108069 0.841112 0.474950 0.479106 2.322313 2010 15
0.014050 0.904214 0.487922 0.492449 3.205386 2397 17
0.127546 0.934326 0.499249 0.501863 1.782370 1650 11
0.042849 0.891039 0.518260 0.522447 2.918914 2002 14
0.201587 0.840408 0.485794 0.490472 1.734659 1507 11
0.116376 0.883780 0.538028 0.542247 2.638263 2286 18
0.148844 0.949174 0.425531 0.429888 1.892297 1742 13
0.105289 0.775457 0.455822 0.458699 2.061802 1988 14
0.032353 0.979215 0.482942 0.486928 2.219496 1950 13
0.161766 0.921848 0.526469 0.531043 2.085904 1800 12
0.095294 0.905995 0.516845 0.521352 1.917339 1680 12
0.063547 0.892630 0.465081 0.469657 1.912129 1632 12
0.114588 0.898210 0.493413 0.496793 2.142627 1792 14
0.008168 0.898362 0.423374 0.426697 2.165612 1846 13
0.162032 0.862444 0.509990 0.513026 2.318161 2044 14
0.027171 0.871466 0.468568 0.472485 2.328933 2044 14
0.111044 0.877998 0.502777 0.506780 2.095036 1859 13
0.104048 0.908090 0.536160 0.539960 1.744449 1490 10
0.132752 0.912939 0.526076 0.530323 2.340219 2058 14
0.099241 0.864625 0.516107 0.520322 2.288462 2016 14
0.061676 0.811810 0.490626 0.494145 2.080877 1812 12
0.173091 0.869980 0.505995 0.509209 1.874075 1651 13
0.232938 0.914961 0.545329 0.548983 2.548293 2190 15
0.096985 0.762197 0.447548 0.451305 1.652770 1359 9
0.199328 0.939804 0.555555 0.559579 2.156932 1776 12
0.190746 0.853283 0.520249 0.523172 2.205437 1628 11
0.100626 0.822228 0.499388 0.502761 2.014068 1620 12
0.182838 0.959086 0.505149 0.509498 2.015692 1692 12
0.102671 0.970193 0.533015 0.536378 2.113830 1776 12
0.058928 0.869604 0.548948 0.553594 2.161004 1807 13
0.158001 0.937218 0.499564 0.503297 2.799641 2414 17
0.122274 0.883836 0.457703 0.462420 1.801570 1562 11
0.171408 0.924229 0.539952 0.542726 2.502738 1788 12
0.143561 0.873103 0.495586 0.498557 2.316303 2055 15
0.126189 0.862211 0.493952 0.497672 2.206146 1794 13
0.142793 0.892365 0.483293 0.486568 1.889874 1625 13
0.073168 0.830816 0.449516 0.452366 2.326705 1976 13
0.045807 0.905855 0.527970 0.530380 2.629035 1924 13
0.016506 0.947180 0.526918 0.531300 2.382260 1776 12
0.052350 0.955033 0.488564 0.493544 2.317832 1980 15
0.154747 0.923407 0.537223 0.541709 1.670459 1474 11
0.145416 0.923650 0.532983 0.537942 1.689675 1507 11
0.081636 0.919893 0.458410 0.462677 2.020615 1485 11
0.193033 0.925558 0.497860 0.500498 2.001115 1529 11
0.087236 0.953303 0.527201 0.529200 2.232689 1738 11
0.130177 0.917213 0.511193 0.514193 1.614896 1380 10
0.167369 0.865264 0.502566 0.507203 2.045692 1672 11
0.088222 0.863549 0.451934 0.454829 2.576642 1950 15
0.160426 0.956209 0.564776 0.569759 2.060115 1776 12
0.133002 0.880799 0.536909 0.541024 1.981954 1704 12
0.095276 0.817843 0.443726 0.447589 3.043707 2538 18
0.017127 0.799178 0.486144 0.490508 2.130347 1680 12
0.037104 0.979945 0.529551 0.533525 2.195153 1890 14
0.150554 0.985639 0.545949 0.550111 2.812224 1974 14
