0.180258 0.807939 0.493474 0.497402 0.334627 832 13
0.235855 0.780912 0.570826 0.574698 0.295274 715 11
0.099603 0.690156 0.359648 0.363667 0.332260 814 11
0.253058 0.799394 0.508473 0.512954 0.497230 1311 19
0.174800 0.910721 0.505573 0.508651 0.313964 744 12
0.171707 0.900821 0.401465 0.406139 0.287779 693 11
0.100775 0.808871 0.437363 0.440447 0.263800 590 10
0.133580 0.917732 0.513060 0.515746 0.463467 1056 16
0.171205 0.739176 0.462847 0.467314 0.280823 612 9
0.108775 0.906873 0.506746 0.508489 0.292164 620 10
0.169230 0.906099 0.500010 0.504728 0.280572 640 10
0.093198 0.831456 0.483610 0.486468 0.291224 680 10
0.132668 0.924388 0.543963 0.547524 0.287026 660 12
0.031580 0.673054 0.447580 0.451835 0.322721 795 15
0.093300 0.943984 0.564551 0.569448 0.360737 871 13
0.134875 0.847032 0.497062 0.500836 0.325008 768 12
0.080668 0.872610 0.586662 0.591422 0.299398 708 12
0.060603 0.824007 0.458860 0.462474 0.304084 730 10
0.210085 0.973023 0.605548 0.609048 0.369771 884 13
0.226219 0.794195 0.514339 0.519110 0.325269 768 12
0.080835 0.814269 0.510783 0.515453 0.330152 768 12
0.103468 0.876198 0.487167 0.491145 0.514574 1386 22
0.118652 0.956176 0.434548 0.439163 0.326847 816 12
0.343917 0.855097 0.593583 0.597923 0.274532 630 10
0.191407 0.846540 0.515929 0.518625 0.336254 845 13
0.234351 0.916203 0.565147 0.568457 0.366447 928 16
0.099909 0.749680 0.498583 0.502028 0.493517 1344 24
0.032566 0.877236 0.415539 0.419082 0.319046 793 13
0.132251 0.958219 0.434196 0.437678 0.336478 826 14
0.132724 0.661097 0.410142 0.414607 0.393353 1020 17
0.047869 0.684209 0.465039 0.468697 0.325344 812 14
0.178650 0.855676 0.566650 0.568809 0.294677 704 11
0.120030 0.837143 0.500876 0.503917 0.251446 576 8
0.068725 0.698917 0.430617 0.435139 0.298781 726 11
0.045705 0.911038 0.537944 0.541947 0.336901 832 13
0.239534 0.721414 0.449028 0.452592 0.319985 793 13
0.166073 0.963296 0.589669 0.594429 0.324680 732 12
0.190552 0.847819 0.473747 0.478519 0.341596 740 10
0.100511 0.946263 0.549308 0.553739 0.413448 915 15
0.187122 0.790894 0.502218 0.506877 0.287809 528 8
0.017055 0.980455 0.650696 0.653608 0.359636 833 17
0.177307 0.852891 0.489223 0.492941 0.307560 650 10
0.220645 0.890430 0.506667 0.509668 0.284547 671 11
0.158081 0.905621 0.475699 0.478956 0.356383 884 13
0.116645 0.866210 0.562457 0.566621 0.437007 1178 19
0.091534 0.792803 0.445537 0.450234 0.288827 689 13
0.148282 0.915550 0.518387 0.522709 0.326975 812 14
0.211070 0.981911 0.516915 0.521476 0.305509 754 13
0.101550 0.775148 0.458502 0.460218 0.279586 660 11
0.245678 0.903369 0.554921 0.559586 0.265181 620 10
0.199517 0.877944 0.467788 0.472605 0.334769 840 14
0.062179 0.806888 0.559356 0.564166 0.237823 520 8
0.113187 0.904622 0.508174 0.513035 0.367639 885 15
0.200244 0.801480 0.510948 0.515932 0.266821 630 9
0.239697 0.946668 0.473377 0.477190 0.323312 793 13
0.072338 0.731016 0.478802 0.481627 0.322141 816 12
0.228360 0.899839 0.546627 0.549361 0.300778 737 11
0.016141 0.855279 0.457649 0.462331 0.771105 2257 37
0.080855 0.815256 0.539245 0.544016 0.268136 640 10
0.052905 0.956899 0.548702 0.552416 0.329808 832 13
0.034440 0.803951 0.500815 0.504949 0.348598 888 12
0.296458 0.885987 0.608121 0.613101 0.320935 770 11
0.210316 0.763708 0.523828 0.526504 0.468369 1258 17
0.096390 0.879710 0.402540 0.407148 0.439516 1178 19
0.178261 0.797271 0.483637 0.486766 0.262383 621 9
0.233302 0.855343 0.570013 0.574770 0.330669 825 15
0.062628 0.843632 0.455259 0.459747 0.436873 1170 18
0.099263 0.876906 0.463848 0.467703 0.300289 732 12
0.244322 0.839253 0.475576 0.479747 0.352273 896 16
0.200529 0.874500 0.424754 0.428346 0.306211 730 10
0.208402 0.869177 0.492098 0.497050 0.311673 770 11
0.167952 0.823327 0.468184 0.471911 0.342794 868 14
0.167368 0.912186 0.476785 0.481231 0.278486 660 10
0.085571 0.822285 0.483207 0.487695 0.268947 612 9
0.034657 0.880540 0.482786 0.486192 0.314319 759 11
0.122451 0.893263 0.443343 0.447166 0.326179 784 14
0.043785 0.863684 0.477668 0.482085 0.334293 816 12
0.149950 0.711859 0.420415 0.425320 0.327008 793 13
0.294000 0.914725 0.591435 0.593563 0.291312 682 11
0.040484 0.704708 0.362022 0.365702 0.315185 756 12
0.070180 0.872435 0.568030 0.571992 0.536258 1460 20
0.099059 0.945274 0.526802 0.531498 0.338734 840 15
0.210941 0.824878 0.458937 0.463567 0.467769 1218 21
0.076243 0.844198 0.456744 0.460417 0.274931 621 9
0.082910 0.831396 0.487823 0.490975 0.379218 966 14
0.225974 0.903373 0.433754 0.436600 0.384923 976 16
0.082168 0.764546 0.498135 0.502737 0.266814 600 10
0.226267 0.969567 0.550131 0.553377 0.395664 1005 15
0.211778 0.900182 0.560578 0.564863 0.300770 715 11
0.026554 0.940105 0.492405 0.496637 0.319910 770 11
0.125088 0.857795 0.521945 0.526264 0.308252 737 11
0.168354 0.725820 0.422546 0.427431 0.692700 1925 35
0.083802 0.798856 0.496907 0.500374 0.330657 806 13
0.241079 0.898046 0.492606 0.497128 0.963154 2772 44
0.211836 0.796190 0.535719 0.539987 0.387172 975 15
0.104002 0.922878 0.542258 0.546762 0.370014 924 14
0.051290 0.886258 0.359460 0.364313 0.991361 2838 43
0.107451 0.899880 0.510634 0.515105 0.320419 759 11
0.059740 0.806926 0.455104 0.459141 0.346162 840 14
0.151932 0.850375 0.538902 0.542044 0.327685 793 13
