0.086440 0.917971 0.490659 0.495513 476.236494 26448 48
0.030709 0.991068 0.530981 0.535977 401.983187 33245 61
0.086117 0.954700 0.513947 0.518938 323.819080 29574 53
0.024788 0.958859 0.511154 0.515770 413.011269 36762 66
0.017576 0.964722 0.522835 0.527703 552.228912 46960 80
0.016273 0.959099 0.505713 0.510697 448.363303 40182 74
0.105825 0.972453 0.500327 0.505241 534.159962 46002 82
0.042606 0.953597 0.501730 0.506647 224.530083 19244 34
0.024836 0.935586 0.501512 0.506431 639.341797 43736 77
0.095790 0.940258 0.495772 0.500736 641.388831 44384 76
0.040843 0.966375 0.509457 0.513736 190.093157 15106 26
0.094140 0.937225 0.511340 0.516221 350.551888 27166 47
0.058411 0.954662 0.521155 0.526080 813.471441 59670 102
0.018448 0.921869 0.497187 0.502169 446.353106 35406 63
0.111299 0.940989 0.496720 0.501681 506.525834 28458 51
0.016473 0.957361 0.482500 0.487432 1056.591814 43924 79
0.022876 0.970357 0.486221 0.491190 920.207935 40825 71
0.036388 0.982910 0.460731 0.465550 891.291558 34839 63
0.082867 0.933381 0.475778 0.480649 618.817163 25300 46
0.015392 0.929856 0.489931 0.494682 461.890256 23898 42
0.054225 0.941868 0.470246 0.475226 936.596091 42028 76
0.017699 0.936678 0.468580 0.473459 621.171508 29380 52
0.067871 0.956425 0.487747 0.492668 982.577858 44891 77
0.040942 0.939047 0.482142 0.487050 1184.631660 54055 95
0.067966 0.933766 0.479593 0.484459 1038.737049 47940 85
0.046468 0.972474 0.498669 0.503652 1015.383446 47376 84
0.051033 0.938482 0.469673 0.474442 539.741539 26266 46
0.078669 0.972188 0.493004 0.497982 873.754387 50220 90
0.094624 0.901310 0.503564 0.508472 814.573333 50336 88
0.019325 0.977170 0.487686 0.492555 502.486811 42744 78
0.035401 0.984891 0.527195 0.532011 518.131934 43575 75
0.054997 0.901626 0.499444 0.504437 579.505005 48934 86
0.051660 0.976365 0.504511 0.509502 245.938467 21760 40
0.063019 0.986365 0.488070 0.493045 579.781477 47808 83
0.034586 0.936397 0.493823 0.498745 512.632030 42698 74
0.023102 0.987538 0.499581 0.504406 462.760640 39528 72
0.091012 0.972238 0.510950 0.515729 417.862294 35402 62
0.068498 0.901968 0.540964 0.545960 641.284087 51086 89
0.025137 0.958875 0.479551 0.484536 372.574476 32538 58
0.034557 0.961716 0.522239 0.527210 555.423573 47061 83
0.027840 0.945348 0.491526 0.496435 661.187267 59384 104
0.039490 0.951863 0.510867 0.515738 417.620373 38985 69
0.060442 0.947830 0.512083 0.516858 441.969267 40530 70
0.040938 0.966310 0.521310 0.526299 589.692202 54549 99
0.033417 0.948166 0.511211 0.516207 376.370529 35091 63
0.045067 0.949478 0.497996 0.502928 555.012233 52060 95
0.074923 0.958214 0.482412 0.487247 427.838392 40369 73
0.046528 0.991145 0.485384 0.490229 307.056959 28750 50
0.090174 0.951861 0.508283 0.513072 398.151762 37587 67
0.022642 0.941334 0.495188 0.500027 291.581828 27456 48
0.120539 0.937545 0.515392 0.520149 187.507754 18080 32
0.044181 0.968210 0.486349 0.491261 487.741626 44326 74
0.008683 0.970153 0.500104 0.504935 422.399871 39537 69
0.021648 0.886718 0.479381 0.484193 262.713719 24066 42
0.105773 0.965596 0.480985 0.485806 571.639825 52110 90
0.032687 0.958106 0.450471 0.455361 668.792290 61668 108
0.045074 0.958096 0.501157 0.505803 178.435638 17298 31
0.037204 0.961283 0.531249 0.536160 406.534437 38695 71
0.030953 0.977851 0.489431 0.494249 309.656054 29328 52
0.024868 0.965355 0.492296 0.497288 243.428939 23288 41
0.030692 0.941133 0.502500 0.507357 479.958196 44720 80
0.051258 0.918077 0.489795 0.494612 269.486304 25605 45
0.027805 0.976375 0.485484 0.490380 466.489428 42624 74
0.070871 0.954340 0.506061 0.511041 389.727590 37128 68
0.050999 0.890832 0.476603 0.481555 478.892310 44793 79
0.030106 0.982303 0.517166 0.521948 453.978965 42450 75
0.042783 0.960996 0.478254 0.483222 333.944575 31784 58
0.067297 0.938726 0.479330 0.484160 252.792521 24338 43
0.061487 0.923358 0.485577 0.490354 617.875209 57960 105
0.003950 0.939864 0.490788 0.495699 645.478010 58984 101
0.002034 0.974292 0.470247 0.475192 484.690670 45864 84
0.003978 0.965193 0.508134 0.512978 540.238252 50310 90
0.052192 0.988371 0.506850 0.511809 363.897199 34221 61
0.084272 0.933489 0.511003 0.515837 429.721454 40588 73
0.016328 0.956356 0.446720 0.451589 376.774387 34140 60
0.031620 0.929838 0.500485 0.505320 414.417148 39399 69
0.054231 0.962244 0.490249 0.495026 507.367838 47430 85
0.061643 0.991420 0.497238 0.502151 530.003822 47795 79
0.019005 0.954911 0.513471 0.518417 510.643519 48224 88
0.083828 0.961050 0.514119 0.518978 271.071000 25785 45
0.076049 0.948229 0.496374 0.501310 278.615148 26950 50
0.016544 0.963078 0.463936 0.468833 586.195564 54684 98
0.127584 0.973641 0.510532 0.515466 515.584125 47232 82
0.076790 0.926299 0.512363 0.517279 474.026191 44854 82
0.057283 0.985250 0.497965 0.502675 388.267180 36465 65
0.013483 0.974573 0.523223 0.528175 643.051315 59840 110
0.011280 0.962969 0.520453 0.525421 208.823030 20160 36
0.060454 0.950138 0.483727 0.488566 738.909317 68040 120
0.030256 0.954479 0.508641 0.513358 181.562487 17728 32
0.033244 0.940249 0.444635 0.449520 433.041282 37944 68
0.033531 0.939452 0.479040 0.483779 567.941750 51480 88
0.047174 0.933161 0.510682 0.515573 257.989392 24192 42
0.065139 0.965577 0.498671 0.503605 569.587230 52630 95
0.060989 0.958654 0.481935 0.486916 379.464936 35278 62
0.025076 0.993640 0.492745 0.497605 262.735620 25346 46
0.070087 0.980183 0.514496 0.519487 387.337015 36660 65
0.026415 0.926765 0.502138 0.507125 494.577544 46200 84
0.067017 0.952635 0.480054 0.485038 613.575079 56727 99
0.055799 0.977905 0.514567 0.519549 500.021470 46576 82
0.039296 0.957560 0.474861 0.479828 431.438206 40922 74
