0.051972 0.985067 0.499106 0.503157 56.965459 11008 32
0.019473 0.936988 0.474525 0.479404 41.968943 7602 21
0.119404 0.903694 0.501015 0.505674 68.993724 13806 39
0.042040 0.917231 0.470104 0.474653 66.402842 12285 35
0.061600 0.900845 0.497363 0.501749 44.416589 6354 18
0.029451 0.916292 0.452834 0.457237 51.074202 9558 27
0.047466 0.941447 0.527018 0.531896 120.094753 16744 46
0.065870 0.985608 0.490828 0.495416 52.909630 10017 27
0.037263 0.939298 0.455148 0.459330 55.102759 11583 33
0.057609 0.957062 0.501785 0.505730 26.403171 5916 17
0.083461 0.898178 0.456835 0.461755 58.427233 9747 27
0.044293 0.988293 0.512282 0.517205 121.002280 17493 51
0.016743 0.954128 0.499972 0.504807 137.043674 15532 44
0.042305 0.924476 0.498058 0.502346 94.547897 10633 31
0.035931 0.974340 0.438226 0.442956 97.150187 11222 31
0.015677 0.968335 0.476025 0.480502 83.051996 9963 27
0.021196 0.939688 0.492767 0.497416 104.549015 15834 42
0.079575 0.900714 0.496628 0.501367 52.080263 9025 25
0.041116 0.988470 0.512382 0.517190 75.939265 13416 39
0.056858 0.908912 0.488944 0.493563 42.907735 7942 22
0.043259 0.871826 0.485374 0.490249 62.095339 10976 32
0.068045 0.915960 0.461081 0.465544 55.383103 9075 25
0.086057 0.938297 0.540270 0.544826 74.235737 12390 35
0.028899 0.916826 0.464498 0.468832 64.747296 11360 32
0.035279 0.940551 0.522884 0.527177 45.277140 8725 25
0.082676 0.958710 0.500496 0.505345 91.646220 15093 43
0.080914 0.921554 0.479388 0.484062 80.302069 12565 35
0.066366 0.951094 0.516046 0.520855 56.225542 10063 29
0.017959 0.976354 0.492261 0.496761 91.059186 17010 54
0.087450 0.925692 0.514303 0.518785 37.810894 7000 20
0.109521 0.924873 0.511438 0.516224 52.070428 9716 28
0.042296 0.942716 0.452686 0.457620 63.456537 11484 33
0.031967 0.951170 0.540777 0.545082 75.954622 12670 35
0.062485 0.913545 0.547913 0.552030 67.071608 9882 27
0.044476 0.928730 0.503233 0.508047 41.629194 6032 16
0.042795 0.923629 0.465383 0.470247 101.025456 13357 37
0.055523 0.899348 0.501836 0.506569 124.558258 15609 43
0.087651 0.951974 0.486552 0.490926 86.287029 11067 31
0.023646 0.969463 0.522782 0.527716 139.398333 13283 37
0.102923 0.970010 0.492065 0.496882 155.989122 14960 44
0.007847 0.936887 0.468505 0.473374 164.732654 14364 42
0.047154 0.944219 0.493259 0.498105 93.847162 10881 31
0.056914 0.956392 0.466012 0.470745 100.509135 10585 29
0.037642 0.864477 0.471607 0.476250 79.680737 8400 24
0.044230 0.909058 0.543700 0.548434 173.082655 15444 44
0.047610 0.942455 0.498343 0.503253 113.702048 12425 35
0.087999 0.946589 0.511459 0.515565 93.199129 9450 27
0.095455 0.903260 0.438887 0.443659 89.495017 9288 27
0.061130 0.973394 0.520343 0.524893 69.018372 7348 22
0.105919 0.976365 0.471806 0.476652 154.823287 13653 37
0.066212 0.962088 0.495502 0.499660 51.232220 5370 15
0.061399 0.903023 0.486355 0.491333 129.944196 12654 38
0.030260 0.899020 0.466237 0.471085 175.488477 12032 32
0.059578 0.899130 0.488419 0.493393 158.656448 12802 37
0.059618 0.956009 0.510187 0.514584 51.313587 4998 14
0.096110 0.917489 0.527006 0.531777 117.711195 11814 33
0.108733 0.936397 0.495622 0.500147 204.797827 13962 39
0.023768 0.947239 0.527327 0.531960 123.940746 10440 30
0.038010 0.920987 0.489165 0.493909 162.979492 14878 43
0.059120 0.913272 0.462328 0.466980 248.446223 15778 46
0.087216 0.945695 0.510368 0.515066 168.139684 12530 35
0.071879 0.978723 0.492993 0.497692 196.122580 16238 46
0.067887 0.905519 0.462015 0.466573 119.952469 12180 35
0.061007 0.973386 0.480515 0.485283 124.131778 14432 41
0.075134 0.977716 0.471351 0.476013 82.490258 10121 29
0.033186 0.871638 0.518957 0.523739 137.852348 14104 41
0.090265 0.969165 0.513072 0.517759 150.208623 13960 40
0.083937 0.987707 0.488910 0.493490 193.947228 13870 38
0.122729 0.902564 0.514130 0.518872 86.327235 6156 18
0.050198 0.949330 0.513771 0.518632 200.493127 16652 46
0.066950 0.971482 0.468181 0.472885 114.604655 14921 43
0.074267 0.970645 0.523193 0.527897 49.029576 8328 24
0.085739 0.953232 0.490564 0.495247 57.611216 7040 20
0.087604 0.938608 0.512817 0.517161 61.130025 7935 23
0.050582 0.976670 0.531473 0.535750 80.561320 9860 29
0.058286 0.941313 0.486131 0.491012 75.542968 9918 29
0.066128 0.973045 0.479097 0.483813 123.753464 13642 38
0.064769 0.932502 0.520581 0.525505 126.307889 13176 36
0.021324 0.917014 0.475755 0.480492 148.355524 17391 51
0.062928 0.924210 0.494933 0.499796 73.438793 8575 25
0.050110 0.959492 0.493746 0.498411 111.628403 11488 32
0.044736 0.967691 0.508411 0.513404 120.658661 13840 40
0.058565 0.925761 0.494002 0.498660 98.320567 11583 33
0.031218 0.930844 0.468639 0.473251 141.359149 16272 48
0.187640 0.956454 0.518430 0.522968 104.577519 10353 29
0.049443 0.931780 0.540283 0.545055 96.499627 11160 31
0.058056 0.902755 0.506527 0.510851 102.025238 11222 31
0.093479 0.931096 0.498634 0.503463 72.120561 8616 24
0.086003 0.958591 0.494474 0.499446 172.413876 19544 56
0.110599 0.941604 0.516265 0.521193 75.266207 8925 25
0.070389 0.900858 0.447038 0.451756 123.541018 14080 40
0.077801 0.960025 0.484978 0.489924 70.541601 8525 25
0.013838 0.863709 0.451455 0.456261 132.601763 15750 45
0.016006 0.955317 0.468787 0.473473 109.360020 12320 35
0.042002 0.959816 0.497517 0.502499 156.470188 16309 47
0.107874 0.963491 0.490657 0.495644 149.639050 16380 45
0.077224 0.986293 0.504664 0.509209 91.204583 10974 31
0.048085 0.949144 0.493503 0.498451 116.364951 13024 37
0.082466 0.873900 0.477210 0.481662 100.527110 11408 31
0.098655 0.935584 0.504734 0.509624 58.738603 7613 23
