0.108925 0.965409 0.510636 0.515470 2114.191653 74800 110
0.015996 0.990614 0.508485 0.513437 1663.296061 84624 123
0.031669 0.911876 0.460249 0.465243 1743.739310 87948 126
0.046999 0.970727 0.488345 0.493257 660.586424 34731 51
0.014707 0.949222 0.472885 0.477879 914.275301 48493 71
0.057239 0.984036 0.497522 0.502451 1445.248485 79506 126
0.038361 0.971192 0.483379 0.488250 827.051849 35532 54
0.033521 0.969868 0.507011 0.511970 1665.273097 72546 107
0.027293 0.950450 0.478726 0.483711 1589.749135 76212 116
0.083301 0.984508 0.489334 0.494240 1276.701279 62008 92
0.086122 0.979618 0.516750 0.521724 1910.453225 92960 140
0.019947 0.962424 0.523117 0.528070 1371.220925 71974 106
0.054446 0.940559 0.500276 0.505160 1971.264288 102300 150
0.050270 0.964385 0.517943 0.522865 1306.732978 63450 94
0.029449 0.972581 0.494935 0.499795 952.966310 42718 62
0.051866 0.996986 0.509518 0.514464 1814.649910 86430 129
0.021836 0.962149 0.494880 0.499647 887.266288 42408 62
0.068625 0.993828 0.504734 0.509576 1575.403223 74806 113
0.047387 0.952226 0.524996 0.529765 1670.717089 82550 127
0.015811 0.994435 0.511792 0.516608 1378.305442 67771 101
0.021846 0.959614 0.476078 0.481036 1198.252216 58950 90
0.059062 0.986387 0.517276 0.522251 1293.097791 61516 91
0.065381 0.972021 0.490883 0.495735 1152.424049 55678 82
0.058969 0.969698 0.467048 0.471957 1896.521920 57372 84
0.106908 0.940547 0.497770 0.502619 2641.821797 79458 123
0.046414 0.977524 0.526727 0.531675 1981.054312 60168 92
0.063341 0.992641 0.492248 0.497237 2315.039034 67296 96
0.029372 0.964516 0.509296 0.514264 1299.265692 38744 58
0.025826 0.950908 0.492525 0.497425 2694.724000 80160 120
0.052714 0.959901 0.487361 0.492348 2095.439754 62320 95
0.072243 0.939621 0.478931 0.483867 1662.112801 48618 74
0.044941 0.965950 0.525906 0.530682 2093.898664 61766 89
0.048854 0.927681 0.511323 0.516233 1837.757608 55505 85
0.067926 0.948998 0.510256 0.515159 2737.890164 80520 120
0.021120 0.960458 0.483478 0.488400 1921.359976 56784 84
0.029759 0.938275 0.539882 0.544718 2188.541581 63650 95
0.055985 0.961875 0.485878 0.490872 2496.496906 74259 111
0.072742 0.959846 0.494488 0.499237 1656.129582 49802 74
0.077829 0.955594 0.491600 0.496450 1597.077787 70380 102
0.049039 0.921267 0.491099 0.495902 1038.155085 57694 91
0.065978 0.956142 0.503059 0.507929 863.868248 47499 71
0.016151 0.949496 0.510516 0.515507 1091.704529 58565 85
0.044983 0.990274 0.548686 0.553616 3819.779888 99648 144
0.073605 0.947746 0.506940 0.511863 1359.060414 72483 111
0.083302 0.985088 0.542998 0.547996 597.650179 33600 50
0.050986 0.973320 0.471445 0.476260 1853.943885 62792 94
0.038888 0.939750 0.478215 0.483210 2737.537044 104005 155
0.060442 0.958526 0.498369 0.503321 12855.239272 70308 108
0.081539 0.890641 0.494587 0.499462 2367.053928 73357 109
0.058297 0.917322 0.520567 0.525413 1038.187223 56448 84
0.089368 0.970902 0.470024 0.474916 1540.419442 81480 120
0.027174 0.969802 0.453862 0.458745 1940.081492 71338 106
0.006147 0.954921 0.502592 0.507525 1411.432682 43524 62
0.035313 0.912298 0.505957 0.510946 1619.523606 50512 77
0.029756 0.932905 0.491049 0.496030 2159.207634 66330 99
0.045408 0.891949 0.539585 0.544563 1808.508776 56525 85
0.033080 0.895281 0.485229 0.490155 1830.802578 60120 90
0.064047 0.889523 0.516022 0.520934 2461.163825 79680 120
0.086811 0.943552 0.502143 0.507062 1702.129870 50323 79
0.020632 0.939057 0.458065 0.462960 2925.690409 79849 119
0.059334 0.958753 0.511410 0.516288 1913.503796 59892 92
0.026946 0.972149 0.479552 0.484443 1950.601533 61600 88
0.024086 0.986109 0.502166 0.507069 2213.676305 72036 108
0.019939 0.954467 0.505288 0.510113 1779.107353 56334 82
0.032543 0.967067 0.484564 0.489534 1978.341359 64032 96
0.011267 0.941785 0.519955 0.524924 1470.942268 48396 74
0.065852 0.931834 0.501054 0.505946 1393.744857 43218 63
0.036462 0.957033 0.473915 0.478914 2074.368896 66708 102
0.015883 0.944331 0.472401 0.477330 2509.050370 80040 116
0.054382 0.917338 0.488167 0.493096 1901.808162 62124 93
0.091656 0.976196 0.488911 0.493722 1384.730571 45195 69
0.042709 0.933175 0.480146 0.485069 2286.871605 72705 111
0.032637 0.910346 0.456688 0.461614 1918.565610 62589 93
0.021493 0.954219 0.473873 0.478779 1975.618994 62550 90
0.068341 0.947180 0.497150 0.502123 2177.278289 69628 103
0.076580 0.930551 0.495806 0.500737 1518.241863 48672 72
0.078407 0.928154 0.500893 0.505767 592.526718 19376 28
0.043149 0.945553 0.491458 0.496356 1242.325133 44655 65
0.038594 0.939414 0.512673 0.517614 991.590747 44756 67
0.019137 0.934264 0.507464 0.512406 2086.745197 90652 131
0.037680 0.980199 0.533279 0.538166 1076.701164 48900 75
0.039672 0.975943 0.503085 0.507865 1676.092942 74690 110
0.051820 0.896600 0.500173 0.505151 2118.877389 93236 143
0.065506 0.910230 0.503190 0.507898 346.566014 16625 25
0.049369 0.960629 0.473423 0.478354 992.493117 45144 66
0.043192 0.900434 0.483691 0.488635 1954.593965 87100 130
0.035593 0.918264 0.501096 0.505710 1378.557280 62496 96
0.093860 0.960701 0.498730 0.503704 1815.769467 78761 113
0.035196 0.988248 0.494214 0.499183 2032.853718 92564 146
0.028842 0.984559 0.490252 0.495217 2045.130533 83750 125
0.055906 0.962772 0.511069 0.516064 1394.582790 78430 115
0.023511 0.937360 0.530965 0.535841 1182.469398 82530 126
0.028248 0.975129 0.515369 0.520351 351.138201 20429 31
0.021863 0.953013 0.513552 0.518523 1541.934344 61664 94
0.067946 0.943808 0.495937 0.500907 1478.461631 81432 117
0.032545 0.986272 0.489164 0.494136 1247.670148 80028 117
0.067390 0.950953 0.498888 0.503848 1238.416739 79326 117
0.038427 0.927980 0.490741 0.495732 969.436095 63648 96
0.008734 0.957919 0.484843 0.489742 1122.947880 74200 106
0.008665 0.949197 0.512186 0.517117 1459.771375 59760 90
