0.215800 0.925254 0.608408 0.613106 0.152231 462 22
0.289731 0.952987 0.588758 0.593746 0.373475 1782 99
0.379055 0.689053 0.545485 0.548823 0.146114 442 17
0.258351 0.814461 0.513100 0.517499 0.152470 456 19
0.206802 0.812505 0.561809 0.565168 0.145882 442 17
0.064599 0.659196 0.403287 0.407903 0.134165 342 18
0.303188 0.892354 0.573015 0.577819 0.113124 230 10
0.227770 0.875353 0.571096 0.575859 0.135716 368 16
0.259869 0.977820 0.497356 0.500989 0.130831 345 15
0.180335 0.635483 0.468345 0.472855 0.142482 432 16
0.116868 0.762394 0.511684 0.516458 0.138985 420 15
0.215211 0.592869 0.459752 0.463080 0.119184 276 12
0.150560 0.584367 0.392436 0.397288 0.366700 1704 71
0.327679 0.850590 0.524043 0.528503 0.158562 475 25
0.279854 0.620072 0.513475 0.517500 0.148153 450 18
0.321561 0.804249 0.550137 0.554476 0.111676 208 8
0.092431 0.909238 0.515842 0.520783 0.186113 572 26
0.347342 0.818031 0.452957 0.456290 0.131227 253 11
0.137037 0.907086 0.498214 0.503005 0.160582 440 20
0.252325 0.772664 0.437673 0.441210 0.159606 494 26
0.322645 0.845841 0.485142 0.489839 0.126824 322 14
0.339977 0.892321 0.649255 0.653244 0.142984 425 17
0.024593 0.701916 0.361673 0.365921 0.166068 567 27
0.213877 0.867001 0.610190 0.614192 0.118833 275 11
0.286993 0.919863 0.707393 0.711399 0.147135 378 18
0.180964 0.875433 0.497263 0.501831 0.168702 483 23
0.216809 0.695147 0.527943 0.532461 0.192176 672 48
0.162324 0.979131 0.536342 0.541042 0.120839 286 11
0.182666 0.918973 0.526120 0.528909 0.130446 336 14
0.251598 0.773325 0.601119 0.604609 0.131601 368 16
0.123950 0.874422 0.533948 0.538109 0.153824 527 17
0.130402 0.827077 0.517589 0.522236 0.172002 624 24
0.237293 0.738181 0.477197 0.480897 0.139760 408 17
0.264918 0.875975 0.545521 0.547904 0.115926 270 10
0.132875 0.776436 0.459186 0.464106 0.146376 440 20
0.165452 0.807238 0.511706 0.516115 0.185367 682 31
0.085857 0.657480 0.341725 0.346636 0.119261 280 10
0.131777 0.567008 0.406307 0.410145 0.157469 506 23
0.247872 0.895675 0.508273 0.511727 0.130641 345 15
0.129439 0.858243 0.516452 0.521043 0.136658 390 15
0.231453 0.821341 0.503070 0.506281 0.118516 264 11
0.213978 0.930027 0.545722 0.549341 0.130744 320 16
0.084594 0.809315 0.346750 0.350607 0.126720 312 13
0.244682 0.803207 0.561546 0.564931 0.130603 351 13
0.146299 0.886878 0.544742 0.549698 0.120244 286 11
0.163091 0.936807 0.595741 0.600488 0.206259 777 37
0.180436 0.879922 0.465717 0.470289 0.165712 552 24
0.133470 0.634150 0.372856 0.377597 0.126564 308 14
0.091860 0.772669 0.403394 0.407956 0.154298 399 21
0.132401 0.866771 0.485769 0.490748 0.120076 264 12
0.117215 0.854265 0.357187 0.362146 0.422052 2214 82
0.072720 0.883158 0.565151 0.569432 0.171896 575 23
0.416480 0.757158 0.610075 0.614948 0.111324 234 9
0.058807 0.809359 0.504469 0.507498 0.125519 308 14
0.237588 0.802292 0.432631 0.437597 0.120867 286 13
0.200346 0.770275 0.432309 0.437121 0.137784 357 17
0.309135 0.868456 0.626587 0.630608 0.140338 405 15
0.147556 0.703123 0.489806 0.494227 0.162690 529 23
0.143491 0.780837 0.377543 0.381946 0.154810 483 21
0.135050 0.784626 0.401140 0.404933 0.184089 648 27
0.211133 0.861228 0.638375 0.641581 0.119781 275 11
0.178472 0.875914 0.534041 0.538809 0.139628 396 18
0.093935 0.869904 0.623176 0.627891 0.118511 273 13
0.195579 0.761034 0.468868 0.473059 0.128972 360 12
0.077002 0.589022 0.387935 0.392690 0.128356 315 15
0.190855 0.738395 0.457519 0.462024 0.113760 250 10
0.147069 0.667878 0.148685 0.666243 3.489928 21000 1000
0.185719 0.638832 0.394094 0.398021 0.125400 300 15
0.107237 0.761162 0.388168 0.392122 0.124993 286 13
0.281229 0.816988 0.573785 0.577872 0.137922 360 18
0.105932 0.955937 0.514946 0.519570 0.111741 232 8
0.071171 0.976684 0.531035 0.534749 0.109792 210 10
0.441862 0.818109 0.694546 0.698640 0.129988 264 12
0.279531 0.623465 0.426028 0.430460 0.201885 682 31
0.181664 0.855545 0.559906 0.564889 0.633321 3180 159
0.225344 0.922871 0.556952 0.561786 0.166689 288 12
0.233060 0.943582 0.470352 0.474632 0.194044 550 25
0.308424 0.981183 0.601886 0.606582 0.120389 270 10
0.187009 0.744802 0.445395 0.450060 0.153265 432 18
0.217241 0.831361 0.504643 0.508866 0.134349 360 15
0.145087 0.800749 0.528470 0.533083 0.191132 693 33
0.072458 0.813202 0.603430 0.607970 0.196953 660 33
0.261900 0.846473 0.562287 0.567171 0.180803 621 27
0.162327 0.876229 0.570620 0.575083 0.159292 462 22
0.268560 0.866077 0.483282 0.487720 0.156728 456 24
0.228981 0.741548 0.457963 0.462427 0.130709 336 14
0.024533 0.724136 0.334853 0.339495 0.167231 540 27
0.268560 0.844584 0.458453 0.463039 0.120086 276 12
0.212822 0.823404 0.523064 0.527741 0.183098 644 28
0.281916 0.811813 0.500511 0.505296 0.149475 432 18
0.177364 0.673349 0.415120 0.419698 0.117602 242 11
0.266384 0.800843 0.556678 0.560033 0.122782 260 10
0.139958 0.834430 0.542584 0.547247 0.227138 575 23
0.267370 0.660321 0.408570 0.413001 0.171082 273 13
0.136978 0.840798 0.435619 0.440311 0.143335 171 9
0.305723 0.680574 0.488862 0.493490 0.113724 216 9
0.329227 0.839370 0.551144 0.555029 0.131056 319 11
0.127980 0.893503 0.371045 0.374903 0.125138 300 12
0.173894 0.772663 0.547552 0.551979 0.164589 484 22
0.070013 0.751238 0.397333 0.402266 0.223084 861 41
