0.018515 0.944740 0.479238 0.484052 370.417569 28098 63
0.070755 0.983688 0.497027 0.501874 238.659695 19712 44
0.030168 0.954439 0.506046 0.510625 167.124533 19152 42
0.077480 0.973198 0.546737 0.551614 162.464425 18000 40
0.073966 0.984078 0.511689 0.516514 225.820948 25404 58
0.026487 0.946921 0.507314 0.512185 306.517041 34034 77
0.055673 0.941303 0.455392 0.460280 174.512957 19756 44
0.079636 0.898862 0.483927 0.488867 264.694930 23712 52
0.005465 0.939984 0.439674 0.444510 210.121320 17280 40
0.057564 0.977206 0.481160 0.485721 125.577648 7582 17
0.071845 0.976676 0.466213 0.471091 386.543986 25140 60
0.064601 0.961914 0.503085 0.507701 425.861850 27939 67
0.113453 0.929365 0.533272 0.537822 369.595895 24090 55
0.090763 0.893832 0.502360 0.507235 382.324567 21009 47
0.022134 0.901916 0.490548 0.495490 609.319011 31464 72
0.004456 0.978051 0.500160 0.504987 248.258647 14756 34
0.151271 0.890256 0.530807 0.535698 355.125525 15984 37
0.075826 0.991705 0.502418 0.507242 364.374118 19888 44
0.034131 0.957365 0.454639 0.459616 269.600617 19651 43
0.017568 0.980768 0.460708 0.465573 338.291664 20210 47
0.028291 0.925813 0.481362 0.486346 314.554797 15516 36
0.040584 0.939142 0.481221 0.486090 214.394429 17168 37
0.110082 0.967562 0.444842 0.449496 293.264570 22568 52
0.028125 0.927217 0.519417 0.524287 287.964232 21266 49
0.040049 0.940282 0.485671 0.490518 471.280046 34365 79
0.104591 0.975228 0.528484 0.533328 352.751682 24462 54
0.027830 0.895240 0.495689 0.500524 203.154773 15130 34
0.040726 0.978763 0.511442 0.516041 293.090101 22788 54
0.049900 0.964014 0.522620 0.527258 274.211006 19620 45
0.089767 0.953947 0.507471 0.512423 347.224981 25144 56
0.020492 0.912822 0.504629 0.509521 281.246455 20688 48
0.064223 0.947236 0.538957 0.543836 166.713301 12960 30
0.004459 0.967653 0.525025 0.530020 299.159374 23154 51
0.075933 0.954120 0.484951 0.489946 342.808510 21244 47
0.043631 0.964259 0.508517 0.513224 266.421654 16872 37
0.045311 0.907369 0.494862 0.499551 217.409320 14560 35
0.047186 0.995927 0.549108 0.554072 344.512873 20680 47
0.059198 0.936304 0.479128 0.484071 521.203027 29634 66
0.009828 0.849822 0.475434 0.480313 434.637528 21312 48
0.069237 0.945872 0.520115 0.524729 225.977061 13620 30
0.061450 0.945465 0.474589 0.479405 628.845336 26230 61
0.045926 0.975868 0.508224 0.512786 435.887618 23814 54
0.067108 0.904197 0.475668 0.480604 413.574895 18102 42
0.015826 0.935524 0.470358 0.475082 320.143069 20194 46
0.043669 0.911588 0.505310 0.510105 408.983306 20237 49
0.058495 0.954228 0.482604 0.487389 587.352087 24909 57
0.086988 0.953042 0.510596 0.515225 454.806206 27560 65
0.067854 0.961389 0.499166 0.504118 334.808934 16650 37
0.082436 0.942771 0.516342 0.521300 580.854824 29480 67
0.027835 0.947951 0.453657 0.458350 622.281065 27280 62
0.020873 0.974442 0.476896 0.481773 559.356586 23912 56
0.049027 0.958096 0.459037 0.463926 489.282562 22393 49
0.024951 0.977550 0.503203 0.507953 332.986806 17680 40
0.040746 0.984828 0.501051 0.505796 354.739419 17724 42
0.023836 0.951476 0.495457 0.500453 681.991227 27572 61
0.049610 0.938265 0.472542 0.477496 627.102322 31536 73
0.059111 0.914170 0.508391 0.513249 316.619441 19264 43
0.036016 0.957054 0.514256 0.518960 341.504241 20640 48
0.054847 0.976784 0.511436 0.516429 336.948327 17784 39
0.093653 0.958627 0.533961 0.538826 474.096538 20332 46
0.078871 0.931348 0.497794 0.502509 493.994699 21009 47
0.036236 0.969548 0.473372 0.478022 317.241420 17917 41
0.019592 0.930399 0.499548 0.504329 358.428266 25134 59
0.041546 0.990188 0.497503 0.502464 414.775588 28148 62
0.019640 0.945364 0.505868 0.510415 433.548908 27720 60
0.094545 0.970433 0.505197 0.510112 623.383270 40040 91
0.044558 0.977591 0.487010 0.491939 466.382134 30100 70
0.018121 0.965221 0.493473 0.498387 282.094771 17720 40
0.047084 0.974191 0.505719 0.510395 292.202913 21100 50
0.049832 0.989373 0.517033 0.521953 164.580300 11622 26
0.100801 0.959431 0.505904 0.510796 291.983624 20102 46
0.024660 0.924183 0.483773 0.488505 220.083492 15130 34
0.085551 0.943562 0.524150 0.528714 302.220894 19935 45
0.021005 0.907165 0.488262 0.493017 404.589097 26340 60
0.034829 0.914102 0.498516 0.503406 317.977828 20928 48
0.113951 0.943176 0.495819 0.500568 392.378982 25878 57
0.010406 0.957838 0.522961 0.527956 302.355783 23520 56
0.068818 0.965129 0.475002 0.479779 228.163723 17290 38
0.035209 0.952903 0.500329 0.505301 299.926880 21879 51
0.091298 0.951568 0.502519 0.507458 259.190040 21200 50
0.161073 0.980343 0.532201 0.536798 128.237852 9746 22
0.058797 0.875474 0.476509 0.481393 509.784373 36686 83
0.083816 0.868892 0.518769 0.523652 300.336661 21550 50
0.071032 0.954992 0.503420 0.508253 316.460165 23192 52
0.017414 0.974141 0.468501 0.473246 369.179332 26722 62
0.038895 0.957925 0.483133 0.487863 281.561036 21420 51
0.051217 0.941938 0.499085 0.503865 211.991921 15470 35
0.067951 0.931650 0.503749 0.508439 281.271046 20070 45
0.093462 0.937081 0.499182 0.503798 254.116404 19395 45
0.050115 0.921159 0.487117 0.492031 166.758713 12644 29
0.062063 0.997468 0.506212 0.511185 438.421549 31257 69
0.063697 0.884690 0.492550 0.496808 103.741117 8082 18
0.020253 0.962582 0.485570 0.490389 253.908371 19178 43
0.081929 0.904359 0.525438 0.530376 238.343171 17480 40
0.080665 0.948962 0.503118 0.508008 416.082117 29315 65
0.040363 0.935093 0.509388 0.514275 365.032079 25422 57
0.026197 0.954486 0.489259 0.494174 257.745816 19316 44
0.113218 0.911181 0.503722 0.508471 316.742803 22400 50
0.067162 0.973309 0.538215 0.543171 400.341542 28224 64
0.073670 0.909283 0.507690 0.512501 308.995914 22932 52
