0.038735 0.951390 0.513861 0.518699 1322.152206 58410 99
0.007617 0.974725 0.512329 0.517309 1313.788894 69368 116
0.023046 0.982570 0.479657 0.484488 799.181906 51765 87
0.036810 0.964321 0.486101 0.490116 194.762891 13310 22
0.037928 0.927472 0.497406 0.502052 248.962532 16576 28
0.052404 0.935267 0.480997 0.485841 948.435410 60802 101
0.018373 0.959130 0.487370 0.492361 802.257177 52154 89
0.094849 0.915954 0.497148 0.502091 1019.757347 64872 106
0.082253 0.980122 0.521853 0.526627 855.135959 56335 95
0.058134 0.978617 0.500374 0.505197 874.301290 57246 94
0.078871 0.953913 0.511834 0.516800 1006.250276 55765 95
0.027072 0.955011 0.497957 0.502886 1256.901171 64236 106
0.060258 0.967503 0.492319 0.497241 1020.411813 59976 98
0.089825 0.935995 0.516712 0.521435 750.202665 44400 75
0.043146 0.916176 0.472362 0.477229 450.323690 28106 47
0.059809 0.979798 0.532777 0.537736 651.728821 39006 66
0.052291 0.952677 0.504113 0.508973 867.307737 52632 86
0.044112 0.933887 0.478853 0.483773 560.846655 33318 54
0.040345 0.918156 0.519195 0.523990 1056.708119 65712 111
0.049867 0.973332 0.471694 0.476657 466.717990 31374 54
0.028562 0.922051 0.480044 0.485013 356.078280 23920 40
0.052838 0.948956 0.493189 0.498100 734.518072 48972 84
0.042165 0.982815 0.475984 0.480920 413.636086 27744 48
0.015281 0.961454 0.512903 0.517807 701.790793 45187 73
0.061629 0.961944 0.491078 0.495880 592.505847 38784 64
0.045501 0.952994 0.481384 0.486237 530.228042 32724 54
0.028626 0.955111 0.491281 0.496189 674.758138 40401 67
0.039968 0.973714 0.506847 0.511783 842.095768 46956 78
0.027126 0.962954 0.504955 0.509950 767.993588 42711 69
0.029509 0.940749 0.497972 0.502758 490.665296 29952 48
0.014029 0.932736 0.482713 0.487626 461.528071 30039 51
0.037892 0.928459 0.483142 0.488090 1019.665351 60894 102
0.047949 0.952737 0.487943 0.492708 1006.901869 58805 95
0.062606 0.977623 0.504762 0.509674 1017.425073 60588 102
0.008430 0.936748 0.507657 0.512535 877.954078 52866 89
0.053228 0.967211 0.498374 0.503305 755.484251 46980 81
0.046292 0.977419 0.507355 0.512165 606.947253 37020 60
0.053674 0.987718 0.507865 0.512754 400.809674 24864 42
0.002845 0.905530 0.506948 0.511749 558.260889 33880 56
0.035848 0.895073 0.457256 0.462164 795.719662 47600 80
0.026901 0.916884 0.499217 0.504062 522.148870 32012 53
0.082306 0.972854 0.495514 0.500407 863.016200 50266 82
0.091186 0.983981 0.522305 0.527151 775.936971 46254 78
0.021943 0.955969 0.495643 0.500577 636.998729 29088 48
0.125012 0.974791 0.506176 0.511092 1096.197708 40460 68
0.041984 0.988666 0.499203 0.503942 1187.909353 43848 72
0.032712 0.974654 0.523606 0.528459 1678.378096 61004 101
0.038693 0.932611 0.469264 0.474135 1181.554534 44474 74
0.023888 0.901799 0.502775 0.507714 1762.618298 66348 114
0.052897 0.974593 0.501426 0.506180 1584.101605 57148 91
0.045618 0.924444 0.493085 0.498026 1399.329203 51852 87
0.071650 0.916111 0.482902 0.487880 1047.716056 38912 64
0.035870 0.955688 0.495392 0.500318 1007.097265 37448 62
0.046823 0.968412 0.501651 0.506593 1106.955715 41790 70
0.036506 0.967423 0.488957 0.493953 1528.318608 57232 98
0.033117 0.976085 0.490968 0.495906 1718.014936 62322 102
0.056723 0.980797 0.500296 0.505060 918.283894 34510 58
0.075838 0.938788 0.490987 0.495894 1296.087868 47547 81
0.018359 0.981624 0.480458 0.485389 867.670251 32780 55
0.040580 0.966867 0.485546 0.490508 2047.994585 75207 129
0.038444 0.979688 0.511314 0.516214 1195.807190 44474 74
0.144096 0.978824 0.484054 0.489029 1709.336799 61302 102
0.053998 0.935379 0.489065 0.494011 1651.520792 61480 106
0.059202 0.954725 0.524479 0.529439 1356.587842 50879 83
0.065979 0.983615 0.505361 0.510076 1187.991690 43581 73
0.011315 0.918690 0.479881 0.484754 1781.113584 66355 115
0.031186 0.992337 0.515842 0.520558 881.155181 32832 54
0.029904 0.922687 0.478647 0.483469 1184.074243 63210 105
0.038935 0.972405 0.516441 0.521359 856.869535 58212 99
0.018954 0.927356 0.511238 0.516097 399.142999 27508 46
0.070359 0.960512 0.494252 0.499117 618.981157 42552 72
0.049648 0.981905 0.490737 0.495696 547.774327 36934 59
0.048550 0.937866 0.526145 0.531017 542.708606 36360 60
0.051485 0.990337 0.467974 0.472896 684.557472 45980 76
0.016734 0.952545 0.510907 0.515847 697.102677 45732 74
0.022921 0.957717 0.481719 0.486617 2566.842963 44530 73
0.023446 0.927259 0.484363 0.489311 775.617284 51504 87
0.065101 0.962666 0.504762 0.509692 669.047332 43290 74
0.118261 0.894839 0.501599 0.506556 615.714290 42120 72
0.069972 0.956520 0.493703 0.498627 1014.284960 48365 85
0.044487 0.955021 0.512926 0.517804 1224.415672 48708 82
0.053718 0.939319 0.503585 0.508502 1443.161790 55742 94
0.058226 0.950947 0.475271 0.480199 398.658898 24864 42
0.042608 0.959803 0.484102 0.489085 653.406971 43200 72
0.084144 0.979554 0.460226 0.465149 11940.138280 51418 94
0.038733 0.943487 0.465892 0.470855 572.295051 22681 37
0.025076 0.974283 0.511774 0.516742 1527.602063 53676 84
0.010840 0.977391 0.488821 0.493697 1111.226015 45752 76
0.045385 0.969677 0.497852 0.502749 540.319173 37359 63
0.102197 0.984781 0.509494 0.514342 530.128258 36120 60
0.031169 0.970748 0.502628 0.507537 723.939369 48348 79
0.034985 0.939588 0.511452 0.516393 790.717363 51678 87
0.062071 0.915697 0.491161 0.495902 698.899808 43438 74
0.037127 0.927600 0.503177 0.507937 1302.292517 47920 80
0.020356 0.964599 0.488983 0.493793 1001.751949 39396 67
0.036324 0.937507 0.493325 0.498031 1378.991698 53190 90
0.025950 0.949026 0.514058 0.518905 1262.545056 47520 80
0.052470 0.939373 0.501697 0.506585 972.574676 36076 58
0.048435 0.966113 0.479091 0.484035 940.258075 35844 58
0.067425 0.988371 0.527369 0.532243 1182.177579 45372 76
