0.028328 0.955197 0.490424 0.495321 1972.407935 74635 115
0.015126 0.950254 0.512995 0.517954 928.126875 52437 77
0.032920 0.906224 0.463654 0.468602 1478.995044 85090 134
0.023007 0.922024 0.474737 0.479677 884.837073 52740 90
0.087700 0.968163 0.529520 0.534490 1173.267190 67053 103
0.061281 0.966199 0.491634 0.496536 1183.054533 69300 110
0.061380 0.960535 0.484968 0.489699 832.635858 50139 81
0.050908 0.907604 0.491703 0.496603 534.111391 27852 44
0.008089 0.972448 0.463614 0.468543 1014.780891 47348 76
0.010676 0.942119 0.509716 0.514658 1519.385857 76110 118
0.057938 0.990493 0.495191 0.500121 832.214120 43164 66
0.030087 0.991130 0.528827 0.533717 563.173059 31150 50
0.046384 0.954668 0.487295 0.492119 601.239975 32232 51
0.060875 0.903834 0.511934 0.516673 1213.300014 65347 101
0.081776 0.947488 0.511276 0.516171 1275.982288 70180 110
0.033511 0.985077 0.527672 0.532623 638.479635 37642 59
0.032723 0.857982 0.483608 0.488581 900.479397 53592 87
0.080175 0.951744 0.495044 0.500013 847.968357 50713 83
0.065380 0.927970 0.507543 0.512491 993.601282 58218 93
0.085387 0.965008 0.522371 0.527347 753.655591 41138 67
0.044311 0.934348 0.506252 0.511245 775.937187 41712 66
0.027651 0.916428 0.540863 0.545756 1082.063171 52539 83
0.019857 0.934814 0.510780 0.515513 242.713362 14559 23
0.073190 0.947765 0.490840 0.495724 1310.905451 71008 112
0.050376 0.974508 0.491678 0.496511 431.030496 23256 36
0.054464 0.932426 0.498828 0.503787 1207.251833 65880 108
0.046667 0.990639 0.478662 0.483451 1118.706155 60192 99
0.044235 0.930078 0.509428 0.514357 1277.250056 67600 104
0.140808 0.992106 0.509926 0.514804 960.244838 53004 84
0.041265 0.944955 0.512870 0.517697 1116.718494 59799 93
0.082745 0.968159 0.491717 0.496603 1011.768377 54027 81
0.064643 0.974158 0.503424 0.508294 1414.358576 73024 112
0.049773 0.939587 0.466418 0.471282 1923.839218 70596 111
0.070438 0.971541 0.502474 0.507412 1579.567599 53295 85
0.040121 0.946702 0.494325 0.499244 1817.290297 60171 93
0.016233 0.984155 0.474602 0.479451 1393.491619 46136 73
0.042300 0.951344 0.508562 0.513516 1621.797290 54145 85
0.041787 0.952930 0.498916 0.503732 1228.059473 41741 67
0.068742 0.912852 0.512837 0.517773 2025.036844 67176 108
0.054174 0.948670 0.485912 0.490838 1097.675747 36651 57
0.031982 0.955318 0.500718 0.505676 1293.798641 44590 70
0.035921 0.956378 0.520215 0.525162 1798.605026 60760 98
0.021770 0.993816 0.498335 0.503302 1926.488977 62016 96
0.088234 0.970858 0.477772 0.482696 1642.410937 55212 86
0.007965 0.959860 0.485913 0.490839 1860.986140 62073 99
0.014429 0.943736 0.503239 0.508133 1707.501454 57152 94
0.049975 0.892776 0.479156 0.484089 1784.620898 58050 90
0.045806 0.964540 0.515040 0.519899 475.857378 16640 26
0.058833 0.967249 0.512982 0.517926 924.813239 32136 52
0.070858 0.940513 0.520400 0.525319 1872.500865 61740 98
0.035333 0.915713 0.478995 0.483943 2283.278956 73704 111
0.037723 0.922124 0.510076 0.515026 1668.076849 54352 86
0.012724 0.955466 0.487672 0.492550 1245.539728 59605 91
0.082656 0.951855 0.538266 0.543147 769.236767 47424 78
0.026778 0.989419 0.476076 0.481009 801.832808 48868 76
0.030164 0.939586 0.491618 0.496603 660.016620 39117 59
0.084143 0.976584 0.522979 0.527941 1124.879975 66912 102
0.037242 0.956809 0.479896 0.484761 1124.201299 66435 103
0.034984 0.951214 0.507843 0.512809 3448.755843 86688 129
0.038990 0.917611 0.508473 0.513426 703.548228 42076 67
0.006319 0.962650 0.498569 0.503478 271.433118 17145 27
0.043094 0.939932 0.472597 0.477592 1390.574907 57060 90
0.022809 0.900870 0.466185 0.471113 1896.336616 65145 101
0.037220 0.967096 0.501769 0.506609 1095.758957 53062 86
0.112973 0.962414 0.505591 0.510515 11285.274230 32500 52
0.057115 0.926730 0.470963 0.475946 1663.804911 57408 92
0.069602 0.966514 0.519351 0.524301 2144.938024 68370 106
0.037437 0.947327 0.510362 0.515301 826.612392 44020 71
0.076935 0.964417 0.499742 0.504740 644.764355 39370 62
0.059809 0.970623 0.486274 0.491230 1173.552934 69768 108
0.051232 0.983299 0.483804 0.488720 1577.009499 76616 122
0.083681 0.923185 0.495158 0.500106 2154.962536 72910 115
0.063602 0.973152 0.483293 0.488198 1960.814351 66675 105
0.053429 0.917100 0.509051 0.513838 2180.190741 73827 117
0.041822 0.954143 0.498641 0.503609 2189.058246 77040 120
0.076131 0.952784 0.507987 0.512861 1952.860946 69112 106
0.037440 0.968173 0.510583 0.515463 1049.502418 37352 58
0.082202 0.897779 0.470817 0.475795 2405.381543 79502 127
0.064119 0.955693 0.501662 0.506567 3132.629692 94650 150
0.027995 0.955384 0.494647 0.499621 2684.823339 93093 143
0.055549 0.950392 0.492813 0.497625 1329.425552 47850 75
0.047043 0.917730 0.504466 0.509396 1237.954196 43860 68
0.060970 0.971149 0.524995 0.529903 1526.215326 54913 89
0.083237 0.927444 0.468125 0.472999 1212.873939 43470 69
0.057171 0.918939 0.479119 0.484008 1971.501488 70180 110
0.058009 0.955058 0.464752 0.469750 913.641606 32793 51
0.063584 0.960206 0.488179 0.493028 1987.030743 70152 111
0.048496 0.954652 0.497822 0.502755 1576.379034 57040 92
0.011892 0.953725 0.480424 0.485152 660.426025 24609 39
0.046884 0.938173 0.496362 0.501307 2012.739936 71040 111
0.046216 0.901885 0.505180 0.510158 1229.673672 43296 66
0.045906 0.962462 0.495834 0.500715 1213.490734 44424 72
0.033179 0.967964 0.492008 0.497007 1261.472062 44850 69
0.059692 0.984235 0.472879 0.477862 1925.823145 66708 102
0.021821 0.977935 0.456986 0.461964 1347.718442 48594 78
0.035924 0.967394 0.511001 0.515981 1275.874088 46102 74
0.011660 0.976365 0.512982 0.517890 1482.463116 52480 80
0.038730 0.961571 0.510468 0.515260 1093.400798 39666 66
0.062185 0.973937 0.512595 0.517389 1575.340783 55854 87
0.051790 0.967916 0.504416 0.509287 1576.477556 56880 90
