0.000694 0.999506 0.512751 0.516585 34.819103 227907 15
0.000624 0.999329 0.502759 0.506145 34.971832 231527 15
0.000037 0.999740 0.499456 0.502640 35.570371 232221 15
0.000216 0.999461 0.506631 0.510638 38.309497 231529 15
0.000073 0.999790 0.501483 0.505470 37.516226 230122 15
0.001289 0.999719 0.502364 0.506317 34.852975 229014 15
0.001674 0.999663 0.499102 0.502734 36.218118 231039 15
0.000389 0.999033 0.490767 0.494501 35.389000 230767 15
0.000125 0.999516 0.498517 0.502041 35.789069 231291 15
0.000109 0.999972 0.503874 0.507724 37.044920 230523 15
0.000645 0.999449 0.486405 0.491149 32.549532 215638 14
0.000247 0.999962 0.500511 0.504734 34.143663 228853 15
0.001213 0.999019 0.498570 0.501844 35.735758 230992 15
0.000336 0.999939 0.500646 0.504383 35.027488 232232 15
0.000544 0.999213 0.499622 0.503616 39.777622 232106 15
0.000440 0.999052 0.491298 0.494861 34.726222 228890 15
0.000041 0.999954 0.503407 0.506910 37.042676 233898 15
0.000137 0.999973 0.501480 0.505014 36.268106 234447 15
0.000346 0.999873 0.496230 0.499732 36.632915 231863 15
0.000145 0.999886 0.504571 0.507926 34.990937 228995 15
0.000298 0.998983 0.502304 0.507289 33.999702 214834 14
0.000266 0.999799 0.504183 0.507922 36.273441 232708 15
0.000223 0.998455 0.489146 0.492625 34.334739 230590 15
0.000310 0.999676 0.497349 0.501036 35.655376 230070 15
0.000226 0.999664 0.502800 0.506606 34.450732 231657 15
0.000290 0.999662 0.487888 0.491421 36.656857 229713 15
0.000254 0.998757 0.492028 0.496048 33.795958 228152 15
0.000113 0.998659 0.505206 0.508766 36.458212 229735 15
0.000186 0.999327 0.509065 0.512723 37.766101 231449 15
0.000181 0.998938 0.488696 0.492312 34.111085 229808 15
0.000375 0.999908 0.505921 0.509684 36.620782 230069 15
0.001675 0.999877 0.510434 0.513698 34.775305 233112 15
0.000527 0.999931 0.505693 0.509721 37.034781 229297 15
0.000807 0.999883 0.506032 0.509725 35.157226 227459 15
0.000383 0.999910 0.498365 0.501873 35.834129 232567 15
0.000311 0.999549 0.505785 0.510699 39.842844 218693 14
0.000473 0.999777 0.501890 0.506773 33.572864 214884 14
0.000511 0.999825 0.496860 0.500931 43.509049 229525 15
0.001026 0.999565 0.488844 0.492622 46.788214 231039 15
0.000492 0.998653 0.502350 0.506088 44.303664 229364 15
0.000436 0.996319 0.503613 0.507188 48.279723 230931 15
0.000127 0.999599 0.493646 0.497918 46.350517 230953 15
0.000117 0.999914 0.500386 0.504278 47.855060 233987 15
0.000074 0.999613 0.498112 0.501863 46.871590 229735 15
0.000235 0.999489 0.497621 0.501225 48.668166 228495 15
0.000189 0.999818 0.497801 0.501501 49.013760 231437 15
0.000858 0.999736 0.491852 0.495595 49.014922 230213 15
0.000064 0.999698 0.493568 0.497257 51.517823 232770 15
0.000439 0.999529 0.513058 0.517892 47.707851 215854 14
0.000126 0.999968 0.503583 0.507754 50.983863 234269 15
0.000210 0.999987 0.484229 0.488140 46.427295 229860 15
0.000005 0.999705 0.492615 0.496202 51.353725 230424 15
0.000140 0.999871 0.507214 0.512003 45.961933 215903 14
0.000065 0.999963 0.504845 0.508529 48.527650 232970 15
0.000670 0.998755 0.502911 0.506202 49.385390 230302 15
0.000495 0.999692 0.498073 0.502846 46.948803 214995 14
0.000040 0.999879 0.496673 0.501604 50.483149 230269 15
0.000809 0.999725 0.502246 0.506009 52.586769 230697 15
0.000440 0.999794 0.497651 0.501493 52.710015 230718 15
0.000117 0.999932 0.502710 0.506707 53.019734 232407 15
0.000740 0.999648 0.504712 0.508429 50.754985 229138 15
0.000516 0.999381 0.491480 0.496354 48.447461 216255 14
0.000110 0.998699 0.506477 0.510125 52.140815 232567 15
0.000763 0.999966 0.495277 0.500253 49.629777 216233 14
0.000460 0.999897 0.487823 0.491522 53.191415 229777 15
0.000145 0.999149 0.498569 0.502544 29.332358 231924 15
0.000251 0.999875 0.502147 0.506862 25.748314 215457 14
0.000080 0.998327 0.511108 0.516081 27.095218 215090 14
0.000401 0.999689 0.500444 0.504225 35.092793 231245 15
0.000309 0.999968 0.500526 0.503665 47.252843 232881 15
0.000344 0.999953 0.501797 0.506606 43.766207 215560 14
0.001099 0.999925 0.499643 0.503759 46.281614 230380 15
0.000231 0.999837 0.488643 0.493522 42.398735 214490 14
0.000331 0.999979 0.491312 0.495924 42.850795 218357 14
0.000550 0.999570 0.500485 0.505464 45.789073 214356 14
0.000407 0.999790 0.506866 0.510618 45.873601 230808 15
0.000106 0.999740 0.492298 0.496029 42.029422 230063 15
0.000000 0.999900 0.498225 0.501659 49.473460 232590 15
0.002470 0.999777 0.500297 0.504199 46.252600 230601 15
0.000205 0.999033 0.487809 0.491411 40.337644 229682 15
0.000156 0.999780 0.497227 0.501112 40.195759 228306 15
0.000334 0.998341 0.513116 0.517763 39.115825 216561 14
0.000492 0.999475 0.496603 0.501028 41.808166 233717 15
0.000021 0.999246 0.509515 0.513131 39.118107 232825 15
0.000460 0.999301 0.500366 0.504087 39.056258 230228 15
0.001277 0.998637 0.505250 0.509367 41.397611 231229 15
0.000721 0.999769 0.498983 0.503372 40.568349 229834 15
0.000183 0.999565 0.502733 0.507100 43.398335 231136 15
0.001963 0.998782 0.493494 0.497399 39.644533 229954 15
0.000005 0.999215 0.506573 0.509888 46.319136 231035 15
0.000728 0.999937 0.490591 0.494016 44.165911 233785 15
0.000487 0.999680 0.487346 0.490915 44.029772 231328 15
0.000220 0.998648 0.496783 0.500190 45.103950 230974 15
0.000042 0.999660 0.498901 0.503871 44.101059 215687 14
0.000019 0.998861 0.494580 0.497775 47.563209 231559 15
0.000128 0.999339 0.498769 0.502369 34.737303 231971 15
0.000036 0.999588 0.502861 0.506125 41.209861 234187 15
0.000281 0.999945 0.509249 0.512648 40.049202 231382 15
0.002025 0.999089 0.500019 0.503949 37.808205 229481 15
0.000146 0.998945 0.499270 0.502502 38.173731 231417 15
