0.000928 0.995025 0.511996 0.515763 6.357084 115920 15
0.004945 0.996794 0.498442 0.502119 8.274977 114590 15
0.001837 0.996526 0.496789 0.501276 6.176343 109641 14
0.000000 0.995653 0.507850 0.512323 7.601022 108045 14
0.002035 0.999867 0.501024 0.505666 8.227668 107366 14
0.003925 0.997052 0.479611 0.484479 8.270793 108305 14
0.001869 0.998881 0.485840 0.489172 9.198050 115843 15
0.004399 0.999056 0.503789 0.508775 8.492020 104468 14
0.000845 0.999695 0.501124 0.505058 8.563282 115168 15
0.000556 0.997184 0.498886 0.503338 8.439562 116105 15
0.000611 0.999716 0.483050 0.486653 8.428881 115349 15
0.001841 0.999871 0.513629 0.516983 8.187143 112858 15
0.000632 0.998588 0.496847 0.500148 9.292293 117443 15
0.000722 0.998915 0.481589 0.486513 9.177689 108397 14
0.000691 0.996859 0.487277 0.491883 9.002369 106839 14
0.003798 0.999330 0.506514 0.511200 9.225743 107648 14
0.003406 0.998795 0.490277 0.494188 10.093644 115747 15
0.001649 0.994724 0.487149 0.491500 8.565585 107225 14
0.001900 0.999873 0.508248 0.512740 9.198204 107367 14
0.000087 0.999999 0.505712 0.509136 9.505277 116086 15
0.001298 0.998449 0.503002 0.507625 8.811430 109430 14
0.001588 0.999096 0.488760 0.493716 8.691773 107866 14
0.000147 0.997787 0.485683 0.489445 9.263235 113672 15
0.000357 0.998648 0.495705 0.499381 9.677051 114598 15
0.002357 0.999498 0.514797 0.519723 8.715317 107397 14
0.001112 0.998037 0.500065 0.504102 9.424258 114608 15
0.000093 0.999455 0.494581 0.498367 9.812085 115189 15
0.000760 0.999527 0.504099 0.508925 9.416553 107643 14
0.000865 0.998989 0.504322 0.508478 9.597517 115452 15
0.001702 0.999593 0.501451 0.504859 9.520032 115563 15
0.000028 0.998655 0.507887 0.511696 9.903233 115874 15
0.000303 0.997305 0.505536 0.508736 9.489839 116949 15
0.001061 0.998274 0.496908 0.500358 9.761583 116924 15
0.002978 0.999251 0.509361 0.514334 8.574187 108522 14
0.000004 0.998275 0.489079 0.492250 10.151267 118598 15
0.000360 0.998446 0.481291 0.485420 9.372942 110975 14
0.000759 0.999570 0.490375 0.493736 9.493781 117466 15
0.001734 0.999952 0.493810 0.497842 8.518033 108833 14
0.002248 0.995160 0.487907 0.492781 9.308039 108323 14
0.000357 0.999266 0.494044 0.497253 9.868757 115082 15
0.000505 0.999164 0.501647 0.505052 9.469128 115871 15
0.002428 0.999896 0.499907 0.503372 9.285869 116064 15
0.000772 0.999838 0.493523 0.497092 9.449682 114062 15
0.001871 0.999519 0.490329 0.494782 8.814113 105547 14
0.000184 0.997275 0.484710 0.489397 8.938393 108155 14
0.000439 0.999201 0.497837 0.502527 9.027372 108992 14
0.000099 0.999903 0.496653 0.500479 9.759588 114742 15
0.000252 0.999224 0.499163 0.502799 8.978682 112861 15
0.000126 0.999912 0.481135 0.485867 8.825514 109349 14
0.000011 0.999523 0.496218 0.501061 8.727757 105931 14
0.002321 0.996538 0.488573 0.491932 9.397250 114951 15
0.000673 0.998332 0.502566 0.507140 9.125809 107513 14
0.003155 0.999801 0.490037 0.494371 9.262697 114191 15
0.000606 0.999366 0.500544 0.504985 9.026665 106215 14
0.001623 0.998976 0.506343 0.509698 9.304079 117018 15
0.000843 0.999994 0.493603 0.497081 9.067460 115899 15
0.002669 0.999896 0.515566 0.519197 9.261588 115400 15
0.002288 0.998993 0.488204 0.492918 8.321024 106398 14
0.002533 0.998434 0.506919 0.511759 9.080006 108827 14
0.001281 0.998545 0.493775 0.498593 8.540052 107614 14
0.001748 0.999326 0.504933 0.508656 9.447037 113431 15
0.002276 0.999724 0.494901 0.499808 9.460516 108207 14
0.000735 0.998518 0.500681 0.504945 8.811525 108055 14
0.001839 0.999556 0.501921 0.506182 9.452262 115156 15
0.002799 0.998504 0.511573 0.515705 9.093011 108225 14
0.000935 0.999934 0.488808 0.493317 9.045753 107920 14
0.000656 0.996470 0.483632 0.487460 9.405954 112979 15
0.001455 0.999948 0.508694 0.512304 9.754538 117630 15
0.000197 0.997150 0.504264 0.508824 8.728492 108855 14
0.001287 0.999684 0.489220 0.492763 9.916729 113978 15
0.000731 0.999791 0.491447 0.496396 8.788432 108388 14
0.001130 0.998993 0.492022 0.495728 8.701105 114458 15
0.002025 0.997374 0.493563 0.498368 9.661613 110169 14
0.000003 0.999937 0.502482 0.507187 9.109521 107494 14
0.001239 0.999553 0.504833 0.508290 9.623594 116470 15
0.000467 0.999756 0.496987 0.500854 9.430135 115864 15
0.000304 0.999269 0.504792 0.508615 9.889295 113895 15
0.000203 0.999566 0.486041 0.491018 9.109341 108859 14
0.000482 0.998838 0.500074 0.504076 9.505846 112885 15
0.000584 0.998504 0.504304 0.507514 9.491258 116483 15
0.000312 0.999546 0.483640 0.487269 9.352630 114978 15
0.000945 0.998682 0.506783 0.510335 9.399302 113603 15
0.000191 0.999582 0.482169 0.486553 9.011905 107214 14
0.001007 0.998384 0.492189 0.495729 9.316772 117228 15
0.000239 0.999810 0.493428 0.497970 8.596204 109615 14
0.000264 0.999435 0.493217 0.498034 8.238004 106909 14
0.000072 0.999887 0.503022 0.507558 6.980423 108336 14
0.000172 0.998636 0.495674 0.499397 10.086339 116125 15
0.000012 0.999990 0.492568 0.496264 10.254443 116263 15
0.000265 0.999845 0.508856 0.513677 7.113774 114489 15
0.001048 0.998944 0.507424 0.512208 7.384113 107651 14
0.001509 0.999990 0.505121 0.508786 7.270448 112745 15
0.000434 0.999396 0.517605 0.522583 7.217090 107580 14
0.000305 0.998346 0.506550 0.509987 7.704920 116515 15
0.000886 0.999833 0.489824 0.493019 7.358619 116334 15
0.000527 0.999589 0.487141 0.491019 7.922446 114536 15
0.000645 0.999802 0.505200 0.508274 7.228148 115139 15
0.002188 0.999808 0.499868 0.504567 6.801335 108603 14
0.000686 0.999261 0.494043 0.497310 7.859183 116304 15
0.000155 0.999215 0.508441 0.512048 7.407691 117209 15
