0.002055 0.993733 0.527059 0.532021 0.232694 20121 13
0.010939 0.996568 0.508624 0.513049 0.274080 21568 14
0.003888 0.998233 0.499230 0.502614 0.275300 21283 14
0.006170 0.979780 0.532633 0.536503 0.308599 20784 14
0.003415 0.989282 0.473893 0.477268 0.327791 21279 14
0.003178 0.996669 0.494081 0.497735 0.325861 22924 15
0.004276 0.997049 0.500606 0.505083 0.364204 22458 15
0.003977 0.992356 0.507893 0.511484 0.305621 21660 14
0.004314 0.989532 0.475736 0.479712 0.302248 21744 14
0.000488 0.995657 0.497802 0.501245 0.310332 23251 15
0.009189 0.990020 0.530501 0.534436 0.306463 21514 14
0.000858 0.998395 0.502310 0.506416 0.354341 23200 15
0.001403 0.999541 0.488856 0.492228 0.591893 23108 15
0.008430 0.995022 0.510415 0.514300 0.523862 20527 13
0.001925 0.997902 0.493271 0.497193 0.470510 21249 14
0.000680 0.994917 0.464192 0.468358 0.363023 21487 14
0.000494 0.998635 0.515855 0.519218 0.381672 21816 14
0.001513 0.998611 0.484916 0.489624 0.368126 22423 14
0.013345 0.996715 0.498165 0.502134 0.417173 21643 14
0.005343 0.999964 0.497948 0.501586 0.403706 22907 15
0.004594 0.985418 0.494725 0.499514 0.354028 20733 14
0.008470 0.990521 0.488105 0.491850 0.349912 21621 14
0.005781 0.999763 0.489498 0.494313 0.354322 20737 13
0.005863 0.997766 0.482250 0.486214 0.413014 21738 14
0.001605 0.998817 0.511869 0.516343 0.378695 21636 14
0.006279 0.999797 0.511059 0.514370 0.399617 23327 15
0.006532 0.979871 0.496401 0.500906 0.414444 21436 14
0.006979 0.996884 0.516165 0.519955 0.354653 21908 14
0.015644 0.989975 0.492974 0.497202 0.379058 21805 14
0.001395 0.997711 0.496089 0.500490 0.392151 23156 15
0.000130 0.995376 0.545624 0.550378 0.317250 20131 13
0.004688 0.999784 0.501335 0.506196 0.554258 21142 14
0.003446 0.995023 0.516927 0.521460 0.360228 20654 14
0.001136 0.997502 0.474533 0.479532 0.347679 20677 14
0.006358 0.999980 0.486700 0.490827 0.342213 21084 14
0.017106 0.995374 0.498088 0.502305 0.353614 21632 14
0.002260 0.998890 0.498594 0.502666 0.323119 20945 14
0.009902 0.987194 0.477929 0.482034 0.334982 21363 14
0.000760 0.997701 0.449583 0.454129 0.421095 22398 15
0.004320 0.994211 0.538021 0.542026 0.383793 21797 14
0.006170 0.999084 0.508932 0.513683 0.332483 20851 14
0.003070 0.997304 0.514501 0.518460 0.427050 21683 14
0.012467 0.987612 0.500856 0.505478 0.455148 21476 14
0.000614 0.990077 0.499620 0.503821 0.421819 22266 14
0.002986 0.997483 0.516948 0.520993 0.382213 21587 14
0.000642 0.993075 0.519404 0.523730 0.425139 21811 14
0.000159 0.992483 0.490857 0.495164 0.395801 22240 14
0.007266 0.998032 0.500875 0.504642 0.368426 21045 14
0.004137 0.998852 0.524069 0.527797 0.389741 22577 15
0.003272 0.982836 0.525717 0.528467 0.456674 23242 15
0.017468 0.999295 0.544144 0.548611 0.365886 22067 15
0.000131 0.999189 0.501040 0.504428 0.395219 22762 15
0.000338 0.997112 0.514813 0.518928 0.334807 21861 14
0.008330 0.999335 0.483380 0.488156 0.375142 21428 14
0.001109 0.987980 0.482027 0.485522 0.342685 21478 14
0.004208 0.993470 0.517586 0.521565 0.389442 21640 14
0.000841 0.992623 0.500518 0.504685 0.333529 21677 14
0.003294 0.999988 0.518762 0.522880 0.351359 20887 14
0.003447 0.999463 0.501704 0.506017 0.419905 21450 14
0.002905 0.976404 0.466773 0.470679 0.386557 21865 14
0.000128 0.999901 0.509853 0.513198 0.429666 23227 15
0.004123 0.990393 0.495481 0.499962 0.355247 21672 14
0.000981 0.999967 0.473643 0.478445 0.352502 21411 14
0.004146 0.992184 0.477613 0.481354 0.346977 21418 14
0.001873 0.999348 0.508567 0.513228 0.369483 21136 14
0.002162 0.997468 0.498942 0.503094 0.357485 21301 14
0.008436 0.999896 0.492174 0.495829 0.337952 21271 14
0.001176 0.989909 0.455664 0.460113 0.350117 20776 14
0.003525 0.997470 0.523756 0.528158 0.390636 21351 14
0.005786 0.997171 0.509025 0.513892 0.324555 19699 13
0.006161 0.999381 0.491661 0.496472 0.365538 21513 14
0.000896 0.995060 0.487477 0.491783 0.345025 21292 14
0.000290 0.987500 0.495324 0.499654 0.344000 21381 14
0.000705 0.998489 0.488049 0.492951 0.362039 20976 14
0.018824 0.996264 0.514679 0.517964 0.351855 21873 14
0.009974 0.997525 0.543496 0.548099 0.358788 21835 14
0.001765 0.998114 0.506466 0.510126 0.337251 21482 14
0.004733 0.996988 0.476928 0.481482 0.331381 20445 13
0.005278 0.999228 0.507873 0.512468 0.363753 22997 15
0.001279 0.999617 0.451593 0.455480 0.322154 21028 14
0.001418 0.988798 0.498687 0.503459 0.318383 20899 14
0.002104 0.991487 0.524009 0.528891 0.335173 21464 14
0.009815 0.996799 0.476128 0.480450 0.319991 21228 14
0.003937 0.998211 0.485328 0.488967 0.401368 23042 15
0.003071 0.997243 0.518321 0.522217 0.390003 22795 14
0.003008 0.999033 0.483698 0.488602 0.380857 21088 13
0.001888 0.998561 0.479130 0.482619 0.344142 23276 15
0.002776 0.995497 0.492293 0.495792 0.408915 23184 15
0.000058 0.994316 0.502333 0.506428 0.370140 22200 14
0.014306 0.997149 0.479954 0.483821 0.354059 23659 15
0.005331 0.999803 0.469247 0.473835 0.345616 21796 14
0.003157 0.997451 0.469277 0.473397 0.320815 22242 15
0.004354 0.998845 0.482781 0.487286 0.334800 22062 14
0.006308 0.980124 0.505965 0.509484 0.331400 21693 14
0.000638 0.996609 0.496839 0.500907 0.363857 22224 15
0.003393 0.970831 0.481389 0.486124 0.313600 20740 14
0.005497 0.999486 0.485785 0.489257 0.295583 20906 14
0.001527 0.996330 0.454474 0.458669 0.367726 20546 14
0.000791 0.999280 0.527273 0.531063 0.313163 21391 14
0.000571 0.997702 0.440472 0.445095 0.328812 21042 14
