0.000952 0.998867 0.477236 0.482135 0.884012 42503 14
0.001126 0.998092 0.504747 0.509040 1.106488 42891 14
0.000032 0.997867 0.503435 0.506838 1.114448 46350 15
0.001496 0.994926 0.469449 0.474246 1.414374 43104 14
0.000897 0.999764 0.494137 0.497604 0.992030 43622 14
0.000971 0.997385 0.483845 0.488242 0.909521 41733 14
0.003353 0.999850 0.467855 0.472274 1.011314 42771 14
0.002634 0.999425 0.477526 0.481974 1.276771 43059 14
0.005855 0.998530 0.528579 0.533335 1.154134 42274 14
0.001119 0.996175 0.506083 0.509730 1.010670 45044 15
0.003191 0.998894 0.506602 0.510128 1.111916 46009 15
0.002591 0.994174 0.473451 0.477622 1.062575 43418 14
0.000935 0.998414 0.498112 0.501989 1.114987 46748 15
0.000567 0.995147 0.486022 0.489975 1.225407 45257 15
0.001988 0.997719 0.497217 0.502058 1.049457 43511 14
0.001047 0.991101 0.486808 0.490433 1.083703 43825 14
0.003158 0.997141 0.484665 0.489225 1.044234 43845 14
0.000358 0.999631 0.480204 0.483815 1.121119 45688 15
0.006403 0.997611 0.514754 0.519327 1.454765 43040 14
0.002696 0.998954 0.478199 0.482468 1.512012 43012 14
0.003388 0.998806 0.500366 0.505306 1.434315 42593 14
0.001388 0.997228 0.492198 0.497151 1.276795 41673 14
0.001085 0.991814 0.479656 0.483890 1.468490 43311 14
0.000568 0.995565 0.508698 0.512692 1.505926 43267 14
0.003882 0.997370 0.500066 0.503212 1.390751 45441 15
0.005944 0.993603 0.493793 0.497378 1.515955 43357 14
0.000950 0.999387 0.530197 0.535033 1.532062 43355 14
0.007881 0.996761 0.489322 0.494151 1.193690 43120 14
0.006378 0.996878 0.505272 0.508645 1.667298 46680 15
0.016087 0.995517 0.507608 0.511393 1.718328 45603 15
0.002213 0.999741 0.481592 0.485372 1.631060 43654 14
0.001380 0.998556 0.485493 0.490438 1.649668 44890 14
0.003560 0.994821 0.509506 0.513255 1.553177 43037 14
0.004392 0.995524 0.492762 0.497306 1.351070 42590 14
0.000144 0.998718 0.494013 0.498470 1.523884 43701 14
0.001809 0.999913 0.511892 0.516496 1.663856 43035 14
0.006200 0.997986 0.499699 0.503768 1.339878 42930 14
0.002259 0.999099 0.509478 0.512699 1.603663 46465 15
0.004469 0.993987 0.505692 0.509439 1.540780 43257 14
0.004284 0.997887 0.500025 0.504434 1.707541 44028 14
0.000962 0.996047 0.488372 0.491544 1.437918 45527 15
0.000270 0.997760 0.474162 0.478738 1.443815 43610 14
0.000348 0.997408 0.507799 0.512306 1.358402 42738 14
0.000065 0.996415 0.515300 0.519055 1.389982 42679 14
0.000628 0.996994 0.488585 0.493085 1.253695 43057 14
0.000575 0.999049 0.487643 0.491846 1.412596 42302 14
0.002456 0.992323 0.506160 0.509821 1.538928 46312 15
0.004635 0.996877 0.488444 0.492186 1.484187 47518 15
0.004875 0.997452 0.490728 0.495651 1.335773 42254 14
0.001280 0.999576 0.503448 0.506807 1.649134 46877 15
0.000931 0.999099 0.520578 0.525505 1.414605 42642 14
0.001629 0.997248 0.501686 0.506445 1.803774 44967 15
0.000165 0.998502 0.512906 0.517405 1.860861 43791 14
0.001012 0.999159 0.497300 0.501013 2.368696 46837 15
0.001883 0.999005 0.514141 0.519092 2.071656 42704 14
0.001931 0.998128 0.494534 0.499127 2.052221 42053 14
0.000372 0.999580 0.481968 0.485829 1.896474 46169 15
0.000082 0.999683 0.499688 0.504627 1.816643 43322 14
0.001266 0.998459 0.503935 0.507892 1.830837 43045 14
0.001813 0.999134 0.514254 0.517929 1.716074 45847 15
0.000065 0.993596 0.487279 0.490836 1.559721 45372 15
0.005861 0.991026 0.495242 0.499025 1.251688 44472 14
0.003541 0.999064 0.491830 0.495197 1.123420 46347 15
0.009782 0.998651 0.537131 0.540468 1.074909 44170 14
0.001086 0.997796 0.500225 0.505041 0.978859 43182 14
0.001708 0.997659 0.479993 0.483572 1.082897 46462 15
0.005025 0.997388 0.481082 0.484487 1.090954 46546 15
0.001022 0.999047 0.492463 0.495467 1.071902 47326 15
0.001395 0.996340 0.502395 0.505535 1.041284 45998 15
0.000419 0.993816 0.517640 0.522464 1.000490 43587 14
0.001528 0.981758 0.486633 0.490023 1.055545 45537 15
0.003257 0.998627 0.511157 0.515631 1.007986 43137 14
0.002603 0.999972 0.500645 0.504897 1.024318 43207 14
0.000842 0.998854 0.509142 0.513950 1.053585 43997 14
0.004438 0.998407 0.496518 0.500781 1.058515 42691 14
0.003134 0.997576 0.466376 0.470807 1.119668 41366 14
0.002064 0.999772 0.469563 0.472950 1.473863 45583 15
0.006208 0.998088 0.509449 0.513217 1.372966 42781 14
0.000035 0.995473 0.518680 0.522070 1.352726 45994 15
0.002463 0.999441 0.515900 0.518990 1.385107 46572 15
0.002881 0.999724 0.518425 0.521877 1.663805 46087 15
0.003781 0.999479 0.535222 0.538806 1.477393 45988 15
0.003313 0.999530 0.490313 0.494800 1.419925 41624 14
0.001329 0.997652 0.494167 0.498636 1.116717 43347 14
0.010021 0.999871 0.499779 0.503784 0.998674 45774 15
0.000954 0.994301 0.505187 0.509332 0.927740 43013 14
0.003505 0.998242 0.499862 0.504567 0.977025 42994 14
0.002272 0.999461 0.475688 0.479852 1.006198 43394 14
0.003369 0.995587 0.477135 0.481758 1.007968 43520 14
0.001158 0.999139 0.497186 0.501549 1.164586 45281 15
0.000583 0.998345 0.489799 0.492819 1.447119 45814 15
0.004509 0.997248 0.490395 0.494934 1.103712 42323 14
0.002472 0.997737 0.508296 0.512793 1.039657 43269 14
0.001003 0.993829 0.472454 0.477203 1.243733 42255 14
0.001245 0.997442 0.481325 0.485783 1.366629 43586 14
0.000150 0.998220 0.463452 0.467277 1.493574 42518 14
0.006250 0.998392 0.497306 0.500866 1.681367 47226 15
0.001334 0.999073 0.495742 0.500393 1.378768 44326 14
0.000223 0.997318 0.496910 0.500948 1.421103 46344 15
0.000160 0.998384 0.487118 0.491435 1.404061 43840 14
