0.022669 0.795988 0.532985 0.537921 0.005376 1894 12
0.106839 0.990372 0.455665 0.459066 0.006881 1973 13
0.112676 0.961039 0.488147 0.491424 0.006558 1711 12
0.021680 0.929995 0.472103 0.475530 0.003000 1781 13
0.005515 0.984286 0.535278 0.539787 0.004042 1712 12
0.024942 0.859949 0.565771 0.570448 0.003000 1558 11
0.069324 0.994084 0.478113 0.481520 0.005956 2094 13
0.038711 0.986596 0.450276 0.454565 0.005038 2271 16
0.021537 0.899032 0.409519 0.414340 0.005009 2117 13
0.045234 0.942891 0.457085 0.462072 0.004055 1746 12
0.134266 0.970266 0.543891 0.548468 0.005000 1914 13
0.010575 0.993749 0.470018 0.474234 0.005293 2051 14
0.001717 0.900460 0.529837 0.533967 0.006048 1988 13
0.011688 0.954162 0.526856 0.529894 0.003878 1759 13
0.021782 0.902239 0.436585 0.440585 0.003875 1886 13
0.077941 0.914860 0.535289 0.538964 0.005999 1832 12
0.021984 0.940424 0.495749 0.500464 0.003940 1861 14
0.170446 0.888575 0.653655 0.657373 0.003629 1848 11
0.032207 0.953616 0.541550 0.545145 0.004121 2010 13
0.211751 0.990861 0.651003 0.655830 0.005596 1864 13
0.052833 0.770803 0.437494 0.442000 0.003552 1942 13
0.066529 0.993771 0.532402 0.536912 0.002983 1643 11
0.027467 0.983715 0.521138 0.525069 0.006542 2377 16
0.001753 0.889660 0.422401 0.426277 0.007187 1835 12
0.021641 0.965620 0.393999 0.397494 0.007681 2194 16
0.016067 0.937085 0.571166 0.575082 0.007255 1999 14
0.027092 0.976084 0.536013 0.539417 0.007999 2040 13
0.001442 0.973816 0.544006 0.548462 0.003999 1905 12
0.041520 0.996943 0.526964 0.531418 0.004992 1886 12
0.014348 0.982425 0.530894 0.535381 0.005987 1833 12
0.013535 0.991056 0.625959 0.629816 0.004039 1763 13
0.094266 0.855887 0.461385 0.466108 0.003856 1999 13
0.013147 0.913089 0.456284 0.459578 0.004005 2132 15
0.097587 0.980175 0.397085 0.400223 0.004259 1879 13
0.023601 0.997167 0.604738 0.608728 0.007143 2012 14
0.015241 0.991832 0.543579 0.548097 0.004553 2105 14
0.089750 0.963976 0.526051 0.529498 0.004004 1789 13
0.021595 0.968906 0.439071 0.443827 0.006139 1728 12
0.046723 0.988128 0.474004 0.478681 0.004201 1970 14
0.045978 0.969661 0.556998 0.561923 0.006999 1940 13
0.145602 0.915477 0.503156 0.506732 0.004159 2083 15
0.015357 0.960626 0.441513 0.445591 0.005961 1654 12
0.048451 0.989816 0.564316 0.568528 0.003266 1777 12
0.013334 0.942147 0.509093 0.513266 0.007964 2028 13
0.014785 0.938668 0.488068 0.492841 0.003981 1714 12
0.119393 0.955463 0.493663 0.497901 0.004000 1977 13
0.009141 0.978129 0.523204 0.527827 0.004678 1632 11
0.011395 0.981344 0.458376 0.463367 0.004128 1991 13
0.050964 0.943681 0.558939 0.562552 0.004535 1806 12
0.024007 0.958139 0.553982 0.558847 0.005713 1871 12
0.067712 0.956868 0.501017 0.505984 0.002961 1614 11
0.023640 0.967166 0.368509 0.372012 0.006086 1861 13
0.067848 0.952046 0.598094 0.602756 0.006031 1813 13
0.012869 0.923614 0.438680 0.442031 0.006016 1852 13
0.083676 0.980227 0.596244 0.600294 0.006000 2253 15
0.092872 0.999821 0.504961 0.508185 0.005929 1981 13
0.030981 0.932849 0.407325 0.411531 0.006339 1921 13
0.061011 0.966367 0.547516 0.552511 0.006315 1639 11
0.071977 0.963854 0.523267 0.528016 0.006918 2186 15
0.016254 0.995894 0.582816 0.587512 0.007036 1845 12
0.030029 0.936385 0.562852 0.567477 0.004162 1938 14
0.039103 0.992202 0.580643 0.584617 0.006823 1678 11
0.023980 0.999210 0.443633 0.447749 0.004199 1968 13
0.031190 0.997636 0.546934 0.550819 0.003522 1901 13
0.046844 0.967290 0.397147 0.401732 0.004848 2223 14
0.000034 0.950394 0.386307 0.390726 0.004040 1812 13
0.048011 0.987550 0.512460 0.516272 0.004004 1777 13
0.090102 0.943933 0.561769 0.566629 0.004005 1620 12
0.061904 0.994105 0.548380 0.552494 0.005168 2098 14
0.032929 0.971832 0.545814 0.550352 0.004611 1850 13
0.028363 0.964771 0.556758 0.560331 0.006445 1932 12
0.028315 0.941949 0.459185 0.463970 0.006617 1911 12
0.014603 0.877449 0.419451 0.422964 0.006579 1921 13
0.093220 0.996365 0.624861 0.629480 0.007107 1880 13
0.017500 0.967461 0.417804 0.420789 0.006332 2216 14
0.029221 0.861601 0.462429 0.466727 0.003227 1787 13
0.001026 0.960812 0.503813 0.507705 0.003990 2321 16
0.019309 0.843493 0.389976 0.393438 0.004280 1903 12
0.020939 0.691461 0.316959 0.321720 0.006020 1943 14
0.004452 0.995778 0.521862 0.526427 0.004020 1770 12
0.049264 0.929346 0.440012 0.444188 0.007054 1968 13
0.055863 0.931743 0.480595 0.484937 0.006042 1819 13
0.029218 0.994977 0.435357 0.439027 0.007418 2136 15
0.004222 0.941593 0.477076 0.480240 0.005001 2102 16
0.006706 0.996323 0.484384 0.488504 0.004082 1934 13
0.017552 0.996793 0.544451 0.547344 0.004004 1896 12
0.044219 0.840819 0.460700 0.465322 0.007514 1758 12
0.031229 0.856338 0.389711 0.394087 0.006983 2181 15
0.038805 0.927203 0.427966 0.432197 0.005896 1922 13
0.028625 0.963286 0.558770 0.562425 0.007977 2126 14
0.041979 0.916911 0.488842 0.493548 0.006731 1834 13
0.086447 0.993381 0.623680 0.628061 0.006917 1585 11
0.064982 0.929299 0.623293 0.627590 0.011116 1799 13
0.116507 0.937208 0.561983 0.566629 0.006523 1929 13
0.078482 0.982866 0.588898 0.593270 0.003990 1751 12
0.000700 0.880083 0.397356 0.401133 0.005324 1763 12
0.017965 0.941929 0.661300 0.665795 0.007032 1878 14
0.045890 0.926519 0.485423 0.489347 0.006260 1847 13
0.013641 0.961010 0.498101 0.503008 0.006452 1678 12
0.006789 0.885588 0.401367 0.405867 0.006972 1948 13
