0.000101 0.999986 0.501940 0.506020 252.680339 576427 15
0.000037 0.999761 0.493443 0.497858 251.808518 578070 15
0.000539 0.999958 0.503379 0.507360 254.014878 575562 15
0.000073 0.999935 0.496872 0.500809 256.269616 576298 15
0.000180 0.999650 0.497736 0.501698 246.542437 578564 15
0.000016 0.999942 0.496459 0.500324 254.712155 579827 15
0.000311 0.999796 0.500848 0.505200 251.111364 577646 15
0.000267 0.999740 0.491725 0.495667 254.896508 581043 15
0.000774 0.999929 0.493754 0.498415 246.027676 574783 15
0.000449 0.999888 0.500308 0.504367 254.942240 577256 15
0.000196 0.999995 0.480990 0.485138 249.584855 576013 15
0.000216 0.999976 0.507170 0.510887 260.246100 576168 15
0.000204 0.999914 0.500266 0.503997 262.537654 580070 15
0.000162 0.999940 0.491457 0.495475 252.442664 576147 15
0.000092 0.999981 0.500829 0.504698 255.275892 579419 15
0.000043 0.999672 0.494676 0.498381 256.473258 583345 15
0.000016 0.999979 0.502394 0.506237 254.890118 580408 15
0.000303 0.999948 0.497316 0.501419 253.220608 573799 15
0.000037 0.999894 0.504712 0.508433 253.212021 580343 15
0.000242 0.999872 0.488367 0.493148 244.385332 538476 14
0.000066 0.999806 0.499719 0.504026 260.496530 583734 15
0.000712 0.999922 0.500849 0.505044 241.565059 575234 15
0.000318 0.999893 0.499068 0.503041 252.507770 580246 15
0.000004 0.999928 0.490968 0.494797 260.331096 579746 15
0.000016 0.999864 0.496207 0.500099 250.673779 575444 15
0.000219 0.999244 0.496587 0.500395 204.378864 578841 15
0.000396 0.999493 0.498522 0.502410 148.300447 578792 15
0.000054 0.999998 0.491000 0.495017 152.631415 582980 15
0.000059 0.999728 0.503551 0.507386 149.974076 575553 15
0.000142 0.999481 0.491016 0.494781 151.596042 579767 15
0.000189 0.999983 0.496725 0.500634 150.981044 578489 15
0.000254 0.999722 0.502651 0.506617 151.213060 578356 15
0.000000 0.999503 0.497648 0.501380 165.730147 581881 15
0.000275 0.999674 0.494073 0.497698 238.951889 580821 15
0.000077 0.999962 0.497213 0.501289 247.201075 574939 15
0.000082 0.999734 0.494218 0.498050 237.985085 579561 15
0.000111 0.999958 0.502828 0.506657 251.498995 580266 15
0.000230 0.999919 0.498787 0.502801 242.583045 580054 15
0.000109 0.999783 0.499237 0.503341 232.563053 579371 15
0.000007 0.999893 0.494849 0.498897 238.472899 578064 15
0.000176 0.999624 0.499355 0.504074 248.149281 574054 15
0.000070 0.999834 0.489462 0.493710 241.983147 578920 15
0.000409 0.999903 0.501283 0.505075 238.753730 574137 15
0.000154 0.999791 0.497064 0.501122 227.175003 577474 15
0.000136 0.999729 0.498551 0.502439 230.629996 579127 15
0.000008 0.999869 0.498778 0.502669 233.595239 583307 15
0.000272 0.999690 0.498444 0.502562 231.503593 580162 15
0.000034 0.999858 0.497951 0.502332 239.008285 581137 15
0.000626 0.999866 0.500132 0.503876 224.560982 576900 15
0.000065 0.999702 0.498700 0.502949 226.497998 578179 15
0.000096 0.999424 0.500234 0.504194 237.978952 578171 15
0.000178 0.999993 0.490566 0.494543 230.220014 581291 15
0.000086 0.999947 0.495808 0.499621 238.712068 576044 15
0.000095 0.999693 0.494237 0.498141 232.809935 581105 15
0.000157 0.999629 0.500140 0.503891 228.361725 574850 15
0.000976 0.999958 0.499687 0.504190 231.772701 579648 15
0.000080 0.999864 0.496024 0.500081 230.141005 577644 15
0.000148 0.999929 0.494594 0.498006 234.104355 580421 15
0.000243 0.999741 0.502154 0.505813 247.402085 574155 15
0.000008 0.999929 0.497203 0.501078 245.421000 582134 15
0.000311 0.999504 0.507469 0.511635 241.040461 581087 15
0.000694 0.999807 0.497594 0.501553 240.212847 579846 15
0.000291 0.999964 0.495197 0.499079 237.350579 577364 15
0.000256 0.999799 0.500026 0.503480 218.612725 582227 15
0.000127 0.999768 0.504159 0.507852 163.791221 576370 15
0.000229 0.999991 0.492037 0.496054 161.002155 575620 15
0.000509 0.999846 0.499774 0.504548 163.678756 574205 15
0.000498 0.999623 0.497296 0.501436 161.733064 577413 15
0.000380 0.999762 0.498598 0.502428 160.550001 573558 15
0.000000 0.999756 0.497718 0.501585 168.703238 582569 15
0.000096 0.999934 0.492462 0.496487 161.512510 577582 15
0.000741 0.999866 0.494038 0.497899 162.180056 578875 15
0.000126 0.999436 0.489589 0.493401 161.253673 577214 15
0.000059 0.999806 0.491999 0.496595 161.363656 578112 15
0.000298 0.999729 0.498126 0.502429 162.690001 581186 15
0.000090 0.999566 0.493188 0.497029 160.981945 574797 15
0.000224 0.999914 0.495763 0.499718 162.489016 580844 15
0.000296 0.999661 0.497860 0.502268 161.611607 577373 15
0.000071 0.999924 0.502595 0.506598 162.048053 577510 15
0.000378 0.999728 0.501490 0.505625 161.368215 576172 15
0.000182 1.000000 0.490049 0.494615 167.901888 578230 15
0.000299 0.999870 0.497502 0.501318 160.789654 578538 15
0.000143 0.999984 0.502252 0.506335 160.223015 570430 15
0.000240 0.999741 0.500409 0.505006 161.812975 577863 15
0.000065 0.999730 0.501763 0.505435 161.654439 576879 15
0.000351 0.999329 0.505825 0.509866 161.564002 576682 15
0.000049 0.999709 0.498608 0.502172 161.692001 578147 15
0.000116 0.999971 0.503751 0.507309 162.325208 579506 15
0.000080 0.999992 0.497447 0.501178 162.420289 579311 15
0.000094 0.999560 0.502720 0.506860 161.333956 575503 15
0.000491 0.999658 0.500673 0.504799 162.685018 580013 15
0.000050 0.999963 0.498868 0.502759 168.967945 578058 15
0.000241 0.999712 0.507222 0.510885 163.734127 583759 15
0.000219 0.999720 0.499271 0.502778 163.380945 584893 15
0.000233 0.999697 0.495043 0.498763 160.242268 572594 15
0.000016 0.999772 0.502165 0.506590 160.913685 575534 15
0.000042 0.999724 0.494056 0.497928 161.664003 577385 15
0.000211 0.999942 0.500222 0.504024 161.428946 576999 15
0.000073 0.999878 0.490691 0.495162 161.641742 577890 15
0.000376 0.999993 0.500902 0.504848 160.328218 573799 15
