0.097249 0.964408 0.431308 0.434755 0.002000 909 13
0.019616 0.961663 0.549358 0.553074 0.002003 909 13
0.127030 0.847058 0.414710 0.418164 0.000998 838 12
0.044081 0.969868 0.406892 0.410478 0.002197 835 12
0.007171 0.761079 0.318644 0.322950 0.001026 905 13
0.108111 0.996686 0.548267 0.552009 0.001883 906 13
0.172137 0.726375 0.456797 0.461230 0.001989 628 9
0.039748 0.768376 0.400321 0.404065 0.001997 833 12
0.079523 0.864470 0.482371 0.486337 0.001057 836 12
0.007592 0.958539 0.470597 0.474003 0.001450 837 12
0.078955 0.940972 0.586983 0.591280 0.001830 834 12
0.066973 0.909442 0.501660 0.505327 0.002005 760 11
0.041805 0.867181 0.444559 0.449307 0.001662 975 14
0.006721 0.960967 0.454097 0.458673 0.001000 905 13
0.194512 0.654795 0.497341 0.500775 0.000775 627 9
0.008783 0.960197 0.577639 0.581197 0.002008 909 13
0.055656 0.828163 0.469677 0.474352 0.001979 768 11
0.086711 0.941547 0.610435 0.614368 0.001998 975 14
0.012732 0.833897 0.253638 0.258446 0.001996 766 11
0.233453 0.992557 0.521485 0.526447 0.001962 769 11
0.164355 0.890003 0.591631 0.596168 0.001997 768 11
0.016958 0.998709 0.632506 0.635416 0.001939 895 13
0.184407 0.864136 0.592250 0.596520 0.002027 839 12
0.067535 0.891437 0.420759 0.424927 0.001852 840 12
0.049034 0.744121 0.383528 0.388267 0.000751 835 12
0.250547 0.973640 0.483279 0.488234 0.001007 769 11
0.214139 0.920783 0.557856 0.561875 0.002069 762 11
0.137247 0.809313 0.412494 0.417059 0.002043 979 14
0.247677 0.947749 0.501602 0.505235 0.001998 762 11
0.056310 0.873863 0.414543 0.417342 0.002378 769 11
0.305620 0.932894 0.595537 0.599266 0.001626 769 11
0.051012 0.857237 0.452411 0.456564 0.001005 768 11
0.031685 0.996134 0.559415 0.563757 0.001998 837 12
0.008399 0.996825 0.493901 0.498771 0.001000 763 11
0.038088 0.976291 0.512642 0.517066 0.002010 700 10
0.038842 0.837265 0.513121 0.517419 0.001493 770 11
0.085491 0.956296 0.485984 0.490622 0.002001 834 12
0.044481 0.891314 0.368440 0.372527 0.002376 839 12
0.183520 0.933781 0.601042 0.604404 0.000851 694 10
0.065326 0.955711 0.405827 0.408972 0.002001 838 12
0.054213 0.982193 0.541878 0.545875 0.001323 769 11
0.038800 0.885144 0.463947 0.467861 0.003260 831 12
0.015198 0.828893 0.403433 0.406734 0.002000 769 11
0.215723 0.762042 0.401243 0.405348 0.001533 696 10
0.100142 0.713059 0.476725 0.481571 0.001987 769 11
0.291573 0.928149 0.628889 0.633170 0.000997 827 12
0.073904 0.883171 0.484606 0.489422 0.002002 768 11
0.019690 0.991664 0.428511 0.432662 0.001021 834 12
0.031190 0.916524 0.500012 0.503640 0.000999 910 13
0.009696 0.926127 0.397431 0.401352 0.002004 765 11
0.010036 0.914285 0.513813 0.518593 0.000633 765 11
0.083414 0.917773 0.490677 0.494748 0.002036 838 12
0.211397 0.907262 0.486154 0.490276 0.000998 697 10
0.208265 0.991803 0.626855 0.630672 0.002000 836 12
0.058770 0.925298 0.535894 0.540766 0.002177 630 9
0.011836 0.964889 0.548943 0.552895 0.001841 830 12
0.070717 0.821250 0.448313 0.451277 0.001366 907 13
0.056770 0.976786 0.616245 0.619111 0.001001 768 11
0.026668 0.943967 0.547113 0.550764 0.001998 760 11
0.273555 0.902861 0.572793 0.577354 0.003004 909 13
0.037162 0.874991 0.423805 0.428089 0.002033 837 12
0.029560 0.991819 0.516668 0.521209 0.001997 1049 15
0.056913 0.866153 0.642710 0.646315 0.002000 765 11
0.149099 0.971767 0.588173 0.591474 0.000999 769 11
0.111795 0.983164 0.622491 0.626942 0.002954 835 12
0.020061 0.969822 0.432098 0.435390 0.001879 769 11
0.001850 0.981852 0.384662 0.387962 0.000758 767 11
0.209772 0.891173 0.547781 0.551497 0.001001 834 12
0.032985 0.952744 0.426712 0.430655 0.001927 769 11
0.037312 0.886750 0.618365 0.621597 0.001002 762 11
0.091350 0.964969 0.539689 0.544627 0.001000 900 13
0.121873 0.842884 0.531588 0.535482 0.001001 836 12
0.064660 0.933355 0.499001 0.502571 0.003000 905 13
0.116691 0.980428 0.618109 0.621458 0.002007 833 12
0.098093 0.967529 0.561229 0.565048 0.001998 906 13
0.147928 0.875557 0.464997 0.469122 0.001934 840 12
0.103719 0.908613 0.509203 0.513785 0.000550 697 10
0.024911 0.921637 0.446868 0.451188 0.001970 900 13
0.061211 0.977593 0.504381 0.509006 0.002032 769 11
0.118070 0.971168 0.588596 0.592173 0.002274 906 13
0.227523 0.997066 0.663711 0.667013 0.001999 766 11
0.033069 0.810107 0.430431 0.434751 0.001000 695 10
0.279907 0.994257 0.753089 0.758002 0.001999 769 11
0.014047 0.879313 0.358239 0.362169 0.001001 835 12
0.079098 0.995309 0.624295 0.627445 0.001127 832 12
0.000737 0.938605 0.348767 0.352114 0.000895 766 11
0.003295 0.868966 0.357130 0.360614 0.000993 830 12
0.006545 0.984578 0.587316 0.590833 0.001001 839 12
0.199653 0.858726 0.437609 0.442135 0.001915 767 11
0.022658 0.916387 0.516754 0.521306 0.001000 831 12
0.034648 0.894644 0.413586 0.417839 0.001162 759 11
0.033725 0.982401 0.504468 0.507098 0.001002 690 10
0.006192 0.837585 0.372515 0.375877 0.001793 831 12
0.143619 0.998633 0.656616 0.661544 0.001000 839 12
0.017852 0.944064 0.286648 0.291287 0.001727 767 11
0.033503 0.969269 0.421242 0.424240 0.001998 834 12
0.056288 0.897291 0.383506 0.386876 0.002859 840 12
0.122059 0.995714 0.579078 0.582921 0.001025 833 12
0.268600 0.982480 0.643927 0.647313 0.001999 766 11
0.159968 0.896238 0.568880 0.573804 0.002001 766 11
