0.026003 0.985993 0.525647 0.529311 0.023350 5093 13
0.004310 0.996566 0.530813 0.534443 0.019889 5400 14
0.005341 0.967502 0.430554 0.435343 0.029464 5014 12
0.062786 0.978623 0.521629 0.525071 0.025635 5645 14
0.019162 0.915112 0.462396 0.466841 0.029384 5548 15
0.030720 0.995305 0.532915 0.536664 0.026181 5129 13
0.007379 0.939890 0.477144 0.481621 0.018424 4951 13
0.019100 0.995644 0.492039 0.496561 0.020814 4817 13
0.023443 0.986210 0.557272 0.561986 0.029650 4916 13
0.008587 0.970093 0.416585 0.421067 0.018963 4816 13
0.000408 0.995049 0.495439 0.498691 0.026766 5111 13
0.010450 0.998795 0.507598 0.511534 0.018935 4892 13
0.006942 0.986869 0.560842 0.565438 0.022083 5498 14
0.008929 0.998081 0.503523 0.507276 0.028666 5718 15
0.003183 0.988367 0.516432 0.520676 0.022133 4897 13
0.022108 0.983235 0.477340 0.480612 0.032928 4868 14
0.005696 0.967332 0.459924 0.464674 0.030199 4806 13
0.014041 0.992619 0.491195 0.495208 0.032772 4835 13
0.016218 0.981423 0.467100 0.471641 0.022195 5368 14
0.008524 0.979231 0.448822 0.453040 0.032925 5343 13
0.047710 0.995150 0.513986 0.517737 0.035276 5116 13
0.003993 0.970472 0.438618 0.443454 0.024560 4954 13
0.001754 0.983323 0.516732 0.521293 0.035417 5289 14
0.003973 0.985014 0.556489 0.560418 0.026525 4927 13
0.003625 0.994278 0.469904 0.474827 0.024873 4944 13
0.015858 0.987657 0.437936 0.442785 0.023729 5018 13
0.040844 0.999183 0.537416 0.542254 0.020029 4625 13
0.036730 0.996441 0.521967 0.525962 0.025381 5156 14
0.007200 0.980787 0.466492 0.471296 0.023651 4491 13
0.013710 0.999680 0.428893 0.433759 0.022938 5122 14
0.001952 0.983394 0.478526 0.482766 0.034815 4923 13
0.001442 0.977915 0.528720 0.531351 0.031126 4560 12
0.019216 0.998238 0.508142 0.512282 0.029866 5249 14
0.037185 0.995304 0.508839 0.513249 0.021622 5068 13
0.008036 0.986357 0.568084 0.571933 0.023313 4434 13
0.003685 0.983520 0.404375 0.408595 0.020907 4703 13
0.002969 0.969302 0.470892 0.475763 0.043722 4753 12
0.026391 0.999051 0.485887 0.490435 0.049355 5438 14
0.000526 0.985609 0.562521 0.566393 0.035017 4888 13
0.011771 0.944434 0.498577 0.502514 0.023554 4392 12
0.003498 0.990468 0.515849 0.520138 0.035414 5044 13
0.006766 0.955814 0.509852 0.514821 0.037722 5499 15
0.035690 0.986781 0.529461 0.533802 0.097862 4836 12
0.006901 0.990937 0.502878 0.506492 0.055062 5468 14
0.123139 0.998261 0.494404 0.497275 0.048579 6075 15
0.018555 0.992118 0.489417 0.493191 0.043349 5024 14
0.000050 0.993255 0.355679 0.359366 0.038594 4802 12
0.088831 0.981137 0.560118 0.565035 0.038916 5367 13
0.020522 0.982363 0.547181 0.551113 0.041252 5667 14
0.013425 0.950152 0.464044 0.467902 0.039699 5609 15
0.004888 0.994532 0.489889 0.493878 0.030881 5155 14
0.041984 0.990367 0.512896 0.517044 0.035826 5147 14
0.001367 0.990058 0.434547 0.437987 0.030861 4555 13
0.000001 0.986110 0.435425 0.438522 0.043375 5574 15
0.006274 0.981712 0.462480 0.465515 0.037003 6151 15
0.005594 0.987974 0.469301 0.472807 0.022977 4820 13
0.006693 0.995112 0.542483 0.547293 0.031578 4905 13
0.002652 0.988616 0.552630 0.557339 0.031578 5767 15
0.009657 0.949393 0.503162 0.507001 0.035023 5108 14
0.011044 0.983849 0.508441 0.512454 0.031345 5408 14
0.054408 0.957697 0.443803 0.447905 0.027766 5442 14
0.001159 0.983677 0.470590 0.475009 0.034223 5500 14
0.041127 0.969452 0.491977 0.495970 0.040843 5254 14
0.002937 0.980861 0.405726 0.410701 0.036311 4537 12
0.005947 0.955354 0.489321 0.493854 0.030427 4520 13
0.016288 0.996627 0.531450 0.534753 0.027214 5004 13
0.007865 0.999919 0.484815 0.488254 0.027426 4677 13
0.013415 0.998540 0.444047 0.446848 0.037772 5212 14
0.009915 0.993703 0.511280 0.514436 0.032332 4818 13
0.005178 0.985503 0.533713 0.538455 0.029012 4940 13
0.015441 0.989948 0.488805 0.492968 0.035227 4845 13
0.011351 0.951639 0.497605 0.502494 0.024568 4953 13
0.018535 0.977585 0.485954 0.489931 0.030375 5536 15
0.003379 0.984642 0.568631 0.572406 0.031774 4996 13
0.017111 0.975205 0.431053 0.434495 0.033811 4692 13
0.004062 0.939417 0.438727 0.443228 0.028822 4785 13
0.004106 0.981041 0.357173 0.360626 0.038684 5159 14
0.015058 0.980568 0.491163 0.494894 0.045756 5580 14
0.011127 0.993517 0.491814 0.496648 0.049731 5038 14
0.027967 0.997451 0.445213 0.449744 0.024930 4661 13
0.050670 0.941736 0.469881 0.474158 0.043460 5536 15
0.002478 0.994393 0.502351 0.505818 0.029130 4894 13
0.022847 0.987852 0.538138 0.542158 0.030306 5289 13
0.001723 0.959446 0.461364 0.465301 0.035836 5322 14
0.008336 0.996809 0.509164 0.512338 0.036838 5448 14
0.020380 0.986025 0.483516 0.487097 0.042574 4790 13
0.036229 0.998259 0.486303 0.490869 0.032115 4774 13
0.009646 0.963198 0.489522 0.492829 0.042288 5249 14
0.003279 0.984807 0.522588 0.526239 0.036619 4978 13
0.027986 0.963199 0.454641 0.458710 0.028661 4743 13
0.095481 0.991186 0.512242 0.516030 0.029666 5871 15
0.009535 0.995210 0.485898 0.490195 0.032492 5242 14
0.018843 0.945525 0.511721 0.516162 0.046745 4835 13
0.008551 0.994426 0.436375 0.439775 0.122154 4945 14
0.022823 0.991827 0.548826 0.553367 0.045771 5544 14
0.001945 0.976763 0.487632 0.492586 0.036483 4913 13
0.033753 0.987347 0.480788 0.484882 0.033631 5432 14
0.024401 0.989486 0.459100 0.463931 0.034455 4935 13
0.065178 0.995554 0.495699 0.500423 0.035841 4903 13
0.008427 0.991809 0.500529 0.503715 0.039413 5238 14
