0.000269 0.999986 0.503619 0.507411 145.897217 465686 15
0.000870 0.999691 0.497337 0.501791 156.651843 459757 15
0.000659 0.999848 0.495492 0.499166 163.797030 460064 15
0.000127 0.999327 0.489550 0.493162 160.063236 467072 15
0.000344 0.999433 0.491799 0.495445 158.318689 465097 15
0.000219 0.999772 0.503748 0.507835 160.647040 459697 15
0.000521 0.999977 0.496672 0.500476 168.745939 462703 15
0.000227 0.999998 0.493660 0.497196 163.054368 460729 15
0.000298 0.999299 0.496892 0.500813 162.118924 461134 15
0.000269 0.999707 0.493930 0.498831 149.459604 430541 14
0.000208 0.999963 0.491849 0.495621 161.176612 456772 15
0.000083 0.999993 0.492475 0.496318 160.904655 461637 15
0.000508 0.999971 0.501150 0.504858 165.607183 461546 15
0.000761 0.999759 0.503940 0.507864 163.963204 465405 15
0.000113 0.999946 0.500875 0.504697 166.041892 464007 15
0.000010 0.999963 0.493807 0.498424 154.290393 460804 15
0.000038 0.999744 0.496083 0.500135 164.819246 462378 15
0.000020 0.999754 0.498270 0.501957 160.070997 461223 15
0.000076 0.999989 0.500960 0.505335 159.324476 459690 15
0.000061 0.999914 0.498564 0.502363 167.217207 463991 15
0.000154 0.999858 0.503538 0.507127 160.793144 461881 15
0.000396 0.999520 0.493033 0.496711 163.110152 461001 15
0.000673 0.999509 0.500871 0.504963 158.281998 462795 15
0.000146 0.999816 0.488856 0.493199 166.986964 464633 15
0.000355 0.999568 0.506706 0.511024 155.139510 463626 15
0.000105 0.999843 0.493405 0.497019 162.749811 463722 15
0.000280 0.999745 0.507339 0.511233 164.052655 463863 15
0.000094 0.999713 0.495307 0.499234 158.498795 463903 15
0.000209 0.999880 0.499962 0.503726 161.988587 463299 15
0.000045 0.999790 0.506511 0.509971 156.823567 460673 15
0.000118 0.999630 0.493710 0.497502 170.447337 463401 15
0.000003 0.999706 0.503339 0.506940 157.230685 462604 15
0.000681 0.999677 0.503606 0.507268 165.957981 462101 15
0.000164 0.998683 0.496477 0.500123 168.632313 464256 15
0.000135 0.999965 0.497666 0.501295 168.902171 465441 15
0.000562 0.999886 0.502947 0.506612 164.378374 462779 15
0.000058 0.999938 0.497648 0.501922 162.263011 464260 15
0.000040 0.999838 0.499369 0.503176 171.640088 460930 15
0.000092 0.999634 0.492504 0.496168 162.310567 464261 15
0.000277 0.999822 0.497811 0.501762 161.766420 463777 15
0.000609 0.999893 0.492844 0.497403 94.684054 460952 15
0.000006 0.999956 0.503368 0.507451 96.398353 463305 15
0.000212 0.999807 0.495879 0.499917 97.463998 461705 15
0.000085 0.999609 0.501049 0.505078 97.039667 463184 15
0.000452 0.999714 0.496963 0.500344 96.057889 463277 15
0.000474 0.999795 0.495139 0.498950 96.541354 459965 15
0.000240 0.999670 0.503568 0.507328 95.306797 461454 15
0.000135 0.999822 0.499581 0.503061 95.493400 462472 15
0.000233 0.999627 0.494692 0.498755 96.359577 463242 15
0.000233 0.999860 0.503454 0.507379 97.092756 465264 15
0.000121 0.999681 0.495102 0.498626 96.301269 462204 15
0.000279 0.999553 0.493391 0.496151 138.402430 493217 16
0.001033 0.999535 0.504876 0.508858 151.153862 462915 15
0.000081 0.999939 0.497129 0.500931 154.363144 459725 15
0.000274 0.999645 0.492325 0.496268 152.736725 464831 15
0.000092 0.999804 0.498430 0.502235 148.281276 463040 15
0.000210 0.999909 0.498794 0.503417 156.067997 460813 15
0.000590 0.999960 0.496879 0.500982 160.712944 463690 15
0.000170 0.999687 0.505469 0.509474 154.539176 464810 15
0.000019 0.999549 0.489032 0.493100 154.916997 466578 15
0.000063 0.999863 0.499503 0.503144 148.313054 461742 15
0.000057 0.999901 0.503515 0.507248 151.040790 464507 15
0.000054 0.999740 0.502082 0.505426 158.432665 463444 15
0.000248 0.999830 0.501994 0.506139 158.040930 459521 15
0.000001 0.999683 0.498316 0.502245 149.981362 457586 15
0.000005 0.999913 0.495255 0.499178 157.581755 460633 15
0.000021 0.999693 0.500684 0.504690 155.436540 458793 15
0.000261 0.999966 0.501756 0.505331 146.452136 462641 15
0.000363 0.999993 0.498640 0.502929 146.068999 465826 15
0.000499 0.999892 0.493627 0.497546 149.294946 466791 15
0.000332 0.999430 0.497115 0.501274 142.820306 460572 15
0.000042 0.999025 0.498234 0.502614 150.537999 464315 15
0.000072 0.999663 0.496013 0.500433 139.131000 456864 15
0.000110 0.999687 0.496472 0.500195 158.140312 460768 15
0.000122 0.999782 0.504332 0.507871 145.666676 463432 15
0.000315 0.999258 0.502021 0.505862 146.715944 462190 15
0.000010 0.999454 0.499285 0.503180 148.640949 462888 15
0.000022 0.999863 0.500607 0.504476 141.375052 465253 15
0.000103 0.999753 0.492668 0.496854 148.877383 464204 15
0.000284 0.999860 0.501006 0.504997 152.521349 464149 15
0.000495 0.999710 0.497788 0.501907 146.530003 462559 15
0.000025 0.999780 0.503918 0.507269 155.969182 461505 15
0.000112 0.999729 0.490943 0.495121 148.950034 462881 15
0.000145 0.999936 0.489795 0.493950 147.860011 466140 15
0.000281 0.999757 0.494183 0.498235 145.782001 466920 15
0.000369 0.999845 0.500318 0.504722 143.133786 459718 15
0.000461 0.999187 0.499650 0.503543 146.697492 461304 15
0.000475 0.999953 0.499590 0.502977 149.519001 463325 15
0.000267 0.999924 0.500026 0.503787 144.937999 466137 15
0.000044 0.999474 0.505513 0.509143 150.563000 463793 15
0.000089 0.999639 0.503930 0.507627 147.350710 466450 15
0.000118 0.999886 0.492565 0.496356 159.520192 462721 15
0.000128 0.999997 0.502964 0.506971 158.053000 457652 15
0.000222 0.999575 0.496606 0.500490 153.254998 464153 15
0.000028 0.999589 0.501421 0.505240 155.270460 462012 15
0.000044 0.999505 0.498625 0.502255 146.568000 461079 15
0.000352 0.999748 0.490830 0.494848 155.371057 462969 15
0.000074 0.999820 0.497206 0.501452 147.465141 464774 15
0.000365 0.999949 0.503058 0.506990 153.979575 462078 15
0.000181 0.999923 0.485666 0.489734 149.087319 462594 15
