0.002439 0.986700 0.435347 0.439915 0.010855 3685 13
0.005144 0.958408 0.541106 0.544301 0.015234 3851 14
0.045861 0.916644 0.488217 0.492384 0.021124 3807 13
0.024089 0.970532 0.492019 0.496803 0.015137 4125 13
0.005866 0.983150 0.434901 0.439707 0.014039 3695 12
0.037553 0.971015 0.500249 0.503820 0.012998 4324 14
0.016874 0.980027 0.470979 0.475914 0.014365 4233 14
0.002576 0.980156 0.447664 0.450273 0.017882 4053 13
0.063580 0.980620 0.475197 0.479493 0.010528 3532 12
0.031921 0.989222 0.474297 0.478479 0.014747 4395 14
0.029972 0.991594 0.624229 0.629219 0.013056 4074 13
0.004962 0.902812 0.478202 0.482886 0.013195 3752 13
0.006526 0.977416 0.440540 0.444122 0.010690 3873 13
0.021402 0.987500 0.499755 0.503853 0.011874 3453 14
0.003304 0.984627 0.505042 0.508544 0.014994 3912 14
0.008329 0.962838 0.465099 0.469442 0.020361 3623 12
0.078248 0.939425 0.500619 0.504273 0.012079 3937 12
0.003384 0.984549 0.438155 0.442117 0.017275 4245 14
0.011212 0.977126 0.479874 0.483636 0.013884 4233 13
0.006339 0.992881 0.525601 0.528659 0.013109 4663 15
0.014377 0.908795 0.446630 0.450838 0.017444 3986 14
0.033121 0.988949 0.502678 0.506714 0.015578 4461 15
0.044019 0.979195 0.472568 0.477170 0.017647 4015 14
0.000173 0.994346 0.519213 0.523163 0.012155 3951 14
0.059902 0.992604 0.517893 0.522135 0.011030 3902 14
0.007963 0.980534 0.435456 0.439323 0.014076 4205 14
0.020594 0.999004 0.605390 0.609475 0.020963 4439 15
0.011196 0.999205 0.449256 0.452863 0.012871 3806 14
0.021154 0.998727 0.443449 0.448306 0.014107 3508 12
0.005250 0.905830 0.469610 0.473134 0.019285 4216 14
0.012009 0.998151 0.497932 0.501667 0.022863 4209 14
0.012424 0.967093 0.541035 0.544611 0.020715 3738 13
0.053825 0.993642 0.576743 0.581414 0.022622 3928 13
0.003857 0.988593 0.474849 0.479417 0.025689 4205 15
0.030764 0.934933 0.511621 0.516514 0.037992 3420 11
0.006496 0.987378 0.594483 0.598837 0.018107 3881 13
0.009016 0.992914 0.466303 0.470327 0.018358 3601 12
0.018396 0.959587 0.428162 0.431337 0.018747 4528 15
0.018481 0.937171 0.520545 0.524947 0.017793 4116 15
0.028316 0.935643 0.497634 0.501787 0.012105 3694 12
0.010632 0.984415 0.443757 0.447938 0.012938 3813 13
0.012412 0.985862 0.596235 0.601229 0.025678 4449 14
0.000000 0.961802 0.529666 0.532397 0.018098 4458 14
0.014266 0.970343 0.464602 0.469357 0.014085 3698 12
0.017559 0.968956 0.481216 0.485614 0.015464 3420 12
0.002051 0.992824 0.494867 0.499723 0.018218 3672 12
0.006493 0.974484 0.544613 0.548858 0.013046 4037 14
0.037897 0.986526 0.527580 0.531188 0.013941 4149 14
0.001291 0.996316 0.526274 0.531234 0.012160 3443 11
0.005656 0.981747 0.482099 0.486008 0.021111 3750 13
0.048246 0.994492 0.481785 0.486712 0.016906 4876 17
0.010936 0.995491 0.505537 0.510039 0.035130 4228 14
0.099242 0.967512 0.533227 0.536906 0.034973 3729 13
0.017670 0.998348 0.441841 0.445310 0.018255 4698 15
0.040944 0.969204 0.576164 0.581093 0.016960 4170 14
0.012042 0.957649 0.479974 0.483101 0.025582 4013 13
0.016191 0.989958 0.466265 0.471108 0.021390 3839 13
0.012241 0.974808 0.504636 0.509377 0.018029 3564 12
0.048125 0.975635 0.569326 0.573998 0.026644 3864 13
0.019880 0.992225 0.451836 0.455766 0.053914 4015 13
0.036127 0.999385 0.514646 0.518908 0.042814 4175 14
0.001076 0.980864 0.503271 0.506227 0.030225 4429 14
0.003924 0.992525 0.481554 0.485835 0.028167 3849 13
0.013864 0.990090 0.494953 0.499275 0.038135 4136 15
0.055462 0.998674 0.539236 0.543916 0.033047 3923 14
0.003931 0.985590 0.513778 0.517161 0.027022 4034 14
0.003461 0.954394 0.460971 0.464984 0.030441 4185 14
0.024757 0.997605 0.520516 0.523727 0.024572 4211 14
0.017970 0.994253 0.480773 0.485188 0.025605 3631 13
0.034133 0.999781 0.521495 0.525413 0.027014 4160 13
0.005361 0.989712 0.490384 0.495008 0.029918 3921 13
0.021007 0.985175 0.528285 0.533083 0.026088 3692 12
0.023215 0.990331 0.516805 0.521237 0.050404 4408 15
0.005321 0.988114 0.588600 0.592042 0.030474 4078 13
0.030568 0.934568 0.476901 0.481346 0.026293 3700 12
0.073634 0.988477 0.633879 0.638856 0.015186 3707 12
0.026755 0.871027 0.452405 0.456473 0.023510 3735 13
0.019962 0.989199 0.535027 0.538223 0.030907 4269 15
0.040735 0.958633 0.516470 0.520408 0.040381 4348 14
0.027864 0.993430 0.506743 0.511006 0.019005 3977 14
0.020452 0.993751 0.446984 0.451711 0.023204 4336 14
0.032646 0.920357 0.420518 0.425096 0.014477 3881 12
0.048959 0.962095 0.471251 0.475428 0.017798 4164 13
0.000061 0.998602 0.561895 0.565661 0.024378 4348 14
0.069329 0.995601 0.540824 0.544297 0.022184 3977 13
0.008531 0.988191 0.408567 0.412817 0.027743 4232 14
0.005710 0.998873 0.512201 0.516656 0.030649 3918 13
0.025561 0.999097 0.455464 0.459086 0.030826 4080 14
0.082391 0.998841 0.524054 0.528590 0.038066 3741 12
0.001194 0.986861 0.477061 0.481721 0.028829 3801 13
0.005415 0.980729 0.526119 0.530057 0.041020 4819 15
0.092236 0.990136 0.544914 0.549884 0.024636 3832 13
0.070507 0.982402 0.509881 0.513633 0.029881 4359 14
0.013588 0.996717 0.487491 0.492086 0.037278 3915 12
0.005184 0.988495 0.458148 0.462846 0.032063 3807 14
0.053343 0.988329 0.466712 0.470966 0.031231 4352 13
0.043659 0.973937 0.476828 0.481539 0.027946 4123 14
0.004987 0.931567 0.433668 0.437995 0.021729 3681 13
0.005877 0.999279 0.406637 0.409456 0.029200 3680 13
0.004870 0.944885 0.368787 0.373323 0.032995 3961 13
