0.006794 0.992593 0.489479 0.494243 0.550964 32718 14
0.010334 0.997676 0.504108 0.508939 0.534145 31234 14
0.008165 0.988881 0.492537 0.496428 0.638124 31796 14
0.006311 0.977156 0.493679 0.498657 0.808541 32779 14
0.002435 0.987913 0.483978 0.488793 0.627176 31999 14
0.004271 0.989808 0.499129 0.503356 0.589970 33580 14
0.003234 0.997725 0.451304 0.455051 0.582108 32304 14
0.003180 0.999768 0.527084 0.530973 0.825699 33485 15
0.000775 0.999067 0.493609 0.497597 0.773400 32213 14
0.003795 0.997635 0.501689 0.506676 0.614778 31868 14
0.003978 0.996624 0.516119 0.518961 0.749935 34658 15
0.000177 0.988254 0.485265 0.489190 0.699153 32309 14
0.003107 0.996334 0.503490 0.506541 0.630059 34260 15
0.010872 0.998695 0.519646 0.523067 0.638812 35085 15
0.003964 0.998085 0.501212 0.505736 0.612357 31862 14
0.001043 0.999183 0.508832 0.512090 0.564838 31431 14
0.001123 0.999935 0.487072 0.490791 0.581858 31778 14
0.002168 0.997336 0.494827 0.498037 0.656595 34075 15
0.001529 0.990386 0.488258 0.493003 0.627967 33066 14
0.000055 0.998616 0.524504 0.527692 0.631771 31826 14
0.002175 0.998863 0.523232 0.527604 0.615513 31693 14
0.001764 0.999336 0.499624 0.503407 0.709028 32890 14
0.005128 0.998403 0.445145 0.450042 0.628036 31793 14
0.010770 0.998367 0.505645 0.509103 0.623960 34736 15
0.002106 0.997486 0.512525 0.516703 0.601367 32656 14
0.002631 0.999132 0.491847 0.496185 0.705569 32962 14
0.000960 0.998383 0.512007 0.516484 0.599978 31761 14
0.004865 0.993610 0.504524 0.508117 0.609714 32569 14
0.003488 0.997885 0.476958 0.481305 0.630724 34621 15
0.001686 0.997379 0.497763 0.502576 0.598073 32375 14
0.001714 0.997392 0.502369 0.506124 0.768337 32387 14
0.005803 0.996229 0.475991 0.480039 0.670300 32768 14
0.005569 0.997448 0.510037 0.514124 0.743180 32325 14
0.001239 0.986426 0.453796 0.457817 0.640966 33083 14
0.000142 0.999326 0.482609 0.486561 0.686142 34280 15
0.002183 0.999854 0.485731 0.490193 0.783520 32223 14
0.004083 0.996118 0.509878 0.514178 0.758571 32713 14
0.000313 0.990644 0.483323 0.487760 0.835735 32944 14
0.002097 0.998254 0.498280 0.502556 0.651030 31821 14
0.003970 0.987644 0.512789 0.516624 0.712435 33858 15
0.001587 0.999097 0.497769 0.501877 0.750182 32360 14
0.004296 0.991375 0.499757 0.503684 0.698189 32312 14
0.002778 0.997671 0.483612 0.487559 0.829508 32820 14
0.001467 0.994949 0.473806 0.478307 0.795267 32105 14
0.001866 0.999925 0.508721 0.512938 0.842938 33230 14
0.000803 0.995986 0.542577 0.545815 0.761225 34582 15
0.000618 0.998251 0.502484 0.507269 0.763102 32139 14
0.000476 0.996452 0.516114 0.519753 0.821410 34113 15
0.000335 0.998180 0.463523 0.467603 0.796600 32817 14
0.000411 0.998338 0.499418 0.503509 0.955633 32800 14
0.003174 0.999043 0.480105 0.483555 0.910663 34422 15
0.000148 0.999305 0.512899 0.517358 0.862855 31463 14
0.000813 0.997666 0.480668 0.485585 0.779997 29442 13
0.000158 0.984641 0.495514 0.500233 0.814871 32046 14
0.004924 0.997024 0.499101 0.503821 0.845228 31372 14
0.001557 0.999318 0.482333 0.487098 0.760720 32305 14
0.002927 0.992224 0.504244 0.508791 0.747277 30652 14
0.007676 0.994665 0.490205 0.494526 0.818885 31999 14
0.000432 0.988441 0.489079 0.493049 0.947210 34615 15
0.000139 0.997286 0.504818 0.509358 0.860534 31725 14
0.004955 0.997260 0.488791 0.493265 0.789579 31820 14
0.004051 0.997831 0.485581 0.488840 0.989115 34595 15
0.002546 0.995183 0.528849 0.533040 0.870910 32521 14
0.006103 0.991308 0.495078 0.498709 0.863727 34266 15
0.002600 0.999905 0.482948 0.486965 1.027317 33278 15
0.002834 0.999969 0.494049 0.498655 1.086770 33211 14
0.000841 0.993175 0.493804 0.498100 0.914348 32376 14
0.001713 0.999638 0.495825 0.499923 0.831026 33021 14
0.000786 0.999493 0.519544 0.522712 0.894011 34271 15
0.002030 0.999423 0.494200 0.498825 0.884413 30995 14
0.000835 0.998709 0.495044 0.499789 1.026369 32675 14
0.003576 0.999541 0.515450 0.519122 0.949285 34530 15
0.001969 0.978514 0.502360 0.506998 0.742857 32037 14
0.001206 0.997940 0.511169 0.515084 0.847582 32753 14
0.001124 0.996629 0.489842 0.493194 0.869317 33827 15
0.003891 0.999262 0.490685 0.495651 1.063188 32672 14
0.003669 0.993110 0.509036 0.513333 0.879124 32622 14
0.001499 0.999065 0.545556 0.550526 0.783066 32118 14
0.001155 0.989808 0.513978 0.517205 0.756393 34129 15
0.000802 0.999175 0.501118 0.504905 0.754385 32447 14
0.007695 0.995239 0.522269 0.525862 0.913859 32909 15
0.004830 0.998979 0.510690 0.514288 0.815983 32434 14
0.000861 0.998879 0.528866 0.532551 0.791995 34562 15
0.005618 0.996697 0.497021 0.500065 0.837078 34024 15
0.003443 0.992650 0.468024 0.472285 0.775203 35579 15
0.004404 0.997402 0.521050 0.525576 0.818244 31123 14
0.004553 0.996021 0.486132 0.490331 0.861940 31985 14
0.002427 0.998299 0.506374 0.509149 0.573055 34842 15
0.005982 0.999786 0.505040 0.509448 0.510379 32671 14
0.002462 0.996213 0.505009 0.508618 0.589776 33774 15
0.004036 0.998482 0.502314 0.506479 0.592712 34477 15
0.002032 0.999405 0.503263 0.507257 0.577837 32996 14
0.003603 0.998604 0.504149 0.507828 0.531185 33548 15
0.000297 0.999084 0.486126 0.490580 0.512871 32256 14
0.003777 0.997747 0.489080 0.493870 0.541082 32143 14
0.009906 0.996689 0.486147 0.490553 0.556698 32985 14
0.001934 0.998382 0.480182 0.484285 0.520843 32575 14
0.005008 0.998226 0.498682 0.503083 0.527230 32676 14
0.001614 0.999932 0.520482 0.524700 0.556683 34371 15
0.007593 0.999474 0.518245 0.521467 0.555682 34022 15
