0.014958 0.915006 0.457066 0.461008 0.009073 3035 13
0.021494 0.995405 0.492357 0.496139 0.008067 2995 14
0.064858 0.994504 0.536333 0.541250 0.008537 3003 14
0.049680 0.998013 0.548902 0.552096 0.008447 2962 13
0.025004 0.996135 0.537708 0.542012 0.008000 2784 12
0.027826 0.997411 0.625223 0.628989 0.006996 2606 13
0.064882 0.989900 0.602662 0.606530 0.006998 2967 13
0.005323 0.983920 0.461217 0.464836 0.010146 2841 13
0.042685 0.995902 0.534168 0.538158 0.007996 3065 13
0.021845 0.988441 0.505890 0.510467 0.013036 3214 14
0.047402 0.941664 0.441999 0.446442 0.011727 2620 13
0.016910 0.949140 0.453118 0.457802 0.010105 2721 13
0.026380 0.999323 0.434665 0.438116 0.010087 3030 14
0.024108 0.989780 0.545671 0.549611 0.013373 2859 13
0.003223 0.958472 0.471414 0.476001 0.012394 3213 13
0.011232 0.992550 0.385747 0.390051 0.007102 2669 12
0.141880 0.962438 0.568862 0.572676 0.008126 2855 12
0.011328 0.919086 0.486584 0.490927 0.007078 2842 14
0.063523 0.973467 0.512619 0.516866 0.008053 2693 12
0.010242 0.977690 0.464051 0.468968 0.008160 3057 14
0.017278 0.995220 0.514592 0.519075 0.008427 3062 14
0.048844 0.946876 0.595069 0.600066 0.009650 2825 13
0.007730 0.967458 0.421403 0.424169 0.014138 3219 13
0.080591 0.993789 0.505529 0.509991 0.010404 3125 15
0.024416 0.966552 0.515070 0.519245 0.007182 3078 14
0.040938 0.934203 0.461861 0.465071 0.008160 3217 15
0.121105 0.990704 0.661125 0.664763 0.008960 3152 14
0.000750 0.950761 0.501315 0.505346 0.007997 2747 13
0.004467 0.996358 0.447771 0.451411 0.014081 2996 13
0.052151 0.972338 0.492274 0.495575 0.012953 3333 15
0.023212 0.997474 0.509689 0.514050 0.008032 3115 13
0.026102 0.709564 0.294997 0.299200 0.014246 3029 13
0.049263 0.966719 0.518842 0.523250 0.010281 2622 12
0.001781 0.965880 0.496595 0.499975 0.009046 3645 15
0.020269 0.978585 0.522196 0.525354 0.007087 3086 13
0.001731 0.922747 0.509008 0.512440 0.008258 3340 14
0.082572 0.983312 0.596493 0.601463 0.007094 2857 13
0.000880 0.927394 0.494680 0.499437 0.014624 3188 15
0.047733 0.975081 0.458091 0.462254 0.013214 2888 14
0.046455 0.995513 0.470727 0.474491 0.014270 3315 14
0.045459 0.998419 0.459797 0.464072 0.008553 3012 14
0.001946 0.859286 0.492886 0.497807 0.009477 3120 14
0.004623 0.995490 0.468777 0.472942 0.007529 2843 13
0.009993 0.985527 0.471842 0.475827 0.012569 3239 15
0.019276 0.970262 0.577445 0.582225 0.007866 2927 13
0.032175 0.991782 0.573838 0.577683 0.007466 3092 14
0.042607 0.998963 0.585564 0.589768 0.010030 3063 13
0.010816 0.994879 0.424127 0.428621 0.008093 2981 13
0.009869 0.968107 0.482419 0.486609 0.008050 2790 12
0.067986 0.968273 0.567753 0.571828 0.007978 3051 13
0.041296 0.970611 0.614090 0.617453 0.008446 3264 14
0.095613 0.976992 0.488916 0.492360 0.006863 2647 12
0.045651 0.978039 0.505905 0.509743 0.015679 3254 15
0.005729 0.937943 0.498783 0.503308 0.007931 3133 14
0.000730 0.999611 0.530201 0.534814 0.008999 2508 11
0.075953 0.994134 0.480641 0.484703 0.006730 2368 12
0.002096 0.941090 0.468529 0.473049 0.008049 3378 15
0.011214 0.989256 0.381908 0.385855 0.007564 2823 13
0.000507 0.981924 0.496861 0.501784 0.007988 2906 13
0.034872 0.991280 0.485219 0.489939 0.014290 3277 15
0.008981 0.999951 0.540949 0.545765 0.014248 3317 15
0.000085 0.988896 0.576983 0.580877 0.013872 3130 13
0.002895 0.898382 0.447510 0.452112 0.013452 3151 13
0.013939 0.994860 0.548416 0.552482 0.008076 2952 13
0.061693 0.874547 0.465786 0.469676 0.009064 2470 11
0.010689 0.987243 0.472476 0.477174 0.011557 2469 12
0.046813 0.943412 0.444501 0.449033 0.008544 3035 13
0.010798 0.962978 0.565362 0.569546 0.014447 2855 13
0.029341 0.990858 0.554688 0.559249 0.014514 3030 14
0.000219 0.993805 0.508924 0.512200 0.009078 3041 14
0.051123 0.999904 0.562856 0.567575 0.008100 2794 12
0.013672 0.993829 0.549049 0.552958 0.014630 3212 14
0.070205 0.977086 0.505065 0.508782 0.013793 2944 14
0.007518 0.887067 0.474838 0.478610 0.009604 2956 14
0.033827 0.994974 0.460472 0.464909 0.009533 3389 15
0.010403 0.970192 0.484374 0.488614 0.009055 3097 14
0.006601 0.848794 0.502434 0.506254 0.008066 3025 14
0.040037 0.956594 0.460060 0.463771 0.008523 3267 15
0.005938 0.993269 0.555193 0.559561 0.008570 2824 13
0.013470 0.987235 0.489437 0.493684 0.011580 3008 13
0.098444 0.974315 0.512306 0.516789 0.007946 2945 15
0.008060 0.988514 0.509742 0.513120 0.013291 3040 12
0.022863 0.939799 0.516503 0.520251 0.014121 3125 14
0.066846 0.979140 0.570426 0.573957 0.008426 2988 13
0.041989 0.960521 0.520241 0.524791 0.010260 3244 15
0.048800 0.994596 0.522250 0.526120 0.007146 2970 12
0.025099 0.995990 0.446744 0.450472 0.007560 3145 14
0.017647 0.963968 0.561867 0.565829 0.005999 2778 13
0.003742 0.959548 0.434460 0.438937 0.009068 3093 13
0.110650 0.987975 0.489261 0.493289 0.008086 2737 12
0.003652 0.995845 0.454889 0.458831 0.007767 2869 13
0.005355 0.967623 0.550030 0.554200 0.012027 3671 16
0.018749 0.949526 0.468375 0.472442 0.008600 2959 14
0.105598 0.947723 0.541276 0.545938 0.011602 2613 12
0.031796 0.987025 0.521069 0.524625 0.013151 2685 13
0.039992 0.996019 0.465382 0.469025 0.013583 2799 13
0.017002 0.957538 0.546438 0.551397 0.009552 2525 11
0.004660 0.980958 0.527555 0.531775 0.008784 3050 14
0.029124 0.989587 0.519665 0.524369 0.014225 3136 13
0.117027 0.978565 0.553080 0.556939 0.017326 3789 16
