0.000904 0.998622 0.504951 0.508986 1.405320 53872 14
0.001762 0.999367 0.502833 0.507639 1.478883 53183 14
0.001799 0.998987 0.496521 0.500983 1.838439 54544 14
0.002896 0.998938 0.495894 0.499396 2.010572 56989 15
0.001218 0.991060 0.478263 0.483010 2.194544 53437 14
0.000327 0.998944 0.504844 0.508445 2.447415 57768 15
0.000030 0.997185 0.508208 0.512932 2.385660 53689 14
0.005137 0.999167 0.495138 0.498819 2.329942 53303 14
0.002310 0.998034 0.483879 0.488200 2.067987 52054 14
0.001667 0.998978 0.470013 0.474627 2.411530 54313 14
0.001251 0.998151 0.498190 0.503167 1.995062 52468 14
0.000846 0.998504 0.493087 0.497380 2.732845 53029 14
0.002192 0.999697 0.492234 0.496264 2.895360 57933 15
0.000548 0.998922 0.504592 0.508962 2.319904 54200 14
0.001546 0.994359 0.492982 0.497619 2.600124 53280 14
0.001600 0.999555 0.485287 0.489392 2.115257 54560 14
0.005337 0.996364 0.476078 0.480127 2.293777 57361 15
0.003100 0.998955 0.475867 0.479596 2.878881 57882 15
0.001450 0.998975 0.495122 0.498624 2.182672 57725 15
0.000564 0.998977 0.502684 0.505991 2.769417 57574 15
0.000033 0.999826 0.514234 0.519091 2.406803 54646 14
0.000093 0.997929 0.484598 0.487553 2.532913 57908 15
0.004731 0.998458 0.509984 0.514786 2.275032 53624 14
0.002459 0.998756 0.503570 0.506649 1.963192 56504 15
0.000472 0.995451 0.521763 0.525960 2.491222 54749 14
0.004335 0.995027 0.502141 0.505996 2.666918 55742 14
0.001187 0.998620 0.507876 0.512008 2.750422 54803 14
0.000273 0.998917 0.511064 0.515711 2.435291 53910 14
0.001302 0.999956 0.498889 0.503086 2.363523 58055 15
0.000237 0.999824 0.484686 0.489359 2.070688 53140 14
0.000145 0.993617 0.481906 0.486770 2.346861 53408 14
0.001685 0.998568 0.495206 0.499527 2.235809 57627 15
0.008135 0.999252 0.488384 0.493073 1.899032 53451 14
0.001894 0.997921 0.485981 0.489302 1.395367 55175 15
0.003638 0.994410 0.491908 0.496407 1.355838 53709 14
0.001404 0.997192 0.497890 0.502572 1.378204 54111 14
0.000379 0.997865 0.486554 0.490076 1.419656 57800 15
0.003067 0.991424 0.479762 0.484300 1.536792 53606 14
0.000286 0.998546 0.506807 0.511599 1.548546 54392 14
0.002409 0.997672 0.514070 0.517830 1.656976 56611 15
0.000485 0.998793 0.495860 0.499732 1.950635 57314 15
0.000444 0.997640 0.489253 0.493883 2.498782 58392 15
0.000186 0.997991 0.507899 0.512714 2.251787 53613 14
0.002182 0.990947 0.483403 0.486754 2.258431 57539 15
0.002328 0.998105 0.501732 0.505643 2.424822 57116 15
0.002648 0.997734 0.489988 0.494351 1.871558 52386 14
0.001108 0.993407 0.473421 0.477325 1.943815 54454 14
0.000853 0.999125 0.507140 0.511987 1.989644 54326 14
0.004410 0.994986 0.509117 0.512605 2.146936 57368 15
0.000714 0.999732 0.521157 0.525897 2.111624 53893 14
0.002937 0.997948 0.513775 0.518294 2.368525 54748 14
0.002343 0.999142 0.501108 0.504864 2.358368 57234 15
0.002387 0.999195 0.493766 0.498135 2.026493 54293 14
0.001974 0.994146 0.484114 0.488844 2.205764 54141 14
0.004085 0.998872 0.493509 0.497327 2.204199 58121 15
0.004028 0.999862 0.511973 0.515982 2.316146 58686 15
0.000716 0.998545 0.494073 0.498499 2.047148 54163 14
0.001889 0.999455 0.513076 0.517571 2.026844 53547 14
0.001409 0.998333 0.492487 0.496729 2.380635 58623 15
0.000998 0.999152 0.481072 0.485864 2.148574 54805 14
0.000215 0.994927 0.493461 0.498348 2.439155 53605 14
0.002302 0.997842 0.472703 0.477682 2.341423 53628 14
0.001580 0.998962 0.494654 0.498827 2.461116 54603 14
0.003679 0.998906 0.505100 0.509937 2.381097 54613 14
0.001283 0.993714 0.464448 0.468176 2.754740 57970 15
0.000313 0.999862 0.502013 0.504954 2.491536 57813 15
0.001244 0.996530 0.500313 0.503426 2.262777 58391 15
0.000029 0.998525 0.505692 0.509859 2.214205 53568 14
0.000911 0.993886 0.489763 0.493700 2.378015 53322 14
0.002143 0.999562 0.514770 0.519443 2.021053 55470 14
0.006858 0.995227 0.496803 0.500512 2.218825 56412 15
0.007194 0.999842 0.500846 0.504385 2.519647 59223 15
0.000382 0.999617 0.486792 0.490564 2.687099 54613 14
0.000394 0.999052 0.491372 0.496036 2.554017 53812 14
0.002378 0.996169 0.529273 0.533062 2.384412 55267 14
0.002502 0.999443 0.500667 0.504269 2.714581 58021 15
0.001832 0.990796 0.491524 0.495039 2.552629 57708 15
0.000523 0.995953 0.502065 0.506316 2.386729 52784 14
0.002704 0.998765 0.508290 0.512280 2.528118 55948 15
0.001029 0.996682 0.515577 0.520333 2.387374 54498 14
0.001919 0.995953 0.499457 0.503538 2.182451 54020 14
0.003661 0.999261 0.499486 0.503780 2.410632 53561 14
0.001160 0.999415 0.485891 0.489341 2.576015 59090 15
0.000543 0.999060 0.483761 0.488145 2.413745 53197 14
0.003861 0.998618 0.525391 0.529746 2.384629 53166 14
0.000286 0.999753 0.500663 0.504109 2.661061 57350 15
0.000328 0.999692 0.529428 0.534134 2.440380 53222 14
0.001255 0.996438 0.520803 0.525149 2.211586 53508 14
0.003635 0.998794 0.493372 0.496735 2.564973 57205 15
0.001086 0.998485 0.492391 0.495502 2.595141 56146 15
0.000042 0.998961 0.494564 0.499480 2.237064 53677 14
0.000766 0.998603 0.506593 0.511372 2.642226 54777 14
0.001715 0.999350 0.515565 0.519246 2.514555 57727 15
0.000370 0.999225 0.489919 0.494125 2.601899 53156 14
0.003941 0.997962 0.502244 0.506896 2.561459 54831 14
0.001574 0.997733 0.499427 0.503837 2.416703 53815 14
0.007142 0.999451 0.521118 0.525953 2.651826 54634 14
0.002104 0.997903 0.495831 0.499537 2.612531 55750 15
0.004228 0.997930 0.511411 0.515959 2.407932 53357 14
0.004838 0.990623 0.511448 0.515683 2.410121 53229 14
