0.001130 0.983461 0.497084 0.501823 0.059394 9831 13
0.003100 0.993063 0.485004 0.489743 0.075268 9875 13
0.013008 0.991525 0.505953 0.510944 0.081929 10845 14
0.006994 0.995284 0.475138 0.478608 0.068909 11172 15
0.006876 0.976533 0.443350 0.446584 0.070016 10532 14
0.001360 0.984534 0.491349 0.495716 0.072575 10741 14
0.000474 0.996907 0.497390 0.501126 0.071622 10091 14
0.020085 0.995769 0.508448 0.513224 0.072724 10594 14
0.006613 0.998338 0.485291 0.490197 0.086321 11472 14
0.004698 0.984669 0.494153 0.497428 0.129576 10932 14
0.004235 0.977534 0.454668 0.458772 0.091855 10539 14
0.008002 0.962245 0.449992 0.453261 0.113869 10608 14
0.005305 0.994586 0.520773 0.524823 0.127538 10637 14
0.014139 0.995347 0.507305 0.511560 0.109644 9737 13
0.004208 0.992242 0.524448 0.529024 0.125297 11035 14
0.005861 0.998592 0.485637 0.490462 0.095746 10201 13
0.000873 0.994591 0.479462 0.482857 0.106181 10713 14
0.026761 0.998992 0.507960 0.511795 0.112139 11278 15
0.009104 0.997884 0.475120 0.479087 0.093498 9733 13
0.003136 0.994772 0.492035 0.494921 0.122291 10774 14
0.006712 0.999314 0.512408 0.516850 0.106030 9551 13
0.000309 0.982950 0.519759 0.523211 0.104064 10168 14
0.006766 0.992045 0.499943 0.503311 0.107574 10957 14
0.001173 0.965025 0.484211 0.488878 0.114862 10780 14
0.012191 0.999429 0.556302 0.560763 0.117138 10405 14
0.013449 0.991693 0.513003 0.518002 0.099905 9840 13
0.015330 0.999403 0.485261 0.489745 0.132717 11088 15
0.020841 0.978610 0.493816 0.498527 0.119791 10801 14
0.010593 0.986512 0.489637 0.494348 0.122850 11301 14
0.006951 0.990082 0.488651 0.492666 0.121498 10624 14
0.012003 0.996757 0.444736 0.449458 0.106776 10360 14
0.003614 0.993049 0.491823 0.495306 0.118136 10631 14
0.001692 0.990744 0.512706 0.516380 0.080116 10297 14
0.025424 0.989967 0.557042 0.561337 0.083501 9393 13
0.000303 0.997179 0.525071 0.528408 0.129723 10566 14
0.001946 0.995980 0.569219 0.573084 0.161466 10791 14
0.043173 0.997859 0.540939 0.544610 0.110694 10193 13
0.000857 0.993448 0.501655 0.506245 0.115679 11735 15
0.006060 0.977267 0.473029 0.476454 0.110087 10051 14
0.005785 0.994983 0.473585 0.477438 0.130801 11792 15
0.021428 0.990078 0.539720 0.543214 0.111912 10480 14
0.032329 0.995167 0.501007 0.505528 0.113689 11045 14
0.005914 0.992952 0.459901 0.463368 0.076596 10567 14
0.028715 0.984349 0.494755 0.499509 0.090755 10456 14
0.002248 0.998430 0.460334 0.464615 0.095230 10207 13
0.007054 0.996969 0.416608 0.420830 0.073383 10351 14
0.010687 0.998650 0.474838 0.478719 0.072923 10776 14
0.010144 0.996435 0.508950 0.513046 0.075861 10859 14
0.009751 0.986335 0.524406 0.528708 0.086185 11212 14
0.000287 0.998804 0.511457 0.516061 0.089740 9772 13
0.010485 0.997409 0.492352 0.495947 0.179897 11526 14
0.005867 0.993761 0.505045 0.509136 0.103762 10891 15
0.002857 0.997736 0.478081 0.482888 0.111290 9733 13
0.029364 0.998518 0.551945 0.556230 0.075616 10086 14
0.000247 0.994271 0.561787 0.566230 0.099663 10989 15
0.001622 0.984157 0.486026 0.490475 0.106309 10663 14
0.013958 0.996895 0.527086 0.531180 0.077883 10839 14
0.018428 0.999411 0.493355 0.498104 0.081577 9593 13
0.008357 0.999735 0.541335 0.546074 0.097336 10180 13
0.001104 0.998769 0.486751 0.490306 0.080922 10512 14
0.001640 0.985020 0.502633 0.507582 0.108621 9920 13
0.009677 0.966807 0.460754 0.464290 0.140435 11244 15
0.004845 0.965928 0.489117 0.492230 0.129446 10907 14
0.004624 0.995920 0.485982 0.490948 0.107482 11293 15
0.000306 0.999460 0.522924 0.526866 0.127868 10768 14
0.018301 0.999973 0.592993 0.596445 0.105847 10280 14
0.024779 0.998765 0.500937 0.504609 0.100933 10515 14
0.029755 0.996031 0.494295 0.499020 0.083863 10088 13
0.014768 0.995161 0.519406 0.523109 0.096844 10530 14
0.007070 0.996865 0.506121 0.510801 0.106005 10448 14
0.000117 0.997510 0.512875 0.517488 0.104992 9998 13
0.009349 0.996089 0.522384 0.527163 0.110203 10775 14
0.000472 0.980187 0.495332 0.500044 0.106614 11141 15
0.007621 0.997981 0.433007 0.437552 0.173364 11139 15
0.036574 0.996220 0.555323 0.559676 0.172909 9835 13
0.000007 0.998118 0.490129 0.494201 0.121354 9931 13
0.021851 0.996402 0.535952 0.539666 0.139336 10989 14
0.000819 0.999108 0.480890 0.485247 0.103538 10353 14
0.013427 0.977506 0.450967 0.455318 0.094193 10876 14
0.001629 0.992571 0.478181 0.481779 0.125918 11345 14
0.000594 0.970202 0.457702 0.461837 0.107359 9973 13
0.001379 0.993443 0.501738 0.505424 0.125942 12549 16
0.003658 0.962374 0.502484 0.506497 0.136633 10963 14
0.001820 0.966984 0.534571 0.538979 0.124379 9845 13
0.006260 0.992873 0.498496 0.503442 0.107922 10118 13
0.005951 0.996676 0.503952 0.507836 0.098877 10530 14
0.026947 0.996487 0.505052 0.509876 0.088074 10510 13
0.023871 0.983219 0.460153 0.463040 0.092538 11030 14
0.003749 0.987710 0.518726 0.523644 0.078961 11057 15
0.008065 0.999668 0.551493 0.555518 0.124515 9991 13
0.004436 0.989551 0.488215 0.492948 0.083630 9751 13
0.009202 0.998852 0.494457 0.498351 0.135552 10478 13
0.004173 0.994811 0.527336 0.531363 0.129638 11680 15
0.014059 0.975348 0.521706 0.525612 0.104332 11038 15
0.027481 0.993596 0.539241 0.543929 0.109797 10499 13
0.012307 0.999148 0.537560 0.542409 0.102594 9732 13
0.002564 0.998436 0.548816 0.553409 0.115909 10689 14
0.008399 0.993303 0.505573 0.509587 0.120862 11168 14
0.015279 0.999369 0.470032 0.474833 0.083549 11012 14
0.004642 0.988539 0.513996 0.518175 0.082523 11402 15
