0.000261 0.999563 0.497151 0.500636 64.952765 349035 15
0.000065 0.999939 0.495584 0.500201 86.916878 346027 15
0.000220 0.999768 0.493556 0.497524 92.478417 348787 15
0.000051 0.999874 0.501893 0.505448 85.811788 345336 15
0.000237 0.999474 0.509331 0.512690 85.822268 346890 15
0.000865 0.999905 0.501244 0.504643 93.543618 346227 15
0.000069 0.999648 0.497448 0.501292 85.193601 346594 15
0.000135 0.999706 0.500980 0.504649 90.636766 346674 15
0.000034 0.999267 0.485254 0.489129 91.363777 344992 15
0.000515 0.999636 0.496229 0.500009 88.774409 350405 15
0.000091 0.998283 0.492038 0.496900 84.570178 326716 14
0.000428 0.999719 0.499696 0.503744 85.139810 349282 15
0.000267 0.999959 0.489742 0.493703 88.649233 347857 15
0.000396 0.999571 0.496694 0.500082 92.907545 352517 15
0.000262 0.999982 0.493530 0.497483 93.837436 350933 15
0.000212 0.999889 0.500357 0.504854 88.944379 345038 15
0.000243 0.999926 0.496063 0.499677 91.094091 347580 15
0.000371 0.999681 0.504832 0.507998 94.552473 349418 15
0.000583 0.999961 0.499410 0.504157 82.993481 323334 14
0.000198 0.999475 0.484160 0.487962 91.747941 345018 15
0.000403 0.999996 0.502437 0.505872 95.494444 350249 15
0.000088 0.999928 0.501854 0.505327 90.942411 345716 15
0.000113 0.999962 0.497915 0.501591 92.826427 348781 15
0.000408 0.998934 0.511234 0.516043 82.336684 323279 14
0.000224 0.999365 0.498571 0.502571 91.783811 347159 15
0.000189 0.999812 0.496866 0.500825 91.944413 343085 15
0.000026 0.999548 0.499542 0.503462 93.388714 345961 15
0.000374 0.999982 0.501633 0.504999 94.415530 350215 15
0.000185 0.999870 0.498454 0.502476 89.572773 347151 15
0.000146 0.999779 0.495928 0.499836 86.506553 346404 15
0.000671 0.999711 0.490684 0.494376 89.721879 345969 15
0.000531 0.998817 0.509000 0.512378 91.345442 347101 15
0.000284 0.999809 0.494155 0.498141 88.514539 349605 15
0.000570 0.999970 0.502572 0.506754 90.408719 348242 15
0.000297 0.999559 0.496818 0.500496 94.680391 345566 15
0.000045 0.999907 0.500384 0.503830 84.749716 344442 15
0.001331 0.999341 0.507002 0.510960 91.081484 344241 15
0.000231 0.999537 0.504787 0.508389 89.293135 348778 15
0.000049 0.999932 0.494372 0.498016 87.563009 346379 15
0.001057 0.999307 0.504848 0.509764 80.404010 323321 14
0.001015 0.999827 0.499511 0.504180 95.356857 347632 15
0.000059 0.999920 0.499859 0.503413 87.857345 344876 15
0.000195 0.999932 0.497887 0.501693 91.037109 345133 15
0.001192 0.999915 0.494528 0.498487 89.037174 348515 15
0.000040 0.999934 0.503914 0.507641 93.988672 346946 15
0.000152 0.999743 0.494628 0.498512 90.162279 346036 15
0.000438 0.999953 0.502737 0.506748 89.823703 345706 15
0.000428 0.999818 0.498442 0.502023 91.645847 348796 15
0.000191 0.999825 0.496456 0.501348 81.024196 322225 14
0.000105 0.999891 0.505131 0.508570 90.973340 345502 15
0.000180 0.999832 0.501542 0.505367 93.666115 346909 15
0.000118 0.999519 0.491385 0.496258 86.086215 323344 14
0.000023 0.999816 0.507888 0.511963 90.222975 344270 15
0.000644 0.999585 0.501169 0.505075 94.198991 347750 15
0.000844 0.999923 0.494014 0.497667 92.122903 344587 15
0.000003 0.999944 0.498720 0.503518 89.337620 345073 15
0.000753 0.999981 0.495658 0.499697 91.278899 344951 15
0.000076 0.999994 0.503442 0.506999 86.258624 345186 15
0.001181 0.998991 0.500045 0.503471 86.285924 349253 15
0.000013 0.999799 0.503196 0.506507 86.121469 348449 15
0.000124 0.999827 0.511450 0.516091 83.525158 327187 14
0.000272 0.999889 0.509205 0.512843 93.730230 346545 15
0.000115 0.998925 0.492208 0.495628 93.552461 349359 15
0.000110 0.999516 0.498857 0.502266 90.840770 347562 15
0.000089 0.999502 0.497277 0.501330 87.816101 344828 15
0.000185 0.999850 0.510235 0.515170 83.072988 327289 14
0.000540 0.999034 0.492374 0.497363 87.324219 325435 14
0.000275 0.999811 0.485929 0.489728 97.737909 345918 15
0.000823 0.999881 0.495241 0.499285 88.450116 344645 15
0.000072 0.999681 0.494508 0.498446 91.059044 344628 15
0.000046 0.999399 0.506373 0.510452 91.705668 345338 15
0.000555 0.999059 0.496252 0.500645 88.345407 346131 15
0.000127 0.999895 0.489979 0.493687 75.329254 346456 15
0.000376 0.999692 0.496447 0.500323 51.862120 348722 15
0.000525 0.999195 0.506564 0.510214 52.653263 342804 15
0.000091 0.999978 0.491687 0.495006 52.661342 345262 15
0.000206 0.999543 0.497807 0.501571 53.128001 346839 15
0.000616 0.998674 0.487704 0.491501 55.078717 347290 15
0.000123 0.999997 0.494903 0.499558 50.540711 327189 14
0.000028 0.999517 0.506979 0.510834 53.233745 347411 15
0.000678 0.999945 0.501173 0.504707 53.653362 345556 15
0.000103 0.997547 0.500103 0.503668 53.650031 347482 15
0.000153 0.999983 0.496699 0.501667 50.123996 321947 14
0.000201 0.999189 0.494329 0.497929 53.888363 347297 15
0.001178 0.999118 0.512307 0.514875 57.136974 368313 16
0.000338 0.999326 0.496863 0.500487 53.915590 347657 15
0.000726 0.999885 0.492664 0.496973 53.890198 348641 15
0.000182 0.999883 0.504490 0.508480 53.239328 344929 15
0.000030 0.999861 0.499532 0.503044 53.749323 346146 15
0.001652 0.999797 0.503844 0.507615 53.501155 346743 15
0.000233 0.999800 0.503314 0.507199 53.541498 346246 15
0.000062 0.999961 0.492284 0.496339 53.851829 346778 15
0.000119 0.999986 0.493261 0.497063 53.756156 344952 15
0.000652 0.999178 0.503320 0.507236 79.385622 347479 15
0.000345 0.999969 0.503384 0.507082 87.243136 345898 15
0.000252 0.999579 0.507249 0.510882 86.210218 348537 15
0.001955 0.999232 0.505939 0.509625 89.682869 348920 15
0.000419 0.998522 0.502488 0.506115 85.376889 350495 15
0.000452 0.999998 0.498051 0.501858 86.532335 346930 15
0.000068 0.999875 0.494681 0.498534 82.531724 346850 15
