0.006335 0.882512 0.353615 0.358155 0.009572 2648 23
0.093317 0.997229 0.667620 0.670749 0.009235 2532 24
0.007101 0.982678 0.452185 0.456671 0.011450 2321 21
0.049645 0.930946 0.610177 0.613895 0.006387 1990 17
0.054917 0.998479 0.584887 0.589796 0.008985 2671 23
0.048935 0.994043 0.483608 0.488036 0.007999 1993 18
0.013219 0.990358 0.536319 0.540027 0.006999 2135 18
0.032003 0.975676 0.504285 0.509177 0.011735 2255 19
0.047316 0.986122 0.520013 0.524648 0.005517 1978 19
0.048841 0.997009 0.469302 0.473941 0.006996 2446 22
0.033057 0.975648 0.505228 0.509683 0.008261 2670 25
0.139969 0.973016 0.632626 0.637496 0.011819 3665 32
0.144183 0.987007 0.538701 0.542766 0.007577 2154 21
0.086555 0.974937 0.535680 0.539497 0.010007 2306 21
0.033536 0.994668 0.623283 0.627146 0.007000 2363 21
0.005714 0.971942 0.439411 0.444152 0.011645 2604 19
0.095609 0.976373 0.511247 0.515491 0.007331 1851 17
0.038750 0.999989 0.631723 0.636373 0.006907 2262 21
0.003141 0.966280 0.473523 0.477361 0.007707 2607 21
0.025929 0.986421 0.355747 0.360143 0.006611 2083 18
0.061135 0.986888 0.531908 0.536791 0.006996 2339 22
0.004503 0.880596 0.468426 0.473364 0.007674 2496 20
0.076941 0.976511 0.534078 0.537891 0.007925 2586 23
0.004444 0.969641 0.423246 0.426297 0.009458 2607 20
0.001111 0.951809 0.482983 0.487248 0.012084 2246 20
0.000738 0.963355 0.491328 0.495634 0.012290 2133 21
0.083405 0.965587 0.523744 0.527658 0.011255 2567 22
0.016540 0.980574 0.558867 0.562826 0.007857 2253 21
0.074609 0.995708 0.480554 0.485003 0.006998 2154 19
0.013066 0.928188 0.483401 0.488131 0.007009 2048 17
0.011495 0.972525 0.498356 0.502532 0.005731 1947 18
0.031623 0.997787 0.474259 0.478922 0.013078 2350 16
0.095235 0.994110 0.583774 0.587696 0.011626 2235 18
0.063456 0.986475 0.562477 0.566523 0.005808 1780 16
0.022541 0.981426 0.441817 0.446390 0.013992 2713 26
0.007817 0.996191 0.496791 0.500668 0.012987 2253 20
0.009819 0.893486 0.346590 0.350961 0.006036 2167 18
0.030849 0.997410 0.466902 0.470959 0.007029 2401 20
0.021252 0.974935 0.549248 0.553636 0.008464 2484 24
0.008244 0.864158 0.384743 0.389340 0.007998 2599 24
0.000932 0.993766 0.462544 0.466525 0.006998 2536 20
0.003946 0.988894 0.433170 0.437550 0.008988 2282 21
0.027520 0.999429 0.441590 0.446137 0.006998 2609 20
0.005816 0.993829 0.511611 0.515885 0.007924 2441 23
0.042284 0.951693 0.431834 0.436261 0.012727 2359 19
0.064324 0.993646 0.561424 0.566171 0.011040 1991 19
0.023304 0.919507 0.502610 0.507404 0.013530 2393 21
0.019202 0.982216 0.540661 0.544692 0.006974 1871 18
0.034774 0.997520 0.603175 0.606618 0.006000 2196 20
0.007819 0.996083 0.497758 0.502282 0.015056 2872 27
0.014174 0.929564 0.491728 0.495614 0.007538 2412 21
0.005769 0.972478 0.529102 0.532716 0.008155 2767 20
0.050989 0.972601 0.566991 0.571939 0.010997 1932 17
0.057923 0.944079 0.435822 0.440537 0.006999 2248 18
0.162265 0.983459 0.578118 0.581908 0.007009 2206 17
0.096067 0.952429 0.480926 0.485642 0.006987 2008 18
0.030294 0.978203 0.392604 0.397065 0.008518 2202 20
0.011739 0.981336 0.435079 0.439915 0.008523 2499 20
0.017062 0.981317 0.490451 0.493752 0.008534 2300 19
0.070613 0.935552 0.522281 0.527072 0.007316 2127 17
0.008315 0.896280 0.578366 0.582435 0.008979 2101 18
0.009771 0.990275 0.562368 0.566440 0.013004 2814 25
0.057479 0.959639 0.421435 0.425488 0.014009 2547 20
0.031660 0.994473 0.519551 0.523859 0.012987 2186 18
0.038914 0.962746 0.410038 0.414959 0.009018 2213 20
0.032104 0.965524 0.401473 0.405878 0.009806 2908 25
0.031745 0.996429 0.551069 0.555168 0.006792 2151 20
0.061820 0.999959 0.533572 0.537422 0.007326 2387 19
0.015094 0.936906 0.618373 0.622442 0.007000 2124 19
0.015553 0.986525 0.588816 0.592878 0.008569 2000 18
0.000503 0.892157 0.401384 0.406197 0.007158 2278 21
0.054952 0.983858 0.567478 0.571958 0.013609 2446 22
0.037171 0.987744 0.503043 0.507349 0.011027 1976 17
0.017882 0.909841 0.433631 0.438339 0.006000 2015 18
0.020232 0.999568 0.563676 0.568047 0.009506 2700 24
0.042237 0.994628 0.465371 0.469847 0.009718 2478 23
0.012854 0.959662 0.420130 0.425081 0.005739 1779 13
0.021309 0.987108 0.473135 0.477624 0.010029 2741 22
0.001722 0.966116 0.477986 0.482311 0.006999 2307 21
0.006307 0.989586 0.605158 0.609586 0.015054 2750 25
0.017400 0.973485 0.356982 0.361646 0.007022 2077 16
0.017348 0.958336 0.464176 0.468400 0.015530 2769 22
0.040978 0.882917 0.432103 0.435697 0.010468 1958 17
0.034790 0.982834 0.542526 0.546957 0.009996 3068 29
0.002774 0.975226 0.468863 0.473851 0.013046 2475 22
0.003933 0.985494 0.436620 0.440504 0.012525 2393 20
0.000820 0.983595 0.507959 0.512692 0.011327 1966 17
0.021845 0.990268 0.561395 0.565972 0.012575 2257 22
0.014717 0.995397 0.486717 0.491444 0.014998 2624 23
0.042774 0.996755 0.621622 0.625824 0.007913 2369 19
0.020057 0.970048 0.479142 0.483279 0.005684 1668 15
0.056447 0.984461 0.552345 0.557064 0.014485 2701 23
0.008625 0.967980 0.448090 0.452908 0.007987 2171 18
0.014977 0.991904 0.493082 0.497769 0.011939 2061 18
0.050467 0.958942 0.426071 0.429142 0.011999 2252 18
0.011695 0.982649 0.502032 0.506682 0.012683 2381 22
0.017326 0.992304 0.505547 0.508918 0.007327 2164 18
0.008538 0.997982 0.564208 0.567882 0.008305 2676 24
0.019645 0.808831 0.447054 0.451146 0.012917 2286 19
0.009045 0.970835 0.560591 0.565325 0.004999 1481 14
