0.006220 0.959306 0.441330 0.445140 0.053255 8698 22
0.001876 0.986238 0.498157 0.502194 0.049448 8181 21
0.023754 0.994290 0.492181 0.496182 0.053972 9158 23
0.003512 0.997589 0.433794 0.437887 0.058139 8471 21
0.015293 0.993262 0.463546 0.468071 0.057501 7740 19
0.000125 0.991057 0.466194 0.470792 0.054776 8418 22
0.001620 0.998448 0.447456 0.451511 0.054935 6764 18
0.013567 0.967648 0.534519 0.538490 0.073060 8629 22
0.003492 0.996173 0.506133 0.509919 0.053723 8005 22
0.000134 0.988667 0.534273 0.538628 0.059504 9558 25
0.008836 0.974095 0.523280 0.528033 0.068989 8486 22
0.006578 0.986502 0.439248 0.442541 0.064034 8553 21
0.015498 0.983607 0.490957 0.494933 0.048630 8166 19
0.001498 0.964268 0.438170 0.442173 0.073954 8808 23
0.016204 0.991494 0.542386 0.547287 0.064015 8704 23
0.010693 0.996826 0.467501 0.471559 0.055624 8141 20
0.015521 0.999149 0.522914 0.527398 0.068767 8763 21
0.007606 0.979769 0.449605 0.454032 0.056077 8428 22
0.007080 0.978263 0.463704 0.468138 0.064669 7222 17
0.000331 0.998483 0.487861 0.492542 0.068493 7819 20
0.006756 0.996550 0.552550 0.557268 0.060827 7636 19
0.000994 0.997277 0.496303 0.499867 0.057616 8839 22
0.002217 0.998547 0.469615 0.473220 0.055505 8693 22
0.016688 0.999813 0.509436 0.513006 0.063732 8363 23
0.010362 0.986478 0.449294 0.453869 0.059921 8256 20
0.029883 0.999502 0.487642 0.491260 0.063033 9169 24
0.001516 0.984081 0.556584 0.561177 0.068290 8347 22
0.027077 0.997588 0.525864 0.530010 0.076291 7946 20
0.003643 0.989320 0.501398 0.505467 0.074805 8280 22
0.016932 0.999616 0.586190 0.591036 0.068896 8819 23
0.014383 0.981522 0.471163 0.475161 0.077363 8690 23
0.008888 0.990859 0.542481 0.546945 0.080134 8705 22
0.001975 0.967773 0.528038 0.532359 0.049268 7097 18
0.000234 0.995241 0.464311 0.468585 0.078349 8854 22
0.002840 0.986967 0.458693 0.462566 0.080041 9066 23
0.005789 0.990560 0.445777 0.449442 0.090749 8466 22
0.001623 0.994534 0.503385 0.507380 0.075568 8757 21
0.017926 0.996641 0.546929 0.550963 0.067621 9019 22
0.012108 0.998272 0.522597 0.526635 0.091549 8403 20
0.004379 0.991793 0.521248 0.525750 0.083583 8685 23
0.002622 0.987047 0.439745 0.442610 0.071934 9791 25
0.019534 0.999703 0.476735 0.481558 0.074072 8563 23
0.001932 0.963726 0.493333 0.497782 0.063689 8277 19
0.000870 0.992111 0.491451 0.496091 0.071598 8646 23
0.002191 0.962115 0.564153 0.568860 0.068614 8337 21
0.000873 0.991274 0.514900 0.518893 0.059142 7529 20
0.008522 0.997912 0.465976 0.470067 0.096119 8467 22
0.003265 0.997387 0.460753 0.464779 0.082221 8209 21
0.016793 0.997777 0.510933 0.515566 0.073646 8751 21
0.005257 0.997147 0.468052 0.470386 0.086844 9877 25
0.002051 0.996728 0.442113 0.446842 0.080843 8942 21
0.005931 0.990725 0.467630 0.472292 0.075161 8021 20
0.024837 0.996591 0.585737 0.589892 0.070892 8441 23
0.005396 0.998371 0.503899 0.508606 0.064471 7252 19
0.012223 0.998620 0.482826 0.487622 0.063133 8801 21
0.001659 0.999344 0.477088 0.481344 0.086286 8627 23
0.005246 0.985892 0.469841 0.474279 0.085431 8250 22
0.002421 0.990289 0.511791 0.516304 0.101721 8468 22
0.001459 0.989578 0.529512 0.534160 0.126792 16872 44
0.002901 0.961187 0.512693 0.517392 0.057774 7528 20
0.004569 0.999306 0.480750 0.484494 0.074008 7958 21
0.013193 0.981705 0.475846 0.479857 0.061941 7583 20
0.010178 0.993495 0.453816 0.457857 0.075046 9224 24
0.001742 0.984714 0.527123 0.531580 0.065546 8280 20
0.004740 0.988774 0.432383 0.436201 0.080400 7806 20
0.009926 0.995816 0.510245 0.514382 0.087192 9362 22
0.003525 0.996425 0.489475 0.494396 0.060434 7326 20
0.003417 0.992555 0.431887 0.436081 0.065090 9154 22
0.000599 0.982201 0.471870 0.476158 0.090999 9374 23
0.012512 0.973339 0.493497 0.498243 0.074112 7426 19
0.010548 0.999433 0.470220 0.473702 0.075724 8888 22
0.003130 0.986831 0.453775 0.457398 0.060770 7954 20
0.009203 0.994138 0.447985 0.452117 0.087709 8243 22
0.009700 0.977024 0.501138 0.505886 0.084480 8053 20
0.010827 0.982957 0.459784 0.464197 0.060610 7909 21
0.002283 0.989991 0.478773 0.482661 0.072504 8850 21
0.009782 0.993073 0.481504 0.486159 0.059610 7948 21
0.007366 0.989493 0.520083 0.524172 0.080205 8156 21
0.006218 0.985175 0.503855 0.507841 0.074590 9840 24
0.009227 0.990508 0.472690 0.477344 0.077978 9570 25
0.000832 0.993359 0.494606 0.498642 0.114068 11258 29
0.017239 0.971092 0.498568 0.502267 0.074793 8208 21
0.016832 0.999079 0.472563 0.476492 0.083931 8578 22
0.007152 0.993995 0.527391 0.532074 0.103837 7902 21
0.007380 0.988186 0.480396 0.484763 0.120362 9979 25
0.004123 0.991539 0.516564 0.521422 0.156006 9010 23
0.014416 0.985098 0.628730 0.632378 0.105451 8308 21
0.018156 0.997814 0.580400 0.585106 0.080072 8103 21
0.024168 0.990099 0.516429 0.520722 0.074556 7584 21
0.003498 0.998763 0.477008 0.481715 0.106314 8983 23
0.003064 0.992069 0.460256 0.465080 0.088270 7995 20
0.009318 0.992985 0.502951 0.507113 0.104351 9257 22
0.013498 0.993636 0.543850 0.548678 0.101573 8722 23
0.007214 0.999023 0.532615 0.536918 0.096185 8575 21
0.006093 0.991592 0.496841 0.501561 0.111228 9123 23
0.027782 0.987613 0.530511 0.534574 0.077691 8363 21
0.001955 0.987203 0.505917 0.509605 0.115279 9420 22
0.001935 0.967361 0.476664 0.480632 0.094675 7887 21
0.009284 0.998434 0.551891 0.555934 0.084643 7969 20
0.001429 0.991844 0.484195 0.488836 0.095877 8753 23
