0.000898 0.994966 0.525187 0.529431 0.027663 4242 20
0.029098 0.968190 0.561530 0.566107 0.015539 4283 22
0.015441 0.990646 0.469153 0.473436 0.014007 3733 20
0.019662 0.970282 0.537935 0.542412 0.015029 4160 20
0.023174 0.967516 0.467269 0.471418 0.015401 3986 20
0.016978 0.994292 0.488580 0.493479 0.015567 4284 23
0.023368 0.973107 0.563808 0.568039 0.015316 3474 19
0.009453 0.992971 0.525357 0.530284 0.020468 4669 24
0.007575 0.993707 0.562912 0.567550 0.021917 5657 30
0.010146 0.952081 0.526115 0.530960 0.013777 3644 18
0.036359 0.981384 0.542940 0.546845 0.014028 3661 18
0.007851 0.979176 0.400607 0.404873 0.014124 3478 17
0.019309 0.983017 0.423099 0.427980 0.016333 3026 14
0.043918 0.976994 0.531999 0.536346 0.014807 3869 20
0.044384 0.989259 0.484598 0.488969 0.011998 3225 17
0.011156 0.961748 0.410789 0.415686 0.014552 3940 22
0.023257 0.970243 0.480772 0.485574 0.017577 4616 21
0.017677 0.971953 0.368974 0.372591 0.012878 3612 18
0.056504 0.987950 0.537181 0.541430 0.017019 3858 19
0.049445 0.996610 0.618950 0.623203 0.016072 4251 21
0.029070 0.979556 0.445176 0.449671 0.024166 3598 18
0.044645 0.984936 0.508980 0.513601 0.016076 3845 19
0.022837 0.996715 0.558056 0.562311 0.023519 4166 23
0.011494 0.913968 0.594636 0.599425 0.016456 4590 23
0.039194 0.990853 0.527975 0.532758 0.016648 3778 19
0.025746 0.974089 0.397390 0.401655 0.023861 3987 20
0.003585 0.989769 0.510191 0.514873 0.036824 6335 34
0.010218 0.977948 0.510150 0.515095 0.021666 3425 18
0.015625 0.923204 0.519517 0.522932 0.013171 3640 18
0.011855 0.994728 0.455303 0.459800 0.028382 4235 21
0.045435 0.979678 0.503707 0.508059 0.011839 3207 17
0.001458 0.985753 0.495489 0.499542 0.013549 3401 16
0.016509 0.998351 0.520702 0.525075 0.022973 3919 21
0.001588 0.957457 0.477813 0.482642 0.020387 3880 19
0.015986 0.988142 0.478102 0.482965 0.025461 4644 22
0.009560 0.996769 0.417167 0.420637 0.022439 4250 22
0.005789 0.997442 0.545128 0.549549 0.015546 4092 21
0.096272 0.987020 0.547892 0.552545 0.018480 4717 26
0.015514 0.997976 0.432551 0.437189 0.018092 4571 22
0.033476 0.971092 0.405960 0.410425 0.026317 4144 20
0.020890 0.989271 0.452049 0.456745 0.023779 3796 19
0.000216 0.971391 0.542891 0.547866 0.016091 3641 20
0.024653 0.982145 0.433328 0.438236 0.012573 3345 16
0.016959 0.979625 0.513240 0.517521 0.021125 3529 19
0.007824 0.993805 0.498338 0.503331 0.018137 3437 17
0.003578 0.949975 0.481643 0.485182 0.023404 3870 21
0.002001 0.997569 0.489307 0.493517 0.017062 3880 20
0.019618 0.998626 0.468982 0.473166 0.021231 3844 21
0.003194 0.989153 0.431952 0.435280 0.019619 4584 23
0.009031 0.955498 0.561817 0.566044 0.015980 3575 20
0.001324 0.984559 0.622015 0.626564 0.028371 4045 22
0.007878 0.964997 0.475040 0.478924 0.017060 3844 21
0.021682 0.987221 0.505957 0.510646 0.024038 3536 19
0.036381 0.990359 0.544034 0.548913 0.016935 3153 17
0.017269 0.955129 0.570663 0.575142 0.021209 3675 18
0.069004 0.926304 0.470551 0.474925 0.014159 3287 18
0.059613 0.913993 0.438661 0.443119 0.015379 3204 17
0.027880 0.996543 0.527055 0.531822 0.029693 4077 21
0.002017 0.990260 0.486883 0.491695 0.017315 4063 19
0.016655 0.989371 0.517787 0.521908 0.023888 4448 21
0.033229 0.950122 0.449634 0.454214 0.030130 4101 21
0.056906 0.992544 0.511394 0.516235 0.025874 4107 22
0.020323 0.975148 0.529508 0.532912 0.023856 3815 20
0.021376 0.971200 0.435436 0.439943 0.018864 4557 22
0.071927 0.998675 0.542298 0.546447 0.016564 3734 19
0.011108 0.975678 0.529958 0.533731 0.016131 3234 18
0.004231 0.988345 0.487083 0.490705 0.017123 3922 21
0.010732 0.945476 0.430275 0.434267 0.018071 3428 17
0.003092 0.990708 0.550499 0.554292 0.019289 4155 22
0.052368 0.836392 0.426438 0.431145 0.016328 3603 19
0.014920 0.953025 0.523480 0.527784 0.021091 4010 19
0.005597 0.979509 0.500438 0.505012 0.039342 5130 28
0.003366 0.992093 0.473407 0.477572 0.028706 3649 20
0.024026 0.947074 0.461603 0.465165 0.017658 3787 19
0.000369 0.954697 0.411706 0.415808 0.016659 3790 20
0.018986 0.990902 0.533357 0.537612 0.024984 3351 17
0.017054 0.997288 0.522582 0.527023 0.017204 4035 21
0.026495 0.965945 0.530348 0.535290 0.022269 4391 22
0.006287 0.989020 0.500166 0.504710 0.018581 4399 22
0.020030 0.951602 0.457515 0.462003 0.023879 4086 24
0.026150 0.999481 0.536859 0.540955 0.029437 3780 20
0.019770 0.988388 0.427491 0.431905 0.018014 3640 18
0.001451 0.956689 0.534686 0.539058 0.026182 4622 23
0.001470 0.966145 0.572335 0.577124 0.029237 3827 19
0.000917 0.994418 0.426604 0.431330 0.031403 4476 25
0.015978 0.994624 0.557901 0.562512 0.019196 4364 21
0.007562 0.997310 0.516816 0.521604 0.015074 3059 16
0.013753 0.999497 0.498542 0.502172 0.030348 3888 20
0.009484 0.998532 0.530471 0.535298 0.027083 3744 20
0.032335 0.997100 0.537372 0.541862 0.017102 3983 21
0.022145 0.996016 0.578934 0.583220 0.031985 4239 21
0.009534 0.980559 0.495824 0.499670 0.028271 3777 19
0.046148 0.999508 0.494184 0.498168 0.017797 3631 17
0.037977 0.931556 0.417213 0.422096 0.020944 4192 20
0.097224 0.999394 0.619685 0.623799 0.040461 5441 25
0.017564 0.964312 0.482526 0.486688 0.015650 3796 20
0.024314 0.977507 0.438897 0.442917 0.020246 3808 19
0.004807 0.989957 0.414212 0.418357 0.021040 5054 23
0.003002 0.971371 0.525603 0.530475 0.028457 4229 24
0.013239 0.984896 0.505804 0.509870 0.019738 3573 19
