0.011117 0.999994 0.523324 0.528217 0.009096 2787 17
0.040660 0.937727 0.432548 0.436610 0.013272 3598 23
0.027230 0.972746 0.521060 0.523520 0.010124 3040 20
0.023195 0.992696 0.444445 0.449329 0.008040 2626 18
0.005700 0.973040 0.479163 0.483650 0.010042 3147 22
0.019526 0.965972 0.498089 0.503023 0.013489 3591 23
0.024327 0.988178 0.476740 0.481399 0.009057 2835 18
0.012907 0.991047 0.511489 0.515477 0.011072 3287 23
0.065494 0.965316 0.608318 0.613237 0.012556 3426 21
0.008159 0.994402 0.478058 0.482685 0.010561 3235 18
0.009428 0.956613 0.440435 0.444425 0.010109 3159 21
0.017627 0.998780 0.492320 0.496972 0.015646 2905 19
0.062901 0.980269 0.551454 0.555920 0.008599 2793 18
0.017437 0.982846 0.615395 0.620059 0.008298 2529 18
0.020714 0.970904 0.472772 0.476293 0.010528 3083 18
0.010717 0.982773 0.449208 0.453645 0.009210 2863 19
0.021523 0.991846 0.525095 0.529171 0.010686 3044 20
0.016180 0.994320 0.521735 0.526411 0.008021 2598 16
0.039769 0.978511 0.553565 0.558255 0.008795 2617 19
0.007702 0.931250 0.479653 0.484148 0.015096 2557 18
0.019306 0.975378 0.447624 0.451114 0.018180 3124 21
0.003381 0.994044 0.521634 0.525767 0.016867 3066 19
0.034972 0.989674 0.393141 0.397597 0.016850 3008 21
0.007200 0.991564 0.542429 0.547114 0.008302 2776 18
0.070532 0.997506 0.501219 0.505503 0.009068 3061 19
0.007465 0.998379 0.444360 0.447627 0.010912 3419 23
0.018366 0.974653 0.600662 0.605242 0.010477 3314 21
0.032969 0.988773 0.538184 0.542860 0.012183 3678 25
0.047643 0.972923 0.530636 0.535611 0.016373 2896 19
0.018410 0.998288 0.530502 0.535112 0.011622 2628 18
0.007065 0.989968 0.471313 0.476234 0.011077 3199 20
0.000977 0.977886 0.485913 0.490303 0.012931 2558 17
0.003641 0.977536 0.449208 0.453105 0.010267 3487 21
0.004427 0.993821 0.590731 0.594424 0.010562 2794 18
0.025973 0.987708 0.540043 0.544890 0.015285 2795 18
0.004276 0.999205 0.514112 0.518708 0.015152 2893 18
0.009876 0.992404 0.446989 0.451303 0.016755 2875 19
0.004141 0.989444 0.498592 0.502944 0.015394 2724 17
0.071592 0.990342 0.527518 0.531817 0.014356 2626 17
0.017193 0.961414 0.474472 0.479192 0.014570 3288 21
0.065834 0.986563 0.483829 0.487694 0.013133 4063 23
0.042779 0.958460 0.494356 0.498365 0.012468 3900 24
0.026131 0.990907 0.646978 0.651158 0.009804 3167 21
0.002778 0.946210 0.444978 0.449973 0.013098 3665 24
0.034205 0.998197 0.550163 0.554735 0.010292 3140 18
0.100260 0.992499 0.511916 0.516516 0.015697 2729 16
0.078312 0.976988 0.527277 0.531463 0.019174 3548 22
0.001805 0.987039 0.355532 0.360226 0.007515 2470 16
0.013735 0.983563 0.468245 0.471606 0.018143 3652 24
0.033295 0.998240 0.458599 0.462626 0.008525 2634 17
0.003260 0.993498 0.508267 0.513013 0.011199 2871 17
0.004002 0.977083 0.442930 0.446878 0.010098 2967 19
0.042210 0.965250 0.454511 0.459186 0.027371 5015 32
0.002511 0.993585 0.536534 0.540985 0.015621 2737 19
0.035259 0.992192 0.476283 0.480502 0.020614 3495 21
0.020703 0.997495 0.655741 0.659104 0.012547 3492 25
0.007181 0.999572 0.530204 0.534354 0.014346 3882 24
0.068907 0.983529 0.659334 0.664134 0.011056 3268 21
0.022722 0.985524 0.510363 0.514432 0.016548 3627 22
0.099836 0.999787 0.592854 0.597516 0.015135 2604 17
0.017768 0.897887 0.461843 0.466234 0.018224 3135 19
0.017758 0.985319 0.508261 0.512090 0.015236 2666 17
0.032819 0.988095 0.451913 0.456355 0.012584 3356 21
0.005111 0.981877 0.464480 0.467808 0.015834 2910 18
0.039053 0.975973 0.544116 0.548472 0.008904 2805 17
0.000824 0.971799 0.452961 0.457288 0.012620 3519 22
0.002439 0.945931 0.452200 0.455336 0.009987 3125 18
0.027860 0.996942 0.558696 0.563266 0.012040 3514 20
0.005384 0.985063 0.476271 0.480878 0.016488 2903 19
0.004925 0.988238 0.470322 0.474717 0.018057 3193 21
0.107107 0.996467 0.517254 0.521567 0.011286 3560 22
0.020724 0.962704 0.491262 0.496128 0.010065 2639 18
0.018897 0.962170 0.519733 0.524416 0.018080 3336 21
0.000639 0.998596 0.462448 0.466686 0.016279 3002 19
0.118141 0.910607 0.448701 0.452106 0.014028 2767 19
0.054871 0.982931 0.582310 0.586413 0.009988 2989 19
0.021856 0.960805 0.471004 0.474880 0.011000 2920 19
0.025708 0.984079 0.526745 0.530447 0.016819 2762 18
0.021012 0.822547 0.339323 0.344073 0.009998 3271 23
0.020821 0.983617 0.534062 0.538915 0.011167 3320 21
0.006475 0.980721 0.525613 0.530406 0.009988 2897 17
0.037068 0.964579 0.459872 0.463074 0.012116 3719 22
0.009487 0.995671 0.535337 0.539519 0.015648 4262 26
0.029536 0.960131 0.536445 0.540995 0.009173 2540 18
0.010532 0.991940 0.465094 0.469611 0.011030 3143 20
0.033833 0.982844 0.469011 0.473691 0.012319 3584 24
0.000143 0.997859 0.558776 0.563635 0.012998 3029 19
0.040457 0.957674 0.506131 0.510911 0.014881 2546 19
0.005212 0.986882 0.554616 0.559102 0.018033 2937 19
0.028757 0.970683 0.354412 0.359216 0.013956 3727 23
0.037877 0.974351 0.540383 0.545073 0.010010 2734 18
0.035364 0.944316 0.480208 0.484915 0.022269 3356 22
0.019963 0.999343 0.510657 0.515243 0.018377 3897 26
0.047320 0.985558 0.484706 0.488835 0.016947 2650 16
0.024097 0.991898 0.474263 0.478952 0.023108 3782 28
0.015117 0.994873 0.521314 0.525211 0.012925 3593 19
0.034545 0.970107 0.474760 0.478683 0.012831 3400 22
0.001171 0.986352 0.333401 0.337763 0.013905 3408 20
0.072034 0.973990 0.490907 0.495385 0.010062 2764 20
0.004374 0.989593 0.500622 0.503830 0.013251 3640 24
