0.005444 0.995252 0.472057 0.476782 0.801571 35452 22
0.004597 0.999572 0.527045 0.531731 0.936202 33834 21
0.005671 0.999669 0.504080 0.509031 0.940013 33082 21
0.001167 0.998492 0.502679 0.507141 0.817836 33503 21
0.007250 0.999725 0.522006 0.526578 0.837601 33488 21
0.001925 0.999883 0.490818 0.494809 0.822991 34712 22
0.003443 0.996343 0.449020 0.452767 0.847161 35710 23
0.000431 0.997792 0.508223 0.512720 0.823290 35027 22
0.001996 0.999800 0.498394 0.502990 0.772662 35298 22
0.000690 0.993814 0.502090 0.506587 1.121277 35307 22
0.003187 0.992709 0.502939 0.507690 1.085803 33011 21
0.004444 0.997103 0.477865 0.482717 0.938693 32775 21
0.003854 0.999757 0.502610 0.507363 1.276194 36417 22
0.001006 0.996427 0.502346 0.506487 1.090657 33930 21
0.000075 0.998158 0.488105 0.492992 1.051932 32459 21
0.000658 0.998573 0.464236 0.469168 1.261065 33142 21
0.005988 0.998930 0.506669 0.511434 1.058505 32282 20
0.005038 0.998961 0.476618 0.480773 1.085203 33476 21
0.008867 0.995285 0.495302 0.500005 1.224020 36453 23
0.004475 0.999052 0.502560 0.507413 1.035766 32337 20
0.001225 0.999438 0.497246 0.501876 1.242217 34439 22
0.005509 0.999768 0.461954 0.466423 1.163705 33900 21
0.001961 0.998386 0.491234 0.496070 1.044385 34910 22
0.004387 0.999354 0.501575 0.506535 1.065905 32099 20
0.001818 0.997016 0.542324 0.546638 1.224057 34166 21
0.004673 0.997705 0.491338 0.496092 1.165040 34157 21
0.003205 0.998989 0.512715 0.517474 1.083513 33152 20
0.000356 0.997506 0.499734 0.504559 1.295505 35998 22
0.003491 0.999784 0.503511 0.508390 1.181665 33467 21
0.002629 0.999648 0.484009 0.488002 1.316496 36810 22
0.001264 0.998628 0.502439 0.506919 1.179346 32403 20
0.002868 0.999994 0.491327 0.496174 1.299988 34882 22
0.004488 0.998122 0.522024 0.526798 1.026450 33991 21
0.002036 0.999192 0.475399 0.480195 1.094319 34577 22
0.000758 0.997760 0.479087 0.483569 0.926777 36706 23
0.005692 0.985096 0.487586 0.492015 0.801318 35418 22
0.001929 0.997566 0.501639 0.505585 0.992553 37335 23
0.000010 0.997619 0.512728 0.517009 0.853861 32601 21
0.000150 0.997472 0.494524 0.498873 0.888798 35192 22
0.000661 0.999644 0.474116 0.478137 0.937154 33753 21
0.000310 0.997551 0.484395 0.488169 0.984058 34753 22
0.003528 0.998668 0.509243 0.513513 0.972056 33632 21
0.001754 0.994184 0.527407 0.530610 1.070505 33708 21
0.000165 0.995046 0.497467 0.502378 0.943468 32257 20
0.000130 0.991092 0.477043 0.481108 1.213531 34663 22
0.000629 0.998841 0.516458 0.520692 1.528511 34595 22
0.002745 0.999566 0.499280 0.502642 1.268115 37530 24
0.000154 0.997751 0.501380 0.505194 1.385630 34405 21
0.004568 0.999389 0.501474 0.505351 1.573268 33315 21
0.004325 0.999537 0.501877 0.506129 1.341706 34124 22
0.003255 0.999039 0.508048 0.511956 1.193434 35648 23
0.000312 0.997180 0.540011 0.543814 1.274323 34853 22
0.001956 0.990978 0.466970 0.471063 1.184685 35904 23
0.005048 0.999449 0.513842 0.517772 1.271289 34820 22
0.003059 0.999130 0.495973 0.500425 1.328546 32963 21
0.000657 0.987174 0.488991 0.493089 1.330019 34305 22
0.012048 0.999423 0.476504 0.481453 1.360921 32671 20
0.001773 0.998300 0.507518 0.511124 1.235825 35352 23
0.006464 0.999946 0.458555 0.463392 1.079124 34549 22
0.002479 0.993855 0.473339 0.477723 1.396681 37227 24
0.003137 0.998755 0.488360 0.492146 1.376594 35920 23
0.001751 0.999124 0.489259 0.493270 1.363190 34521 22
0.001417 0.991321 0.489499 0.493597 1.448089 36214 23
0.002648 0.990566 0.489347 0.493443 1.354680 34140 21
0.002081 0.999550 0.517671 0.522270 1.092535 35464 22
0.003898 0.999971 0.505126 0.509203 1.132619 34285 21
0.006072 0.998347 0.505668 0.509338 1.449540 36060 22
0.003768 0.997421 0.464465 0.469249 1.241571 35188 22
0.000220 0.998183 0.484821 0.488925 1.192091 33853 21
0.000195 0.999119 0.513152 0.516706 1.134279 34616 22
0.002859 0.998229 0.509376 0.513053 1.368142 36920 23
0.000820 0.998920 0.473179 0.478174 1.205307 34889 22
0.000534 0.999982 0.509096 0.513150 1.203275 35590 22
0.006980 0.996562 0.486086 0.490362 1.316834 36650 23
0.000056 0.996416 0.469336 0.474272 1.498722 36131 23
0.003881 0.996777 0.499383 0.503458 1.268474 34916 22
0.000059 0.996209 0.499148 0.503823 1.235426 34934 22
0.002273 0.995933 0.504887 0.508500 1.363702 33816 21
0.008410 0.999560 0.493282 0.497813 1.333940 35092 22
0.001175 0.998829 0.449336 0.453638 1.359166 35547 23
0.001538 0.999551 0.483128 0.487424 1.439987 38194 24
0.002173 0.999815 0.490455 0.494303 1.203882 35711 22
0.002766 0.997391 0.530909 0.535576 1.193369 34668 22
0.000811 0.994697 0.496805 0.501774 1.074035 33927 22
0.001979 0.996682 0.504742 0.509239 1.125296 32523 21
0.001046 0.998116 0.501006 0.505016 1.212461 35965 23
0.001345 0.995762 0.491288 0.496227 0.840867 34249 21
0.001177 0.994810 0.482853 0.487825 0.788945 34730 22
0.001138 0.998185 0.515986 0.520032 0.771135 34276 22
0.004575 0.998545 0.498715 0.503356 0.717956 32179 20
0.004438 0.999688 0.515400 0.520031 0.797685 33178 21
0.000875 0.996236 0.496580 0.500523 0.818663 33864 21
0.000575 0.994766 0.507561 0.512533 0.950821 32776 21
0.001537 0.999975 0.492059 0.496973 0.893476 34992 22
0.006979 0.998213 0.534517 0.537486 0.921463 36520 23
0.000623 0.999616 0.478109 0.482563 0.807465 34865 22
0.001580 0.997291 0.523424 0.528211 0.857247 34682 22
0.002320 0.995847 0.493603 0.497793 0.962127 37196 23
0.006649 0.995549 0.488224 0.492760 0.958962 33704 21
0.006245 0.992393 0.499712 0.504611 0.825970 33696 21
