0.001363 0.999548 0.479174 0.483840 1.173770 44577 22
0.001400 0.998790 0.490083 0.494985 1.373615 45663 23
0.002528 0.998931 0.506726 0.511311 1.725461 47412 24
0.007475 0.998843 0.508692 0.513589 1.568710 42398 21
0.005451 0.999720 0.483424 0.488324 1.265564 41894 21
0.003916 0.997390 0.478247 0.482902 1.208022 41444 21
0.000276 0.996197 0.538108 0.542995 1.482290 41756 21
0.003225 0.998596 0.535807 0.539427 1.621639 42892 21
0.004824 0.997303 0.502909 0.506622 1.652470 47032 23
0.001740 0.997803 0.509539 0.513791 1.511688 43985 22
0.000473 0.997092 0.498924 0.503795 1.345445 44206 22
0.001318 0.994902 0.497985 0.501495 1.526152 43820 22
0.001210 0.998505 0.496144 0.500741 1.434730 44407 23
0.001503 0.998345 0.507490 0.511442 1.276221 43431 22
0.001221 0.997825 0.501613 0.506147 1.358165 44463 22
0.002996 0.998136 0.509473 0.513210 1.704049 42899 21
0.004119 0.996343 0.492706 0.497414 1.893577 42760 21
0.002125 0.999291 0.498980 0.503269 1.799734 44324 22
0.001649 0.994855 0.494964 0.499754 1.823239 41472 21
0.001839 0.996458 0.534878 0.539024 1.552814 40049 20
0.001428 0.998541 0.481612 0.485726 1.649379 45536 22
0.002190 0.999428 0.503762 0.508382 1.717956 41652 21
0.000405 0.999383 0.488530 0.493043 1.881724 43736 22
0.000643 0.998403 0.495074 0.499192 1.836350 41649 21
0.002028 0.998209 0.475222 0.479447 1.708271 40379 20
0.000542 0.999066 0.492972 0.495950 2.035691 43832 21
0.003005 0.999023 0.523329 0.527882 2.191405 42107 21
0.000127 0.997580 0.459563 0.464239 2.283476 43280 22
0.000787 0.999806 0.489992 0.493384 2.241496 45963 23
0.002170 0.994410 0.501346 0.505198 2.126383 46084 23
0.001173 0.999574 0.476369 0.480205 2.330045 45537 22
0.001410 0.998541 0.495835 0.500718 1.366557 42159 21
0.000487 0.995533 0.543541 0.547621 1.172312 43480 22
0.006858 0.998561 0.498104 0.502608 1.283937 43428 22
0.000497 0.999395 0.467461 0.472459 1.357585 43726 21
0.000767 0.994676 0.458514 0.462763 1.507980 41835 21
0.000433 0.997740 0.487939 0.492450 1.621921 44618 22
0.002634 0.997919 0.507539 0.511292 1.380603 46544 23
0.000510 0.998982 0.466881 0.471220 1.605462 44777 22
0.001197 0.997758 0.530076 0.534878 1.332236 42290 22
0.001216 0.997548 0.511276 0.515580 1.409928 45583 22
0.005070 0.996717 0.468262 0.471503 1.567457 45340 23
0.003314 0.990359 0.490761 0.493859 1.489985 47437 24
0.001144 0.999799 0.484822 0.489033 1.369887 42322 22
0.000463 0.996660 0.499105 0.502758 1.442102 46367 23
0.000513 0.997800 0.486806 0.490909 1.450381 42729 21
0.000393 0.999178 0.485435 0.489534 1.425207 44568 22
0.004820 0.996129 0.496627 0.500337 1.443614 45707 23
0.002262 0.999996 0.513601 0.517608 1.669886 46256 23
0.001984 0.999781 0.482530 0.487416 1.683978 41328 21
0.000320 0.997923 0.482712 0.486907 1.703379 42174 21
0.003159 0.998843 0.541679 0.546019 1.635927 44005 22
0.000064 0.996715 0.482518 0.485589 1.959638 48081 24
0.008503 0.998903 0.499493 0.504364 1.350878 41826 22
0.001066 0.997630 0.495287 0.499024 1.564073 43533 22
0.001790 0.996808 0.478997 0.482891 1.520554 44099 22
0.001635 0.997883 0.490657 0.495314 1.563217 41904 22
0.002227 0.996299 0.499291 0.503864 1.535590 43663 22
0.003338 0.999763 0.514080 0.518411 1.351197 42624 21
0.002985 0.995943 0.497159 0.501743 1.229184 39910 20
0.001143 0.995631 0.506072 0.510655 1.444156 46145 23
0.007070 0.997345 0.485726 0.490705 1.397589 44887 22
0.000865 0.998101 0.506828 0.510363 1.543113 49034 25
0.002260 0.998644 0.469558 0.473742 1.514115 46940 23
0.000825 0.998122 0.490704 0.495181 1.295097 42501 22
0.008666 0.999327 0.509658 0.514202 1.697901 43450 22
0.001693 0.999829 0.494202 0.498623 1.862025 44195 22
0.000232 0.995904 0.508978 0.513859 1.572341 45547 23
0.001958 0.999880 0.508549 0.513031 1.406185 43822 22
0.000547 0.998688 0.495450 0.500159 1.379261 44576 23
0.000517 0.998629 0.510355 0.513543 1.407953 46079 24
0.007681 0.999141 0.501095 0.504801 1.504436 45508 23
0.004759 0.996155 0.500881 0.504915 1.559580 44596 22
0.002626 0.999612 0.483508 0.487838 1.494124 42019 21
0.002292 0.999836 0.481150 0.483891 1.414780 45637 23
0.002970 0.998479 0.511839 0.516508 1.352683 44007 22
0.001953 0.999307 0.515378 0.519790 1.404198 43847 22
0.002037 0.994522 0.499769 0.503528 1.347466 42901 22
0.001423 0.997263 0.497289 0.501676 1.375439 43218 22
0.001394 0.999039 0.484808 0.489645 1.374893 43720 22
0.000055 0.999518 0.500757 0.504607 1.381586 45982 23
0.000098 0.997088 0.493336 0.497295 1.352977 44345 21
0.006061 0.998174 0.506607 0.511064 1.563374 43233 22
0.001970 0.998888 0.486523 0.491366 1.253046 41608 21
0.004861 0.999881 0.480456 0.484855 1.269996 42099 21
0.000652 0.998223 0.492417 0.497343 1.258625 40740 20
0.004352 0.998380 0.496461 0.500613 1.443518 44954 22
0.000586 0.998823 0.491030 0.495632 1.326621 43495 22
0.000939 0.996594 0.516918 0.521079 1.399113 44262 22
0.004293 0.998873 0.500306 0.505184 1.374234 42718 21
0.002965 0.997088 0.495034 0.499903 1.296303 40273 20
0.003564 0.997533 0.502510 0.507203 1.281532 43404 22
0.000435 0.996131 0.503518 0.507784 1.252201 41545 21
0.000489 0.998467 0.528819 0.532705 1.477673 48933 25
0.000454 0.999782 0.512703 0.516880 1.315218 44062 22
0.000460 0.999979 0.506586 0.510534 1.372844 45539 23
0.003863 0.995175 0.494436 0.498548 1.244826 43509 22
0.001876 0.997213 0.499933 0.503376 1.445767 50161 25
0.000597 0.999792 0.511956 0.516942 1.366763 45910 23
0.001580 0.999700 0.500407 0.504257 1.313523 43248 22
