0.043663 0.999956 0.609772 0.614064 0.004731 1829 23
0.050324 0.975214 0.560493 0.564862 0.004104 1594 21
0.007894 0.997825 0.432868 0.436393 0.005673 1247 17
0.086476 0.989234 0.485513 0.490453 0.007764 1678 20
0.031015 0.998851 0.510891 0.515512 0.004041 1281 16
0.166585 0.868925 0.564258 0.569056 0.003976 1322 16
0.000012 0.979270 0.442175 0.446929 0.004516 1698 20
0.033446 0.999554 0.537711 0.542573 0.007081 1855 24
0.040951 0.928077 0.473002 0.477074 0.005974 1359 17
0.241853 0.909289 0.572516 0.576553 0.005818 1225 16
0.010603 0.890213 0.475227 0.480123 0.004910 1059 15
0.044894 0.980110 0.487514 0.492352 0.007033 1759 22
0.044881 0.995510 0.576433 0.580835 0.005039 1400 22
0.058029 0.902456 0.433275 0.437455 0.007066 1442 19
0.083764 0.955354 0.447713 0.451655 0.005893 1532 20
0.005292 0.976667 0.508393 0.513321 0.006956 1837 26
0.013601 0.956633 0.467991 0.471906 0.007701 1829 23
0.001582 0.906108 0.347251 0.351941 0.004997 1109 14
0.060039 0.972585 0.532854 0.537105 0.003528 1322 18
0.056075 0.941297 0.334881 0.338930 0.007191 1502 21
0.008843 0.974399 0.405488 0.408706 0.006998 1232 17
0.018796 0.881935 0.418405 0.422856 0.006516 1316 16
0.109104 0.960274 0.536333 0.541282 0.006204 1403 17
0.053982 0.992713 0.441274 0.445634 0.004107 1307 16
0.005139 0.899633 0.395273 0.400160 0.007023 1461 16
0.026180 0.868475 0.423334 0.427587 0.006002 1686 21
0.044536 0.995633 0.526045 0.530904 0.006306 1419 19
0.011991 0.930877 0.506897 0.510598 0.005267 1215 17
0.026574 0.996759 0.621070 0.625326 0.003998 1550 21
0.005961 0.979180 0.548517 0.552872 0.006988 1576 18
0.140134 0.959734 0.502069 0.506446 0.003098 1022 14
0.028521 0.744372 0.482820 0.487057 0.007889 1717 23
0.122461 0.945701 0.514195 0.517620 0.006567 1463 22
0.064322 0.976317 0.549414 0.554303 0.006124 1415 18
0.022898 0.894495 0.455986 0.460949 0.021284 7716 121
0.013904 0.970070 0.466299 0.470664 0.005002 1589 20
0.039816 0.899986 0.442183 0.446507 0.005998 1474 19
0.038386 0.959902 0.535124 0.539935 0.004109 1410 20
0.016239 0.891952 0.467034 0.470283 0.005872 1483 19
0.001381 0.989505 0.529237 0.532697 0.003999 1465 21
0.077523 0.925918 0.419262 0.424155 0.003018 1277 20
0.042942 0.920532 0.539334 0.543528 0.005929 1529 19
0.108454 0.982290 0.586889 0.591464 0.002987 1332 17
0.082490 0.996268 0.519025 0.523205 0.004369 1326 23
0.020722 0.906857 0.388862 0.393070 0.005080 1425 19
0.026763 0.997663 0.471812 0.476247 0.003657 1398 17
0.039597 0.953556 0.403801 0.407200 0.007369 1437 21
0.004032 0.977941 0.521264 0.525737 0.006986 1616 24
0.013687 0.949355 0.463105 0.466878 0.006888 1406 17
0.006816 0.967031 0.439202 0.444131 0.007121 1631 24
0.013747 0.974646 0.585858 0.590456 0.009176 1919 25
0.088048 0.972389 0.512594 0.516614 0.004999 1169 15
0.025145 0.913800 0.616897 0.621407 0.006001 1353 18
0.029325 0.984401 0.599990 0.604255 0.006666 1417 18
0.009803 0.980649 0.380571 0.384255 0.005038 1540 18
0.065781 0.966323 0.582825 0.587326 0.007660 1822 23
0.133565 0.959992 0.471646 0.474793 0.007847 1826 24
0.013613 0.983563 0.498449 0.503252 0.006222 1765 24
0.001302 0.919896 0.344784 0.349180 0.002997 1282 15
0.110125 0.755234 0.410594 0.413416 0.005970 1298 16
0.017325 0.982265 0.488162 0.492181 0.004138 1662 19
0.102901 0.995633 0.570020 0.573287 0.004847 1819 22
0.050814 0.993594 0.509883 0.514342 0.003030 1271 19
0.094048 0.801618 0.378654 0.382247 0.007266 1417 19
0.009289 0.983883 0.480772 0.485673 0.009387 2197 29
0.129255 0.951689 0.527100 0.531184 0.006094 1363 19
0.023994 0.875408 0.527179 0.531689 0.006997 1650 19
0.165387 0.976736 0.522823 0.526551 0.007002 1628 20
0.002026 0.853094 0.518262 0.522958 0.007036 1536 22
0.027503 0.986594 0.535709 0.539471 0.006649 1440 18
0.010002 0.973791 0.505030 0.508673 0.006921 1346 17
0.100561 0.976355 0.613953 0.617637 0.004416 1435 18
0.022580 0.990475 0.459661 0.463086 0.002800 1146 14
0.021809 0.987294 0.534601 0.538978 0.005767 1660 22
0.031387 0.949738 0.437131 0.441457 0.009863 2129 25
0.012888 0.968157 0.485526 0.490401 0.009485 2271 25
0.070708 0.998084 0.519068 0.522897 0.004000 1521 17
0.017413 0.996225 0.499623 0.504175 0.003000 1284 18
0.084001 0.923633 0.465061 0.469113 0.005037 1301 15
0.004082 0.940653 0.500842 0.504875 0.007892 1791 25
0.007632 0.982421 0.532528 0.537127 0.007998 1648 21
0.142931 0.921420 0.561866 0.566682 0.006673 1360 18
0.103365 0.913732 0.496642 0.499029 0.005000 1262 17
0.058847 0.998193 0.499206 0.503690 0.006009 1478 20
0.000065 0.970542 0.596743 0.601590 0.006967 1581 20
0.005792 0.933240 0.397667 0.402378 0.006419 1196 18
0.014487 0.988420 0.462927 0.467150 0.006068 1342 16
0.018074 0.909472 0.482441 0.486674 0.004998 1202 17
0.015005 0.920044 0.382986 0.387176 0.005492 1149 15
0.042680 0.919008 0.473718 0.477517 0.006569 1393 21
0.031379 0.994505 0.432747 0.437267 0.006331 1352 18
0.065389 0.972583 0.516974 0.521109 0.006073 1452 18
0.002596 0.984120 0.434685 0.438782 0.007037 1982 26
0.008271 0.896574 0.540560 0.544128 0.007487 1533 20
0.108335 0.984142 0.473683 0.478519 0.006642 1335 17
0.030141 0.952110 0.362858 0.367219 0.004998 1428 21
0.008268 0.971029 0.553237 0.557535 0.008506 1535 20
0.009837 0.960701 0.383726 0.388235 0.006062 1385 18
0.004695 0.915462 0.395790 0.400172 0.006951 1387 17
0.003381 0.992034 0.569108 0.573893 0.005071 1226 17
