0.021541 0.989570 0.536122 0.540546 0.204714 17998 23
0.000089 0.991133 0.488591 0.493380 0.195932 16810 22
0.006651 0.998301 0.542650 0.545979 0.197855 17095 22
0.001700 0.992404 0.490152 0.494557 0.204452 17138 21
0.002682 0.998337 0.539968 0.544646 0.201713 16225 21
0.000143 0.998019 0.476579 0.481472 0.195564 15894 20
0.005878 0.994588 0.511934 0.516249 0.212003 15740 20
0.011206 0.996679 0.521320 0.525510 0.245825 18625 24
0.000275 0.998696 0.528115 0.532223 0.218745 16439 21
0.009602 0.997538 0.502392 0.506878 0.320865 16352 21
0.007640 0.994651 0.492014 0.496371 0.272977 16548 21
0.002745 0.997428 0.523777 0.528178 0.241045 18566 23
0.001334 0.991000 0.479810 0.483470 0.207789 17662 23
0.012939 0.999493 0.493152 0.497455 0.211907 17421 22
0.000653 0.999148 0.454273 0.458145 0.204518 17288 20
0.007145 0.997540 0.490640 0.494061 0.218905 17570 22
0.008024 0.993868 0.512865 0.516458 0.240709 17876 23
0.008418 0.999786 0.474466 0.479054 0.288567 16357 22
0.008342 0.991190 0.509724 0.513412 0.355623 17342 22
0.002912 0.996155 0.533290 0.537016 0.291123 16406 21
0.000833 0.996604 0.493687 0.498038 0.251368 19027 24
0.003216 0.984207 0.465766 0.470638 0.242304 16267 20
0.005282 0.995861 0.509712 0.514579 0.249584 16335 21
0.015856 0.994106 0.483544 0.487075 0.238333 16549 21
0.022212 0.993779 0.489948 0.494396 0.214846 15461 20
0.007005 0.996574 0.484159 0.488701 0.220805 15885 20
0.001713 0.993760 0.467851 0.471844 0.246692 17954 23
0.005414 0.999041 0.496287 0.499663 0.255276 18345 23
0.000441 0.994260 0.482280 0.486673 0.254984 17402 22
0.001462 0.996825 0.515358 0.519370 0.251146 16493 22
0.010737 0.996271 0.511401 0.515446 0.207671 15829 21
0.006129 0.998038 0.517751 0.522451 0.208063 16567 21
0.004995 0.999864 0.512877 0.516527 0.256605 17173 22
0.000741 0.987838 0.479009 0.482774 0.253935 16292 20
0.003230 0.999754 0.463397 0.467654 0.395778 19002 23
0.003315 0.994475 0.503791 0.508151 0.326336 17656 22
0.003692 0.990219 0.478209 0.482773 0.285914 15171 20
0.013527 0.986127 0.497111 0.502043 0.308907 16998 21
0.012036 0.990336 0.541302 0.543517 0.418130 17510 22
0.003570 0.998174 0.491480 0.495324 0.343363 17317 22
0.005488 0.984647 0.490938 0.495370 0.366348 19186 24
0.001030 0.999585 0.503443 0.507103 0.269032 17526 23
0.004459 0.995475 0.543097 0.547586 0.248307 16257 20
0.003543 0.978613 0.500947 0.505150 0.291664 17200 21
0.009473 0.999174 0.483323 0.487477 0.300832 17144 21
0.001522 0.996755 0.494754 0.498386 0.428066 17675 23
0.004786 0.999722 0.543986 0.547753 0.278242 16910 21
0.004409 0.999041 0.451497 0.456057 0.329493 16756 20
0.004950 0.995340 0.501601 0.506418 0.274547 16165 20
0.003451 0.993618 0.451578 0.456008 0.262387 16249 22
0.001714 0.998284 0.503823 0.507398 0.294781 15272 20
0.001383 0.998249 0.538242 0.543216 0.310484 16050 20
0.005529 0.999714 0.484288 0.488229 0.284179 17729 22
0.004084 0.990095 0.492441 0.496736 0.262511 16701 21
0.004908 0.997380 0.478828 0.483454 0.272517 15722 20
0.000446 0.990063 0.463729 0.468128 0.272544 17302 22
0.015057 0.996136 0.502507 0.506150 0.247388 16550 22
0.004713 0.999461 0.512766 0.516673 0.286483 16026 20
0.002806 0.997586 0.472800 0.477753 0.289213 16952 21
0.001213 0.994356 0.455251 0.459758 0.298785 16415 21
0.004561 0.999716 0.491562 0.496498 0.299362 16440 21
0.000750 0.996584 0.488096 0.492840 0.281464 16711 20
0.000880 0.992063 0.445704 0.450576 0.402119 16142 21
0.001714 0.999161 0.452535 0.456361 0.350280 16498 21
0.012112 0.995424 0.480292 0.484876 0.330863 16102 21
0.001183 0.987995 0.489750 0.493926 0.347732 16534 21
0.009214 0.990710 0.480590 0.485046 0.352421 16958 21
0.016928 0.996421 0.525956 0.530950 0.330318 15514 20
0.004619 0.996276 0.486486 0.489964 0.382006 18036 21
0.007913 0.999686 0.465406 0.470076 0.295266 17193 21
0.018518 0.989295 0.505276 0.509740 0.353472 17445 22
0.005765 0.985682 0.491449 0.496392 0.376410 16279 20
0.001010 0.999008 0.466420 0.470574 0.318091 17598 23
0.005330 0.985217 0.465652 0.470320 0.308231 16500 20
0.006624 0.998879 0.495301 0.499723 0.401257 19255 24
0.012867 0.991987 0.491605 0.495918 0.302675 16721 20
0.000873 0.998089 0.525238 0.529806 0.342659 16639 21
0.002295 0.991110 0.495853 0.500848 0.315670 17429 23
0.001365 0.988831 0.507914 0.512350 0.310022 15177 19
0.006743 0.994871 0.519264 0.523779 0.425243 18864 23
0.002294 0.997471 0.480812 0.485039 0.344977 17080 22
0.003787 0.997638 0.468226 0.472467 0.306411 16610 21
0.003807 0.977022 0.476509 0.480928 0.299306 15742 19
0.011043 0.997541 0.519196 0.522505 0.332511 17809 23
0.004010 0.996286 0.533229 0.536842 0.296346 16373 21
0.006964 0.996211 0.496642 0.501349 0.310566 16011 21
0.005386 0.999817 0.533459 0.537997 0.322424 16519 20
0.000096 0.996542 0.498494 0.502526 0.381144 17751 22
0.001500 0.999443 0.520917 0.525909 0.323890 16383 21
0.019615 0.999326 0.535545 0.540318 0.324562 18045 22
0.001157 0.999328 0.493471 0.497693 0.392054 17454 22
0.010978 0.998545 0.467693 0.471517 0.342241 18893 23
0.001832 0.999521 0.504781 0.509271 0.333007 17656 23
0.002010 0.968951 0.525527 0.530390 0.399331 18835 23
0.010331 0.999895 0.526697 0.530842 0.366744 17847 22
0.001262 0.993175 0.512973 0.516766 0.334675 15615 20
0.013783 0.999022 0.488707 0.493566 0.297922 16823 21
0.005019 0.988216 0.491051 0.495078 0.283094 16452 21
0.006663 0.998625 0.461435 0.466346 0.278492 15949 20
0.007503 0.998703 0.489263 0.493190 0.325235 18724 24
