0.001545 0.991979 0.450939 0.454967 0.402716 25864 22
0.001483 0.997439 0.492232 0.497115 0.427122 25325 20
0.001117 0.995202 0.505955 0.510493 0.408571 25219 22
0.001628 0.983191 0.471190 0.475882 0.409019 25569 22
0.003813 0.998840 0.494404 0.498508 0.449628 26446 22
0.000026 0.998292 0.531853 0.536694 0.428571 23417 20
0.009079 0.994273 0.509238 0.513125 0.451548 25164 21
0.001562 0.999603 0.461572 0.466296 0.416051 26078 22
0.001027 0.998883 0.511696 0.515459 0.450020 26416 23
0.004144 0.998919 0.473961 0.478891 0.391447 23189 20
0.000307 0.988027 0.451750 0.456374 0.412023 24164 20
0.001637 0.987436 0.514496 0.518729 0.438695 24670 21
0.003581 0.998765 0.485233 0.489619 0.425488 25093 21
0.004785 0.999705 0.529049 0.533220 0.446751 26589 22
0.000395 0.996402 0.506536 0.511393 0.513223 24970 20
0.003281 0.993097 0.490122 0.494322 0.452987 24558 21
0.000490 0.996186 0.474034 0.478283 0.479078 26239 22
0.011737 0.999656 0.493669 0.497350 0.547570 25908 21
0.005634 0.996240 0.524886 0.529734 0.573206 25939 22
0.000582 0.999645 0.517849 0.521956 0.560141 26816 22
0.001289 0.999740 0.466603 0.471095 0.470724 23973 20
0.001356 0.999211 0.511278 0.515454 0.551203 25905 21
0.002753 0.999236 0.532354 0.536465 0.566332 25208 21
0.000458 0.999023 0.502178 0.507010 0.654402 25875 22
0.011858 0.991874 0.499048 0.503958 0.704374 27762 23
0.001020 0.992192 0.477844 0.482165 0.771335 26795 23
0.009148 0.998354 0.506491 0.511316 0.682219 26011 22
0.000140 0.998919 0.492827 0.497805 0.546428 26834 23
0.001194 0.999131 0.478183 0.482038 0.643890 27661 23
0.001886 0.999521 0.506446 0.511376 0.627480 23980 20
0.004663 0.996730 0.497289 0.502269 0.672938 23749 20
0.001638 0.998801 0.493719 0.497915 0.728758 27243 23
0.002705 0.989887 0.521033 0.524936 0.636889 26951 22
0.004557 0.995145 0.478483 0.482803 0.672349 22766 19
0.001837 0.994788 0.482396 0.486651 0.710914 25692 21
0.001921 0.994311 0.529631 0.533198 0.584527 25378 21
0.007004 0.997467 0.487006 0.490951 0.658927 25304 21
0.001292 0.993362 0.477083 0.481395 0.579779 24875 20
0.004147 0.993697 0.523391 0.528328 0.745545 25526 22
0.014338 0.996711 0.525238 0.529633 0.637916 25412 21
0.008480 0.999713 0.496830 0.501503 0.709563 24597 20
0.005138 0.999513 0.465191 0.469331 0.648939 24941 21
0.005506 0.999469 0.506495 0.510996 0.777875 25834 22
0.002681 0.991325 0.521279 0.525061 0.750056 27476 22
0.009022 0.995791 0.502375 0.506226 0.683761 25554 21
0.000377 0.998109 0.511308 0.515784 0.619908 25458 23
0.001997 0.997942 0.479147 0.482998 0.807623 29265 24
0.003614 0.994798 0.506976 0.510421 0.805470 25845 21
0.003228 0.992538 0.525074 0.529669 0.576342 25323 22
0.002528 0.999503 0.527181 0.532006 0.787539 25816 21
0.006935 0.998614 0.545729 0.550570 0.973048 32451 28
0.006980 0.999346 0.487086 0.491969 0.638484 24215 20
0.003664 0.989217 0.484722 0.489576 0.835753 27171 23
0.000554 0.998795 0.514329 0.518832 0.764182 24165 20
0.000292 0.999613 0.491414 0.495790 0.873751 25499 21
0.000957 0.999915 0.497777 0.501304 0.710464 24255 20
0.000878 0.998100 0.473569 0.478158 0.633530 26439 22
0.002858 0.993536 0.500008 0.504923 0.594787 24956 21
0.006286 0.988741 0.466878 0.471501 0.739914 25714 22
0.012520 0.998274 0.491289 0.495655 0.812718 26934 22
0.003976 0.998942 0.508079 0.512030 0.730345 26820 22
0.001532 0.999865 0.506476 0.511295 0.732913 25560 21
0.002568 0.999992 0.470831 0.474605 0.934744 27035 22
0.002411 0.999032 0.487528 0.491739 0.677461 25523 22
0.001884 0.993067 0.512376 0.517282 0.544733 23783 20
0.000377 0.998794 0.462588 0.466087 0.755876 24956 21
0.003000 0.998641 0.466648 0.471177 0.724424 27112 22
0.007902 0.998859 0.505401 0.509662 0.680529 25811 21
0.000634 0.997184 0.506120 0.510970 0.727649 24238 21
0.000984 0.997907 0.513311 0.517809 0.677449 24781 21
0.000626 0.998033 0.519152 0.523326 0.782715 27058 22
0.000977 0.994172 0.483329 0.488092 0.560609 25344 21
0.000789 0.994689 0.485508 0.489779 0.604654 24818 21
0.001544 0.998357 0.530674 0.534854 0.614871 24908 21
0.010671 0.998487 0.555874 0.559542 0.650881 27212 24
0.001209 0.998185 0.472400 0.476762 0.543136 26952 22
0.001255 0.999372 0.494401 0.499135 0.457463 25007 20
0.001671 0.999269 0.493294 0.496855 0.463321 26001 22
0.001326 0.996118 0.507455 0.511380 0.472372 26090 22
0.005471 0.997249 0.448675 0.453474 0.453135 23264 20
0.002917 0.994719 0.493166 0.497908 0.426644 24999 21
0.000318 0.998132 0.472691 0.477410 0.447426 26301 22
0.000269 0.997089 0.482088 0.486970 0.444762 23157 19
0.001063 0.999061 0.474244 0.478552 0.533306 23645 19
0.001046 0.996965 0.506265 0.510792 0.490902 26092 22
0.000317 0.991658 0.476302 0.479669 0.508865 25539 21
0.001846 0.998048 0.487096 0.491401 0.501003 25698 21
0.004584 0.999235 0.521182 0.525329 0.518810 26264 22
0.003961 0.999861 0.468258 0.472445 0.516216 25907 22
0.008440 0.996375 0.511149 0.514894 0.473354 25800 21
0.015831 0.998647 0.523418 0.527488 0.472497 25704 22
0.000327 0.990237 0.494313 0.498800 0.495044 26827 22
0.000911 0.999941 0.485681 0.489981 0.524641 24689 21
0.000151 0.999459 0.482280 0.486281 0.543951 24901 21
0.001531 0.999314 0.537850 0.542500 0.610933 29386 24
0.001069 0.997069 0.513256 0.518077 0.566591 26184 22
0.003026 0.998110 0.500724 0.504356 0.565905 27709 23
0.004305 0.990436 0.498332 0.503099 0.572195 26733 23
0.001527 0.998110 0.477828 0.482007 0.582908 25557 21
0.003881 0.996818 0.492001 0.496738 0.528740 26555 22
