0.018515 0.944740 0.476169 0.481108 96.002787 8517 24
0.070755 0.983688 0.519798 0.524478 161.756599 9349 26
0.030168 0.954439 0.473077 0.477725 180.556232 9525 26
0.077480 0.973198 0.548389 0.553114 158.568117 8208 23
0.073966 0.984078 0.517238 0.520771 167.603422 9023 26
0.026487 0.946921 0.505745 0.510373 164.188625 9526 27
0.055673 0.941303 0.472135 0.476999 151.838811 8908 25
0.079636 0.898862 0.488998 0.493694 144.868900 8239 23
0.005465 0.939984 0.476404 0.480277 126.827373 7890 23
0.057564 0.977206 0.436092 0.439657 151.399081 8943 25
0.071845 0.976676 0.467505 0.470873 161.907821 9686 29
0.064601 0.961914 0.514454 0.518326 145.037191 8906 27
0.113453 0.929365 0.503969 0.508384 143.280985 8751 25
0.090763 0.893832 0.486245 0.491222 121.803958 7389 21
0.022134 0.901916 0.496047 0.500794 158.099825 10200 29
0.004456 0.978051 0.505940 0.509771 158.880280 10003 29
0.151271 0.890256 0.514633 0.518998 130.240022 8589 25
0.075826 0.991705 0.492508 0.497013 155.942753 9773 27
0.034131 0.957365 0.448864 0.453617 136.031769 8349 23
0.017568 0.980768 0.473303 0.477799 161.730080 9978 29
0.028291 0.925813 0.422349 0.426682 122.057798 7911 23
0.040584 0.939142 0.446021 0.450645 144.127181 8802 24
0.110082 0.967562 0.447571 0.452165 169.912831 10139 29
0.028125 0.927217 0.510910 0.515579 150.745721 8994 26
0.040049 0.940282 0.496238 0.501210 154.477203 9381 27
0.104591 0.975228 0.535312 0.539318 151.097865 9269 26
0.027830 0.895240 0.495205 0.500137 117.180923 6997 20
0.040726 0.978763 0.484251 0.488189 145.533514 9412 28
0.049900 0.964014 0.503704 0.508667 133.032429 8362 24
0.089767 0.953947 0.513422 0.517551 152.088811 9623 27
0.020492 0.912822 0.507358 0.511811 123.190706 7883 23
0.064223 0.947236 0.513817 0.518754 127.899347 8218 24
0.004459 0.967653 0.479582 0.484444 109.327305 9444 26
0.075933 0.954120 0.470028 0.474524 88.711595 8284 23
0.043631 0.964259 0.498178 0.502968 86.058787 8347 23
0.045311 0.907369 0.508162 0.512175 89.538371 8693 26
0.047186 0.995927 0.484829 0.487798 100.110293 8987 26
0.059198 0.936304 0.483276 0.487489 97.632385 8968 25
0.009828 0.849822 0.475908 0.480381 89.507780 8532 24
0.069237 0.945872 0.509768 0.514477 105.812676 9748 27
0.061450 0.945465 0.464028 0.468954 100.277054 9294 27
0.045926 0.975868 0.487004 0.491044 86.932678 8503 24
0.067108 0.904197 0.502736 0.507479 88.730003 8528 25
0.015826 0.935524 0.463067 0.466714 94.341710 9125 26
0.043669 0.911588 0.529187 0.533608 94.368553 9292 28
0.058495 0.954228 0.528618 0.532508 93.730242 9092 26
0.086988 0.953042 0.476693 0.481233 85.062213 8827 26
0.067854 0.961389 0.497403 0.501517 88.182845 8571 24
0.082436 0.942771 0.527363 0.532273 95.121010 9038 26
0.027835 0.947951 0.446117 0.450546 89.075543 8479 24
0.020873 0.974442 0.468440 0.472590 90.915936 8867 26
0.049027 0.958096 0.474094 0.479081 86.443288 8346 23
0.024951 0.977550 0.520721 0.525290 85.778182 8171 23
0.040746 0.984828 0.467660 0.471624 89.828876 8754 26
0.023836 0.951476 0.462429 0.466763 96.011941 8171 23
0.049610 0.938265 0.464587 0.467280 107.699565 9741 28
0.059111 0.914170 0.535064 0.539734 96.250417 8264 23
0.036016 0.957054 0.524191 0.528769 102.685179 8606 25
0.054847 0.976784 0.466310 0.470631 85.412445 7556 21
0.093653 0.958627 0.535041 0.539091 114.844746 9568 27
0.078871 0.931348 0.470375 0.474978 107.622475 8972 25
0.036236 0.969548 0.500009 0.504643 94.086884 8355 24
0.019592 0.930399 0.498069 0.502865 93.684903 8115 24
0.041546 0.990188 0.437060 0.442008 117.751861 9769 27
0.019640 0.945364 0.516594 0.520600 100.199545 8924 24
0.094545 0.970433 0.473886 0.477454 119.490210 10811 31
0.044558 0.977591 0.523560 0.528152 95.847464 8139 24
0.018121 0.965221 0.503251 0.507886 114.908907 9566 27
0.047084 0.974191 0.482087 0.486245 100.692153 9455 28
0.049832 0.989373 0.513354 0.518209 100.141690 8435 24
0.100801 0.959431 0.527095 0.531114 93.590053 8018 23
0.024660 0.924183 0.492729 0.495530 107.853733 9050 26
0.085551 0.943562 0.503969 0.508819 80.538793 8099 23
0.021005 0.907165 0.450124 0.454083 87.617094 8365 24
0.034829 0.914102 0.491715 0.495697 110.909201 8664 25
0.113951 0.943176 0.538962 0.543589 121.901897 9941 28
0.010406 0.957838 0.509682 0.514177 90.014150 8002 24
0.068818 0.965129 0.470868 0.475431 95.255354 9441 26
0.035209 0.952903 0.478361 0.483109 76.255795 7850 23
0.091298 0.951568 0.472788 0.477001 79.595451 8407 25
0.161073 0.980343 0.531782 0.535816 90.848574 9234 26
0.058797 0.875474 0.466111 0.470501 77.484311 8073 23
0.083816 0.868892 0.526967 0.531740 78.529991 8341 24
0.071032 0.954992 0.514650 0.519053 80.667774 8250 23
0.017414 0.974141 0.432742 0.437505 91.841819 8554 25
0.038895 0.957925 0.475306 0.479732 91.053846 8090 24
0.051217 0.941938 0.518744 0.522809 100.837441 8434 24
0.067951 0.931650 0.465169 0.469152 92.825365 8539 24
0.093462 0.937081 0.512152 0.516784 85.053875 7540 22
0.050115 0.921159 0.495085 0.499396 122.534961 10161 29
0.062063 0.997468 0.484298 0.488805 108.772316 9794 27
0.063697 0.884690 0.446936 0.449843 84.167858 8537 24
0.020253 0.962582 0.475868 0.480841 101.459876 8607 24
0.081929 0.904359 0.549310 0.553888 114.927860 9457 27
0.080665 0.948962 0.470907 0.475628 105.588382 8758 24
0.040363 0.935093 0.518324 0.523250 89.667983 7722 22
0.026197 0.954486 0.478459 0.482314 100.925975 8798 25
0.113218 0.911181 0.484918 0.489470 100.654149 8179 23
0.067162 0.973309 0.528741 0.533381 98.353737 8480 24
0.073670 0.909283 0.520820 0.525397 117.258409 8365 24
