0.180258 0.807939 0.470114 0.473856 0.460750 958 19
0.235855 0.780912 0.570602 0.575376 0.452893 925 18
0.099603 0.690156 0.335243 0.338906 0.625351 1226 21
0.253058 0.799394 0.477903 0.482638 0.589263 1084 20
0.174800 0.910721 0.663320 0.668130 0.538644 1137 23
0.171707 0.900821 0.390019 0.394537 0.678432 1464 29
0.100775 0.808871 0.474564 0.478530 0.503209 1070 22
0.133580 0.917732 0.456135 0.460859 0.796679 1767 33
0.171205 0.739176 0.462424 0.467029 0.595656 1341 23
0.108775 0.906873 0.509163 0.513960 0.493984 1032 21
0.169230 0.906099 0.381524 0.385793 0.618780 1322 26
0.093198 0.831456 0.467341 0.472319 0.533261 1113 20
0.132668 0.924388 0.567844 0.571861 0.633165 1228 27
0.031580 0.673054 0.441535 0.446232 0.803439 1714 38
0.093300 0.943984 0.494684 0.498485 0.838681 1847 33
0.134875 0.847032 0.530799 0.534709 0.666992 1394 27
0.080668 0.872610 0.545301 0.549619 0.546093 1071 23
0.060603 0.824007 0.460407 0.464211 0.517577 1027 18
0.210085 0.973023 0.542746 0.545882 0.615921 1254 23
0.226219 0.794195 0.517569 0.521565 0.485452 961 19
0.080835 0.814269 0.448589 0.452530 0.653761 1352 26
0.103468 0.876198 0.425460 0.429766 0.712142 1467 29
0.118652 0.956176 0.468365 0.471968 0.584751 1242 23
0.343917 0.855097 0.522717 0.526667 0.638425 1326 26
0.191407 0.846540 0.567640 0.571182 0.604825 1056 21
0.234351 0.916203 0.568548 0.572840 0.490515 1015 22
0.099909 0.749680 0.455071 0.459813 0.592861 1247 28
0.032566 0.877236 0.443882 0.448111 0.795086 1706 35
0.132251 0.958219 0.588254 0.591635 0.663150 1303 28
0.132724 0.661097 0.385291 0.389514 0.574513 1096 23
0.047869 0.684209 0.425647 0.429979 0.620236 1221 25
0.178650 0.855676 0.519939 0.523928 0.498434 1006 20
0.120030 0.837143 0.475498 0.480129 0.458350 906 16
0.068725 0.698917 0.464095 0.468193 0.463753 960 18
0.045705 0.911038 0.427981 0.432300 0.714062 1592 31
0.239534 0.721414 0.464870 0.469350 0.450671 986 20
0.166073 0.963296 0.744092 0.748364 0.605829 1320 27
0.190552 0.847819 0.461845 0.466711 0.604941 1308 22
0.100511 0.946263 0.592729 0.596316 0.685907 1552 32
0.187122 0.790894 0.527003 0.531987 0.602695 1286 24
0.017055 0.980455 0.589349 0.594212 0.564711 1246 30
0.177307 0.852891 0.585619 0.589665 0.515239 1080 21
0.220645 0.890430 0.499918 0.504116 0.499894 1036 21
0.158081 0.905621 0.446764 0.450981 0.634750 1348 25
0.116645 0.866210 0.536297 0.541192 1.083124 2527 48
0.091534 0.792803 0.495478 0.500010 0.633166 1308 31
0.148282 0.915550 0.567276 0.572124 0.462632 933 20
0.211070 0.981911 0.555907 0.560143 0.629455 1325 28
0.101550 0.775148 0.486517 0.489725 0.559435 1163 24
0.245678 0.903369 0.541502 0.544485 0.554739 1160 23
0.199517 0.877944 0.583573 0.587736 0.591102 1233 25
0.062179 0.806888 0.516593 0.521589 0.578429 1205 23
0.113187 0.904622 0.523439 0.527275 0.738032 1559 33
0.200244 0.801480 0.483359 0.488106 0.626542 1303 23
0.239697 0.946668 0.512178 0.517015 0.982083 2163 42
0.072338 0.731016 0.461985 0.466833 0.453267 912 17
0.228360 0.899839 0.568679 0.573512 0.592150 1196 23
0.016141 0.855279 0.351872 0.356428 1.017033 2238 47
0.080855 0.815256 0.459931 0.464744 0.563850 1194 23
0.052905 0.956899 0.584543 0.588941 0.699843 1529 28
0.034440 0.803951 0.466136 0.470159 0.834981 1752 29
0.296458 0.885987 0.577689 0.582498 0.525508 1028 19
0.210316 0.763708 0.488907 0.493127 0.526162 1054 18
0.096390 0.879710 0.376899 0.381276 0.910424 1954 38
0.178261 0.797271 0.526814 0.531537 0.525087 1052 19
0.233302 0.855343 0.528130 0.532423 0.830880 1776 39
0.062628 0.843632 0.396604 0.400938 0.740337 1541 29
0.099263 0.876906 0.530780 0.535015 0.512338 1019 21
0.244322 0.839253 0.443023 0.447512 0.551458 1090 24
0.200529 0.874500 0.495176 0.498858 0.535705 1034 18
0.208402 0.869177 0.463255 0.467809 0.737695 1515 26
0.167952 0.823327 0.455309 0.459918 0.588990 1166 24
0.167368 0.912186 0.602818 0.607722 0.757547 1575 29
0.085571 0.822285 0.495042 0.499862 0.703158 1447 26
0.034657 0.880540 0.517201 0.520986 0.591450 1185 21
0.122451 0.893263 0.474737 0.479464 0.537491 1036 23
0.043785 0.863684 0.426161 0.429901 0.675993 1354 25
0.149950 0.711859 0.480840 0.485283 0.535675 1048 22
0.294000 0.914725 0.548332 0.552947 0.485120 884 18
0.040484 0.704708 0.381798 0.386726 0.693301 1450 28
0.070180 0.872435 0.563989 0.568762 1.008179 2109 36
0.099059 0.945274 0.525315 0.529774 0.651866 1348 29
0.210941 0.824878 0.450837 0.455804 0.526564 1055 23
0.076243 0.844198 0.482774 0.485697 0.587476 1150 21
0.082910 0.831396 0.502036 0.506485 0.558992 1066 20
0.225974 0.903373 0.483316 0.486721 0.689075 1432 29
0.082168 0.764546 0.376500 0.381023 0.606343 1237 25
0.226267 0.969567 0.508530 0.513281 0.597163 1158 22
0.211778 0.900182 0.520189 0.524172 0.583556 1109 21
0.026554 0.940105 0.555307 0.558335 0.609867 1185 21
0.125088 0.857795 0.541625 0.546149 0.720291 1392 27
0.168354 0.725820 0.561287 0.566088 1.313699 2768 62
0.083802 0.798856 0.441429 0.445933 0.556891 1090 22
0.241079 0.898046 0.625640 0.630414 1.638961 3505 68
0.211836 0.796190 0.505701 0.510668 0.718444 1452 28
0.104002 0.922878 0.550610 0.554805 0.781640 1571 30
0.051290 0.886258 0.284783 0.289705 1.632716 3618 65
0.107451 0.899880 0.586610 0.591017 0.731520 1469 28
0.059740 0.806926 0.465332 0.470329 0.686643 1410 29
0.151932 0.850375 0.497478 0.502477 0.632627 1288 26
