0.051972 0.985067 0.453718 0.457704 40.975950 6759 25
0.019473 0.936988 0.478624 0.483544 43.643337 6896 24
0.119404 0.903694 0.502863 0.506983 42.279496 6773 24
0.042040 0.917231 0.477816 0.481919 43.671864 6992 25
0.061600 0.900845 0.496434 0.501190 40.350877 6459 23
0.029451 0.916292 0.434969 0.439556 46.665966 7703 27
0.047466 0.941447 0.545045 0.549702 45.469590 7294 25
0.065870 0.985608 0.528867 0.531817 45.698450 7701 26
0.037263 0.939298 0.511118 0.515819 48.084696 7883 28
0.057609 0.957062 0.559469 0.563564 41.042204 7021 25
0.083461 0.898178 0.462170 0.465694 39.410091 6921 24
0.044293 0.988293 0.463508 0.467587 40.073714 7055 26
0.016743 0.954128 0.515949 0.520861 44.099856 7256 26
0.042305 0.924476 0.556712 0.560839 58.392802 7355 27
0.035931 0.974340 0.394325 0.398191 44.697698 6858 24
0.015677 0.968335 0.486618 0.491060 43.230529 6636 23
0.021196 0.939688 0.451426 0.456361 45.920222 6929 23
0.079575 0.900714 0.491837 0.496553 54.071657 7622 26
0.041116 0.988470 0.513244 0.516752 46.728263 6943 25
0.056858 0.908912 0.412549 0.417312 48.087858 6927 24
0.043259 0.871826 0.518911 0.523229 40.581114 6622 24
0.068045 0.915960 0.485737 0.489518 43.449123 6895 24
0.086057 0.938297 0.498782 0.503157 46.232957 8007 28
0.028899 0.916826 0.459681 0.464255 43.456717 7368 26
0.035279 0.940551 0.516300 0.520539 36.288480 6051 22
0.082676 0.958710 0.511627 0.516264 57.402709 6745 24
0.080914 0.921554 0.498398 0.502237 66.125379 7467 26
0.066366 0.951094 0.482279 0.486385 57.052542 6640 24
0.017959 0.976354 0.479017 0.482521 63.027429 7972 31
0.087450 0.925692 0.511263 0.515749 64.026524 7307 26
0.109521 0.924873 0.539902 0.544618 51.812110 6610 24
0.042296 0.942716 0.457622 0.462209 52.587335 6665 24
0.031967 0.951170 0.539385 0.542895 49.551589 6621 23
0.062485 0.913545 0.556917 0.561842 53.961591 6981 24
0.044476 0.928730 0.525639 0.529323 55.268869 7106 24
0.042795 0.923629 0.486421 0.490875 54.587148 6645 23
0.055523 0.899348 0.455769 0.459518 39.847860 7163 25
0.087651 0.951974 0.467929 0.472458 41.719975 7590 27
0.023646 0.969463 0.541797 0.545400 33.834635 6283 22
0.102923 0.970010 0.495623 0.499967 37.243428 6963 26
0.007847 0.936887 0.469624 0.474486 38.909423 7156 26
0.047154 0.944219 0.517771 0.522454 32.913574 6132 22
0.056914 0.956392 0.451691 0.455358 48.941465 7858 27
0.037642 0.864477 0.480017 0.483970 40.225517 7080 25
0.044230 0.909058 0.498336 0.502989 36.141446 6675 24
0.047610 0.942455 0.463651 0.468296 38.193830 6990 25
0.087999 0.946589 0.511808 0.516016 39.324002 7003 25
0.095455 0.903260 0.453163 0.457429 34.432997 6248 23
0.061130 0.973394 0.498722 0.503013 32.747355 6202 23
0.105919 0.976365 0.517441 0.520726 43.333204 7594 26
0.066212 0.962088 0.536464 0.541410 38.674405 7153 25
0.061399 0.903023 0.476856 0.481599 29.631644 5990 23
0.030260 0.899020 0.510599 0.515509 32.484161 6538 22
0.059578 0.899130 0.477511 0.482371 38.332323 7758 28
0.059618 0.956009 0.452094 0.456451 41.857458 7744 27
0.096110 0.917489 0.519070 0.523026 38.292938 7412 26
0.108733 0.936397 0.467264 0.472038 36.232812 7477 26
0.023768 0.947239 0.552108 0.556131 31.386782 6648 24
0.038010 0.920987 0.502596 0.507436 32.903391 6969 25
0.059120 0.913272 0.482883 0.486134 36.721052 7753 28
0.087216 0.945695 0.502366 0.506112 33.218988 6851 24
0.071879 0.978723 0.484773 0.488876 34.538910 6789 24
0.067887 0.905519 0.469274 0.474030 44.221081 6601 24
0.061007 0.973386 0.500920 0.505750 38.207797 5877 21
0.075134 0.977716 0.476798 0.481252 46.050312 6864 25
0.033186 0.871638 0.513598 0.518423 49.708209 7423 27
0.090265 0.969165 0.502801 0.507691 48.076120 7525 27
0.083937 0.987707 0.519587 0.524403 39.509500 6010 21
0.122729 0.902564 0.531805 0.535731 42.825012 6464 24
0.050198 0.949330 0.506559 0.511080 40.468530 7181 25
0.066950 0.971482 0.496842 0.501037 32.259538 6657 24
0.074267 0.970645 0.561887 0.566042 31.956664 6573 24
0.085739 0.953232 0.473634 0.477142 35.397614 7424 27
0.087604 0.938608 0.531232 0.535693 35.603959 7369 27
0.050582 0.976670 0.514674 0.519377 38.216333 7933 29
0.058286 0.941313 0.497114 0.501867 38.416924 7808 28
0.066128 0.973045 0.483346 0.488078 37.925328 7828 27
0.064769 0.932502 0.550821 0.553900 34.375286 7066 24
0.021324 0.917014 0.453989 0.458325 33.705154 7078 26
0.062928 0.924210 0.540301 0.544406 48.098150 7981 29
0.050110 0.959492 0.482661 0.487620 42.004350 8668 30
0.044736 0.967691 0.531743 0.536226 37.635510 7975 29
0.058565 0.925761 0.525131 0.530047 28.701586 6053 22
0.031218 0.930844 0.441687 0.446529 36.250434 7593 28
0.187640 0.956454 0.545286 0.547378 34.166238 7054 25
0.049443 0.931780 0.545887 0.549844 29.589374 6366 22
0.058056 0.902755 0.475410 0.480068 34.169955 7156 25
0.093479 0.931096 0.522550 0.527549 31.358679 6634 23
0.086003 0.958591 0.460831 0.464735 27.857082 6062 22
0.110599 0.941604 0.532864 0.537048 34.268330 7114 25
0.070389 0.900858 0.458164 0.462372 29.892229 6465 23
0.077801 0.960025 0.421306 0.424959 34.716817 7220 27
0.013838 0.863709 0.445535 0.449775 36.264954 7512 27
0.016006 0.955317 0.508513 0.512723 30.954184 6414 23
0.042002 0.959816 0.501811 0.505612 39.151459 8093 29
0.107874 0.963491 0.505177 0.510093 39.970119 8109 28
0.077224 0.986293 0.477534 0.481490 34.749032 7353 26
0.048085 0.949144 0.507954 0.511883 30.223891 6199 22
0.082466 0.873900 0.474708 0.479670 31.179575 6446 22
0.098655 0.935584 0.508112 0.511350 39.021250 8258 31
