0.082460 0.921318 0.542655 0.547232 3.737594 3134 28
0.205514 0.945840 0.535911 0.540449 2.867736 2392 21
0.069145 0.867096 0.475188 0.480167 2.576421 2068 19
0.044981 0.938016 0.531271 0.536057 3.307370 2453 22
0.111696 0.951818 0.520675 0.525658 2.766416 2193 19
0.025718 0.939478 0.405875 0.410633 3.360864 2836 27
0.161220 0.993655 0.510821 0.515452 3.137329 2826 25
0.079243 0.851962 0.485682 0.490287 2.496129 2204 22
0.157128 0.960781 0.585472 0.589828 2.869563 2486 23
0.040247 0.921808 0.441614 0.446111 2.922688 2484 23
0.099405 0.940638 0.516835 0.521580 3.327193 2779 24
0.070634 0.919244 0.498142 0.503113 3.500393 2968 27
0.132576 0.890078 0.524122 0.528872 3.260394 2745 24
0.097558 0.958392 0.441962 0.446083 2.807617 2377 21
0.020808 0.871325 0.539557 0.544353 3.321385 2808 26
0.146925 0.884911 0.544850 0.549702 3.176950 2706 26
0.229048 0.850560 0.499991 0.503981 3.640924 3057 26
0.045500 0.932497 0.535259 0.539594 3.291002 2718 23
0.053204 0.982675 0.538505 0.542678 3.681206 3145 29
0.165438 0.958326 0.628071 0.632907 3.894861 3366 32
0.151753 0.918765 0.501761 0.506281 2.846489 2362 22
0.143709 0.914180 0.508308 0.512169 3.222369 2695 23
0.127052 0.919522 0.455472 0.459951 3.456757 2972 27
0.048535 0.905838 0.453435 0.457940 2.406859 2021 19
0.081188 0.956977 0.431557 0.435468 3.108811 2596 23
0.115354 0.950472 0.487026 0.490841 2.982344 2463 20
0.190316 0.831825 0.509729 0.514219 3.287173 2759 25
0.023024 0.931637 0.465024 0.469754 2.887098 2486 23
0.113141 0.951671 0.451648 0.456368 3.203740 2399 20
0.043285 0.746302 0.469994 0.474116 3.471437 2590 24
0.051762 0.971399 0.492001 0.496811 3.426262 2573 23
0.225031 0.896231 0.603780 0.608366 2.799102 2259 20
0.045199 0.887532 0.370778 0.375771 3.442901 2572 24
0.076956 0.963390 0.546166 0.551126 3.681279 2898 24
0.137452 0.926161 0.526365 0.530169 2.925723 2239 20
0.123234 0.956914 0.456363 0.460478 3.570867 2563 24
0.083841 0.925319 0.496969 0.500137 3.099987 2339 22
0.096088 0.854048 0.504437 0.508868 3.528414 2590 22
0.076921 0.924948 0.494288 0.498513 3.298663 2413 20
0.052917 0.932441 0.423816 0.427431 3.358668 2470 24
0.063094 0.814156 0.483210 0.487956 3.874519 2858 26
0.095060 0.906830 0.507750 0.512360 3.427335 2428 22
0.089051 0.835971 0.401330 0.406241 3.789875 2664 26
0.050812 0.904238 0.376647 0.381615 4.786856 3369 29
0.059674 0.740164 0.483785 0.488475 2.850962 2122 22
0.099955 0.948607 0.488831 0.492867 4.795066 3452 31
0.108069 0.841112 0.491236 0.495504 2.824724 2019 19
0.014050 0.904214 0.465523 0.470375 4.727980 3359 30
0.127546 0.934326 0.499208 0.502592 3.559123 2502 21
0.042849 0.891039 0.470249 0.474573 3.477254 2484 22
0.201587 0.840408 0.516072 0.520765 3.516635 2496 23
0.116376 0.883780 0.584590 0.588884 2.813695 2069 20
0.148844 0.949174 0.420161 0.424711 2.788467 1988 19
0.105289 0.775457 0.434486 0.439327 3.856596 2717 24
0.032353 0.979215 0.539229 0.544001 3.725822 2604 22
0.161766 0.921848 0.559490 0.564307 3.757968 2626 22
0.095294 0.905995 0.538253 0.542913 3.499192 2453 22
0.063547 0.892630 0.486180 0.491140 3.465135 2496 23
0.114588 0.898210 0.467039 0.472008 4.648121 3427 32
0.008168 0.898362 0.395521 0.400061 3.378743 2352 21
0.162032 0.862444 0.506930 0.510441 3.790526 2633 23
0.027171 0.871466 0.445744 0.450060 3.646272 2532 22
0.111044 0.877998 0.542670 0.547198 3.711565 2498 22
0.104048 0.908090 0.516859 0.521663 2.921785 1996 17
0.132752 0.912939 0.477650 0.482070 3.841666 2752 23
0.099241 0.864625 0.534999 0.539395 3.440369 2425 21
0.061676 0.811810 0.506935 0.510413 3.801482 2644 22
0.173091 0.869980 0.556104 0.560852 3.959137 2890 28
0.232938 0.914961 0.545632 0.550516 4.043013 2822 24
0.096985 0.762197 0.455273 0.459893 3.440727 2368 20
0.199328 0.939804 0.546293 0.551138 3.726547 2571 22
0.190746 0.853283 0.500588 0.505455 3.256500 2219 19
0.100626 0.822228 0.474382 0.478031 3.023190 2155 20
0.182838 0.959086 0.527415 0.531676 3.717663 2610 23
0.102671 0.970193 0.520919 0.525131 4.100260 2889 24
0.058928 0.869604 0.558893 0.563349 4.296248 3024 27
0.158001 0.937218 0.514141 0.518356 4.499994 3083 27
0.122274 0.883836 0.447570 0.452086 3.936139 2751 24
0.171408 0.924229 0.533513 0.538014 3.580621 2489 21
0.143561 0.873103 0.460547 0.464853 3.702257 2650 24
0.126189 0.862211 0.510929 0.514536 3.577552 2521 23
0.142793 0.892365 0.514254 0.518552 3.424690 2500 25
0.073168 0.830816 0.509424 0.513267 3.991879 2705 23
0.045807 0.905855 0.539206 0.542884 3.319480 2239 19
0.016506 0.947180 0.530107 0.534473 4.077242 2833 24
0.052350 0.955033 0.477083 0.482001 3.204157 2302 22
0.154747 0.923407 0.548949 0.553860 4.435896 3174 29
0.145416 0.923650 0.549587 0.554363 3.954136 2847 26
0.081636 0.919893 0.462114 0.466216 3.071772 2185 20
0.193033 0.925558 0.525938 0.530713 3.149330 2204 20
0.087236 0.953303 0.529082 0.532993 3.434659 2346 19
0.130177 0.917213 0.505334 0.508827 3.479849 2463 22
0.167369 0.865264 0.501538 0.505347 3.320166 2258 19
0.088222 0.863549 0.434963 0.439754 4.229319 2970 28
0.160426 0.956209 0.563366 0.567984 4.492139 3176 26
0.133002 0.880799 0.568567 0.572760 3.204880 2246 20
0.095276 0.817843 0.471547 0.475968 4.988295 3531 31
0.017127 0.799178 0.441503 0.446176 3.816718 2681 24
0.037104 0.979945 0.487691 0.492501 3.299350 2352 22
0.150554 0.985639 0.542545 0.546793 2.821400 1987 18
