0.049952 0.963068 0.500836 0.505119 718.211692 16910 27
0.074664 0.966448 0.503650 0.507257 752.911957 17282 28
0.032744 0.912527 0.440089 0.444720 544.925754 15300 25
0.067646 0.951497 0.529206 0.533404 584.700631 15695 25
0.052235 0.939413 0.483500 0.487436 637.431633 16670 27
0.034901 0.941637 0.479873 0.484567 711.834353 16131 25
0.045714 0.953981 0.508048 0.513007 703.181568 15483 25
0.052743 0.960706 0.466508 0.470687 838.504622 17049 27
0.063883 0.962777 0.521248 0.524130 902.651524 17148 28
0.049901 0.987774 0.497943 0.502474 942.775584 17800 28
0.026309 0.977694 0.457584 0.462033 921.634246 17499 28
0.044523 0.957476 0.521918 0.526086 862.367211 16709 28
0.011230 0.939856 0.501295 0.505444 837.147793 16228 26
0.028999 0.936980 0.505920 0.509358 900.095937 16875 26
0.035635 0.968326 0.504633 0.508708 805.690081 15434 25
0.050856 0.959068 0.487855 0.492398 827.585927 15781 25
0.078531 0.936862 0.496154 0.500347 756.328941 14631 24
0.005092 0.934220 0.490899 0.495466 873.498768 16418 26
0.060778 0.962818 0.527816 0.531763 863.140547 16443 26
0.039637 0.996829 0.517589 0.522209 776.301887 15014 25
0.029689 0.972201 0.485312 0.489647 829.250638 15929 26
0.061088 0.969691 0.514557 0.519552 782.972474 15317 25
0.050871 0.956143 0.472680 0.476565 931.697803 17697 29
0.055106 0.913871 0.477073 0.480937 825.496438 16388 28
0.024644 0.947045 0.518839 0.523685 783.245341 16081 26
0.057910 0.886144 0.496222 0.500254 814.157362 17332 28
0.024210 0.981015 0.452818 0.457005 516.219485 14835 23
0.067110 0.972294 0.504046 0.508145 564.085015 17246 28
0.077980 0.940728 0.483389 0.487771 514.075732 15749 25
0.033388 0.907966 0.491763 0.496082 487.077752 14972 24
0.032203 0.953515 0.493371 0.496869 520.293997 15787 25
0.010891 0.968489 0.489158 0.492961 609.369195 18344 29
0.063409 0.961096 0.525791 0.530381 532.570690 16362 27
0.040695 0.982706 0.498450 0.503208 505.209699 15269 24
0.029956 0.988535 0.493567 0.497859 749.060233 14467 23
0.038012 0.976892 0.438979 0.443589 797.687998 15347 25
0.014360 0.956642 0.485259 0.490113 848.686832 16290 27
0.013796 0.948112 0.470186 0.475031 912.209980 17464 28
0.040673 0.943140 0.478228 0.481500 894.729159 16581 26
0.033643 0.924692 0.516798 0.520499 816.659352 15847 26
0.043214 0.978260 0.502227 0.506775 807.498540 15462 25
0.037102 0.942455 0.496606 0.501535 754.090414 14692 24
0.050145 0.953130 0.527786 0.532024 773.393958 14827 24
0.009992 0.950111 0.473204 0.478042 783.495522 15336 26
0.044067 0.922798 0.503582 0.508509 855.970372 16270 26
0.082541 0.939937 0.505549 0.510331 816.452398 15469 25
0.058611 0.971407 0.445377 0.450359 776.831792 14747 24
0.026922 0.946405 0.470092 0.473605 925.429581 17656 28
0.039477 0.983061 0.499473 0.504001 804.065710 15423 25
0.066211 0.985984 0.486356 0.490767 838.414406 16028 26
0.068502 0.970756 0.525706 0.530611 839.475099 16506 27
0.007062 0.956250 0.488467 0.493107 802.131851 15438 25
0.025547 0.968191 0.496864 0.501007 821.797157 15316 25
0.031857 0.953672 0.497234 0.501475 766.179165 15027 25
0.039830 0.960435 0.489318 0.493842 880.012397 16796 27
0.011362 0.987325 0.488448 0.493312 779.431064 14972 24
0.072658 0.961709 0.498741 0.503100 813.382517 15455 25
0.026910 0.982163 0.534627 0.538972 855.387084 16333 26
0.060971 0.926656 0.477176 0.482094 780.918408 14839 24
0.016912 0.980959 0.493114 0.497847 804.906833 15466 25
0.047330 0.958278 0.514367 0.518575 796.963004 15475 25
0.065391 0.970824 0.487233 0.492081 792.957488 15375 25
0.040253 0.990626 0.519514 0.524135 818.405298 15720 25
0.021198 0.962861 0.476730 0.481411 804.345817 15512 25
0.053738 0.934064 0.510391 0.515320 790.983174 15221 25
0.075143 0.988773 0.507080 0.511470 844.456945 15857 26
0.042331 0.956953 0.512134 0.516194 837.087217 15781 25
0.038436 0.973533 0.485496 0.488898 808.550883 15992 27
0.037593 0.971454 0.484991 0.489302 735.590087 14437 24
0.032031 0.923156 0.484843 0.489813 835.861397 15797 25
0.044430 0.968493 0.551401 0.555506 797.210822 15513 25
0.027990 0.987465 0.531597 0.535279 927.111183 17871 29
0.027620 0.962556 0.537155 0.541175 853.478164 16031 25
0.015057 0.964186 0.493357 0.496788 828.286059 16140 26
0.027903 0.946584 0.481099 0.485877 731.282076 14309 24
0.034956 0.977505 0.486097 0.490910 721.009395 15134 24
0.034709 0.920281 0.481957 0.486346 706.207582 14899 24
0.019521 0.923491 0.496291 0.499495 826.322592 16833 26
0.080932 0.951255 0.452071 0.456900 712.743674 15617 26
0.031987 0.967540 0.471569 0.475853 4632.115975 17970 29
0.070356 0.954261 0.496927 0.501787 1042.305027 14889 25
0.010229 0.963045 0.449012 0.452696 1220.474869 17217 28
0.023620 0.950333 0.521025 0.525963 784.837798 16503 26
0.009884 0.976451 0.494487 0.498620 819.185508 16366 26
0.037536 0.977734 0.491508 0.495590 16223.711084 17276 28
0.046419 0.975665 0.517166 0.521627 955.441516 18534 30
0.023658 0.926534 0.499774 0.503051 626.035366 15939 26
0.071519 0.948338 0.528287 0.532862 652.456801 16124 26
0.017826 0.919962 0.474501 0.478396 392.929919 15877 25
0.003972 0.968104 0.499971 0.503945 385.819895 16419 26
0.048814 0.974887 0.511985 0.516561 371.431777 15422 24
0.011140 0.946254 0.454488 0.459262 359.260125 15312 25
0.051655 0.931082 0.517301 0.521972 386.479602 16514 26
0.044881 0.908460 0.467541 0.472040 367.560877 15620 25
0.019362 0.980133 0.513997 0.518163 372.957799 16262 27
0.014985 0.985746 0.517489 0.521086 375.772181 16360 27
0.024113 0.971176 0.477925 0.481971 383.649997 16302 26
0.065215 0.982361 0.500459 0.504306 424.435232 17766 29
0.090758 0.967437 0.498925 0.503131 398.450955 16583 27
0.028221 0.930449 0.506477 0.510841 425.011186 17418 27
