0.086440 0.917971 0.488651 0.492905 304.453537 10979 25
0.030709 0.991068 0.533690 0.537742 302.446127 10333 24
0.086117 0.954700 0.501060 0.504567 332.425212 12140 27
0.024788 0.958859 0.484645 0.488802 324.443058 11982 27
0.017576 0.964722 0.517659 0.521705 268.704253 10203 22
0.016273 0.959099 0.504858 0.509452 320.802255 12230 28
0.105825 0.972453 0.543368 0.548066 289.543283 11246 25
0.042606 0.953597 0.524608 0.528830 259.772476 10297 23
0.024836 0.935586 0.523323 0.528262 311.068691 12261 27
0.095790 0.940258 0.496755 0.501321 315.135487 12179 26
0.040843 0.966375 0.489713 0.494171 307.696328 12078 26
0.094140 0.937225 0.543348 0.547268 327.927283 11929 26
0.058411 0.954662 0.526628 0.531264 328.900797 12690 27
0.018448 0.921869 0.520535 0.524921 268.288401 10717 24
0.111299 0.940989 0.516678 0.520811 271.379030 10623 24
0.016473 0.957361 0.495424 0.500145 219.208493 10601 24
0.022876 0.970357 0.481401 0.485646 189.738521 11389 25
0.036388 0.982910 0.461463 0.466183 188.378838 10937 25
0.082867 0.933381 0.462702 0.467604 173.708680 10559 24
0.015392 0.929856 0.479053 0.483147 193.040677 11348 25
0.054225 0.941868 0.477995 0.482127 179.867105 10968 25
0.017699 0.936678 0.461129 0.465983 185.982732 11293 25
0.067871 0.956425 0.502991 0.507845 176.712383 10663 23
0.040942 0.939047 0.481660 0.486319 197.975481 12007 26
0.067966 0.933766 0.500207 0.504917 176.997170 10849 24
0.046468 0.972474 0.502750 0.506671 199.729402 12093 27
0.051033 0.938482 0.453095 0.456907 210.092257 11847 26
0.078669 0.972188 0.517918 0.521261 197.243090 10610 24
0.094624 0.901310 0.473581 0.478321 202.719735 10907 24
0.019325 0.977170 0.487171 0.491633 199.458296 10951 25
0.035401 0.984891 0.529706 0.534135 198.426584 10578 23
0.054997 0.901626 0.492525 0.496862 181.828012 10311 23
0.051660 0.976365 0.535094 0.539520 184.220002 10324 24
0.063019 0.986365 0.472961 0.477841 250.534245 13500 29
0.034586 0.936397 0.476437 0.480959 216.971091 11359 25
0.023102 0.987538 0.513645 0.518006 177.296646 10996 25
0.091012 0.972238 0.501048 0.505313 214.009143 10884 24
0.068498 0.901968 0.521026 0.525160 195.862433 10834 24
0.025137 0.958875 0.509452 0.514405 157.945684 10239 23
0.034557 0.961716 0.538024 0.542427 176.741606 11250 25
0.027840 0.945348 0.459081 0.463919 174.510147 11411 25
0.039490 0.951863 0.499183 0.502921 194.721634 11250 25
0.060442 0.947830 0.530525 0.534878 209.510099 11609 25
0.040938 0.966310 0.471382 0.476266 218.195122 11817 27
0.033417 0.948166 0.476869 0.481399 181.687470 11162 25
0.045067 0.949478 0.459015 0.463359 212.006095 11342 26
0.074923 0.958214 0.470099 0.474740 223.295094 12107 27
0.046528 0.991145 0.503907 0.508881 205.407597 10929 24
0.090174 0.951861 0.519943 0.524912 214.272060 10673 24
0.022642 0.941334 0.507309 0.511602 163.804849 11444 25
0.120539 0.937545 0.509759 0.514038 147.685123 11244 25
0.044181 0.968210 0.488908 0.493384 167.608330 12441 26
0.008683 0.970153 0.464046 0.468714 150.507452 11454 25
0.021648 0.886718 0.481573 0.485319 138.558513 10383 23
0.105773 0.965596 0.456551 0.461089 161.031785 12119 26
0.032687 0.958106 0.490083 0.494482 118.107420 9014 20
0.045074 0.958096 0.495902 0.500593 143.827473 11155 25
0.037204 0.961283 0.550468 0.554547 151.957510 11773 27
0.030953 0.977851 0.507365 0.512045 157.349453 11965 27
0.024868 0.965355 0.494868 0.499344 135.014474 10352 23
0.030692 0.941133 0.495603 0.499667 151.213426 11642 26
0.051258 0.918077 0.479535 0.484233 160.261122 12286 27
0.027805 0.976375 0.500887 0.505059 172.028408 12977 28
0.070871 0.954340 0.525818 0.530694 141.218756 10974 25
0.050999 0.890832 0.493594 0.498578 141.690274 10808 24
0.030106 0.982303 0.513175 0.518041 145.534129 11160 25
0.042783 0.960996 0.449758 0.453804 128.037134 10007 23
0.067297 0.938726 0.473344 0.477833 159.922033 12289 27
0.061487 0.923358 0.495437 0.500157 156.255029 11938 27
0.003950 0.939864 0.504058 0.508733 155.170811 11583 25
0.002034 0.974292 0.473843 0.478192 149.205952 11778 27
0.003978 0.965193 0.516695 0.520609 145.018983 11147 25
0.052192 0.988371 0.504873 0.509550 157.099215 11967 27
0.084272 0.933489 0.511569 0.515758 150.163627 11546 26
0.016328 0.956356 0.475041 0.479675 163.308045 12259 27
0.031620 0.929838 0.481786 0.484946 135.881047 10462 23
0.054231 0.962244 0.496209 0.500928 148.882398 10192 23
0.061643 0.991420 0.520617 0.524336 319.937711 11569 24
0.019005 0.954911 0.493724 0.497153 305.198978 10466 24
0.083828 0.961050 0.525199 0.528986 375.607754 12792 28
0.076049 0.948229 0.483921 0.487937 313.546757 10741 25
0.016544 0.963078 0.454348 0.458381 340.735144 11498 26
0.127584 0.973641 0.515008 0.518800 275.318288 10032 22
0.076790 0.926299 0.516532 0.521239 353.548346 12292 28
0.057283 0.985250 0.495428 0.500404 269.398221 11241 25
0.013483 0.974573 0.564931 0.568854 259.715562 12189 28
0.011280 0.962969 0.495868 0.500058 230.786289 11595 26
0.060454 0.950138 0.488931 0.493568 216.089347 11795 26
0.030256 0.954479 0.473945 0.478817 214.480246 11949 27
0.033244 0.940249 0.432149 0.436743 235.308246 11555 26
0.033531 0.939452 0.485548 0.489981 212.223953 9761 21
0.047174 0.933161 0.519181 0.523397 217.397129 10039 22
0.065139 0.965577 0.489923 0.493643 255.081248 11544 26
0.060989 0.958654 0.492078 0.496498 213.936699 10918 24
0.025076 0.993640 0.472636 0.477553 211.033536 10659 24
0.070087 0.980183 0.512728 0.517250 276.329531 12957 29
0.026415 0.926765 0.495949 0.500543 237.289994 10993 25
0.067017 0.952635 0.524809 0.529038 272.265815 12356 27
0.055799 0.977905 0.485138 0.489937 231.455394 10807 24
0.039296 0.957560 0.521502 0.526238 208.823482 11368 26
