0.108925 0.965409 0.522563 0.527291 530.002205 14610 27
0.015996 0.990614 0.505955 0.510316 497.995671 13759 25
0.031669 0.911876 0.450383 0.454176 527.603694 13851 25
0.046999 0.970727 0.498611 0.503372 471.758754 13078 24
0.014707 0.949222 0.509414 0.514070 471.229104 13054 24
0.057239 0.984036 0.513873 0.517528 439.344057 12935 26
0.038361 0.971192 0.494039 0.498063 484.161953 14186 27
0.033521 0.969868 0.504614 0.509082 482.853173 14044 26
0.027293 0.950450 0.490817 0.494614 455.808578 13601 26
0.083301 0.984508 0.497903 0.502730 495.619677 14582 27
0.086122 0.979618 0.500259 0.504393 504.878624 13893 26
0.019947 0.962424 0.557987 0.562185 483.282035 13433 25
0.054446 0.940559 0.514130 0.518108 471.324759 14007 26
0.050270 0.964385 0.523760 0.527880 479.259315 14607 27
0.029449 0.972581 0.495889 0.500574 401.858767 12553 23
0.051866 0.996986 0.495697 0.500457 458.674084 13418 25
0.021836 0.962149 0.503291 0.507464 480.069251 13655 25
0.068625 0.993828 0.506417 0.511365 452.996046 13150 25
0.047387 0.952226 0.490104 0.493477 489.984311 14526 28
0.015811 0.994435 0.532941 0.537764 487.623958 14518 27
0.021846 0.959614 0.468561 0.473446 392.889600 11983 23
0.059062 0.986387 0.507996 0.512600 443.862769 13454 25
0.065381 0.972021 0.490180 0.494307 498.094584 13519 25
0.058969 0.969698 0.455836 0.460208 505.783022 13560 25
0.106908 0.940547 0.490241 0.494168 498.274375 13467 26
0.046414 0.977524 0.530408 0.535177 542.563968 14671 28
0.063341 0.992641 0.492472 0.496406 500.560068 12802 23
0.029372 0.964516 0.515536 0.519494 472.625175 13311 25
0.025826 0.950908 0.496935 0.501431 488.471244 13888 26
0.052714 0.959901 0.461516 0.466266 540.394736 14172 27
0.072243 0.939621 0.510879 0.515414 484.789949 12993 25
0.044941 0.965950 0.540212 0.544568 558.664181 15055 27
0.048854 0.927681 0.503342 0.507569 499.423730 13016 25
0.067926 0.948998 0.506863 0.511219 550.693758 14523 27
0.021120 0.960458 0.484705 0.488933 503.249087 13958 26
0.029759 0.938275 0.546522 0.551102 549.499979 14387 27
0.055985 0.961875 0.454195 0.458961 486.688510 12812 24
0.072742 0.959846 0.492071 0.496042 506.829037 14542 27
0.077829 0.955594 0.510559 0.515558 500.056951 13124 24
0.049039 0.921267 0.505893 0.510109 481.954007 13159 26
0.065978 0.956142 0.532687 0.537383 557.479320 14411 27
0.016151 0.949496 0.520671 0.524768 474.817466 13037 24
0.044983 0.990274 0.526991 0.530680 564.769294 14799 27
0.073605 0.947746 0.527925 0.531801 449.710120 12501 24
0.083302 0.985088 0.555640 0.560612 461.026287 12289 23
0.050986 0.973320 0.490920 0.495701 445.496752 12167 23
0.038888 0.939750 0.483911 0.488675 512.114189 13910 26
0.060442 0.958526 0.518466 0.523412 444.337342 12954 25
0.081539 0.890641 0.490460 0.494982 491.822425 13525 25
0.058297 0.917322 0.515290 0.519640 480.354059 13376 25
0.089368 0.970902 0.489481 0.494198 527.032743 14043 26
0.027174 0.969802 0.465713 0.470707 490.377542 13400 25
0.006147 0.954921 0.524063 0.528781 533.675767 14418 26
0.035313 0.912298 0.505488 0.510137 506.044060 13624 26
0.029756 0.932905 0.498286 0.502759 503.478889 13387 25
0.045408 0.891949 0.546188 0.550456 553.378997 14315 27
0.033080 0.895281 0.490079 0.494254 438.919324 12269 23
0.064047 0.889523 0.483022 0.487371 465.230295 12645 24
0.086811 0.943552 0.527491 0.532079 511.436191 13832 27
0.020632 0.939057 0.438684 0.443298 520.922540 13990 26
0.059334 0.958753 0.522516 0.527433 470.364809 12887 25
0.026946 0.972149 0.507495 0.512242 491.257364 12785 23
0.024086 0.986109 0.506803 0.511558 533.693035 14407 27
0.019939 0.954467 0.470163 0.474212 504.977641 13684 25
0.032543 0.967067 0.467495 0.470833 556.712274 14804 28
0.011267 0.941785 0.530574 0.535133 508.949049 13727 26
0.065852 0.931834 0.503971 0.507755 539.516340 14299 26
0.036462 0.957033 0.471804 0.476044 513.741865 13643 26
0.015883 0.944331 0.465790 0.469803 578.054930 14890 27
0.054382 0.917338 0.501352 0.504253 540.133985 14402 27
0.091656 0.976196 0.505875 0.510856 485.445292 12977 25
0.042709 0.933175 0.509044 0.513182 515.614295 15241 29
0.032637 0.910346 0.486427 0.491242 443.507035 12883 24
0.021493 0.954219 0.461977 0.466236 476.685435 13849 25
0.068341 0.947180 0.479371 0.483635 500.954209 14655 27
0.076580 0.930551 0.472041 0.476487 447.170004 13038 24
0.078407 0.928154 0.494497 0.498834 489.239527 13799 25
0.043149 0.945553 0.489346 0.493918 433.478451 12577 23
0.038594 0.939414 0.495016 0.499849 450.552677 12296 23
0.019137 0.934264 0.482433 0.487249 446.833269 13192 24
0.037680 0.980199 0.542727 0.547417 470.500390 13548 26
0.039672 0.975943 0.507727 0.511659 492.024086 14608 27
0.051820 0.896600 0.483228 0.487919 418.165708 12503 24
0.065506 0.910230 0.532346 0.536821 406.085936 12028 23
0.049369 0.960629 0.468363 0.472460 474.508541 13546 25
0.043192 0.900434 0.498922 0.503407 429.892976 12837 24
0.035593 0.918264 0.467624 0.471439 517.707685 14595 28
0.093860 0.960701 0.499081 0.503714 419.228610 14379 26
0.035196 0.988248 0.499876 0.504037 371.601211 14758 29
0.028842 0.984559 0.485785 0.489889 352.633179 13707 26
0.055906 0.962772 0.504890 0.509183 373.721394 14673 27
0.023511 0.937360 0.527467 0.531053 345.415570 13646 26
0.028248 0.975129 0.522523 0.527081 330.107350 13117 25
0.021863 0.953013 0.524125 0.528539 368.973058 14718 28
0.067946 0.943808 0.495742 0.499837 359.171666 13737 25
0.032545 0.986272 0.452128 0.456376 394.423204 15314 28
0.067390 0.950953 0.491121 0.494974 332.596780 13466 25
0.038427 0.927980 0.485822 0.490042 380.755754 14841 28
0.008734 0.957919 0.463030 0.467783 330.839137 12611 23
0.008665 0.949197 0.482889 0.486765 325.103339 13087 25
