0.147007 0.950097 0.557931 0.562434 1.848127 2459 27
0.086900 0.853841 0.499307 0.503720 1.612613 2110 23
0.069324 0.970708 0.619784 0.623659 1.653069 2167 25
0.129167 0.863013 0.480901 0.484328 1.107915 1445 17
0.072656 0.922555 0.569623 0.573346 1.342752 1740 20
0.137262 0.857036 0.497456 0.501430 1.454679 1944 25
0.105058 0.810058 0.404228 0.408496 1.184350 1477 17
0.183515 0.914895 0.577622 0.581413 1.406152 1764 20
0.134683 0.902037 0.456986 0.460643 1.207865 1558 20
0.039322 0.867607 0.400264 0.405174 1.693066 2199 26
0.064330 0.755446 0.414842 0.419301 1.751527 2263 27
0.193393 0.900183 0.521143 0.525694 1.420393 1805 23
0.051339 0.963310 0.405335 0.409623 1.411540 1789 25
0.071468 0.922949 0.441093 0.445406 1.344012 1686 20
0.130622 0.866217 0.550485 0.554731 1.631705 2060 25
0.098534 0.928603 0.601318 0.605460 1.519242 1881 24
0.060625 0.856362 0.364245 0.369084 1.369924 1727 21
0.178556 0.805399 0.582663 0.587178 1.596138 2025 24
0.043149 0.866018 0.492717 0.495701 1.382915 1751 22
0.209318 0.903447 0.537042 0.541506 1.139884 1443 18
0.090972 0.896744 0.507768 0.512705 1.345157 1619 19
0.244829 0.936483 0.534215 0.537824 1.534400 1933 24
0.070034 0.859339 0.566341 0.570501 1.569196 1918 23
0.123658 0.952823 0.462676 0.467221 1.628535 2039 24
0.116194 0.786297 0.558102 0.563035 1.389781 1759 21
0.044256 0.750036 0.459897 0.464023 1.163795 1505 19
0.163521 0.877423 0.481868 0.486173 1.656774 2185 29
0.117093 0.939909 0.511563 0.516386 1.635387 2115 25
0.174711 0.773409 0.524120 0.529002 1.275952 1632 20
0.138664 0.861528 0.469833 0.474629 1.632159 1969 23
0.016664 0.890206 0.470035 0.473203 1.373292 1765 23
0.042202 0.981010 0.597476 0.601711 1.705693 2241 29
0.154886 0.955125 0.559952 0.563211 1.387637 1656 19
0.101545 0.963582 0.614063 0.619019 1.572856 2089 25
0.082383 0.824816 0.481242 0.484961 1.295091 1724 21
0.162110 0.931679 0.496193 0.500358 1.481016 1945 24
0.128851 0.953658 0.594567 0.598306 1.553615 1916 22
0.128003 0.934155 0.599247 0.604092 1.240298 1600 20
0.041224 0.895484 0.553072 0.557389 1.473409 1956 24
0.047057 0.845134 0.516981 0.521894 1.255183 1686 21
0.129905 0.917528 0.569258 0.574151 1.847455 2219 27
0.014401 0.905774 0.461037 0.465787 2.161318 2799 37
0.110504 0.829201 0.547422 0.551067 1.322977 1772 22
0.041852 0.914300 0.473786 0.477188 1.345804 1823 22
0.041847 0.955582 0.425502 0.429772 1.139886 1571 20
0.182661 0.835350 0.500935 0.505912 1.310633 1787 21
0.129150 0.861311 0.524664 0.529637 1.933709 2726 36
0.088826 0.960321 0.364585 0.367433 1.166533 1597 21
0.089142 0.893248 0.568450 0.572853 1.527090 2091 27
0.082898 0.688679 0.431776 0.436046 1.292091 1715 19
0.134244 0.896877 0.453901 0.457964 1.770332 2482 30
0.111968 0.911591 0.472570 0.477072 1.444651 1994 23
0.058349 0.797935 0.509194 0.513591 1.756515 2453 29
0.111269 0.825017 0.427893 0.432780 1.726540 2374 29
0.079879 0.864267 0.453700 0.457483 1.367536 1836 22
0.190917 0.863800 0.497013 0.501952 1.594135 2176 28
0.195094 0.870971 0.507007 0.511546 1.513259 2017 24
0.147516 0.794696 0.415332 0.419998 1.558976 2112 27
0.011972 0.847910 0.393704 0.398458 1.352487 1810 22
0.014940 0.852777 0.446130 0.450209 1.275762 1728 21
0.045661 0.962752 0.454742 0.458636 1.564269 2108 26
0.105993 0.848616 0.503543 0.508223 1.480174 2033 24
0.171956 0.826925 0.591267 0.595288 1.193119 1592 19
0.100687 0.720683 0.428161 0.432047 1.336900 1788 23
0.090406 0.861441 0.447571 0.452247 1.466516 2015 25
0.114707 0.901954 0.510610 0.515517 1.564355 2031 21
0.056779 0.788554 0.406142 0.410357 1.628485 2253 26
0.065608 0.728700 0.415527 0.420302 1.193880 1579 17
0.039737 0.925164 0.473830 0.478542 1.678732 2225 24
0.194316 0.867798 0.443451 0.448215 1.356130 1843 23
0.053259 0.863301 0.614577 0.617928 1.516227 2064 26
0.083223 0.863234 0.472453 0.475213 1.231082 1650 21
0.175726 0.933403 0.556701 0.561055 1.450207 1973 23
0.208393 0.810673 0.460087 0.464000 1.424699 1883 20
0.158628 0.854044 0.527927 0.532781 1.321725 1833 21
0.224699 0.971113 0.597018 0.602008 1.490739 1989 22
0.039106 0.832886 0.570339 0.574379 1.540201 1991 25
0.086237 0.905062 0.491326 0.496185 1.410079 1614 19
0.202892 0.848681 0.469776 0.474739 1.303741 1722 21
0.082446 0.862533 0.480812 0.485632 1.370646 1799 23
0.051397 0.811390 0.415679 0.420471 1.734737 2219 27
0.042006 0.924108 0.477737 0.482186 1.310577 1720 21
0.033136 0.909620 0.532614 0.536262 1.216569 1661 21
0.139459 0.949071 0.512318 0.516437 1.127553 1467 18
0.120149 0.949953 0.444848 0.448639 1.833532 2264 27
0.047411 0.891720 0.543411 0.546826 1.535776 2065 28
0.151477 0.898620 0.555774 0.560382 1.400049 1746 21
0.119950 0.934178 0.458046 0.462477 1.848048 2484 29
0.046318 0.861125 0.436735 0.441339 1.136184 1538 20
0.180886 0.914303 0.600628 0.605160 1.393572 1761 19
0.042924 0.860648 0.412511 0.417205 1.669869 1948 22
0.212397 0.869363 0.419483 0.424195 1.642907 2071 27
0.147503 0.923194 0.552361 0.557360 1.393992 1772 23
0.021071 0.857135 0.455501 0.460114 1.718639 2020 24
0.178044 0.925226 0.491567 0.496058 2.376989 2508 28
0.117082 0.934123 0.489946 0.493521 1.503778 1938 26
0.172198 0.951200 0.449796 0.454543 1.906200 2172 27
0.032063 0.904675 0.439286 0.444269 1.763991 2095 25
0.093653 0.946272 0.498519 0.502566 1.658220 1990 25
0.103108 0.954864 0.535428 0.539714 1.411178 1674 20
