0.013750 0.931775 0.496866 0.501086 218.083617 10230 24
0.004766 0.950689 0.489195 0.493905 276.661339 10560 24
0.061367 0.987636 0.519876 0.524739 314.053806 12176 29
0.062862 0.928835 0.482338 0.486893 258.870567 10666 25
0.028673 0.895758 0.462647 0.466440 256.570061 10429 24
0.015465 0.964996 0.533055 0.536509 275.343801 11389 26
0.029433 0.961327 0.533966 0.537908 244.750020 10505 25
0.067674 0.946722 0.480519 0.485374 250.509303 10780 25
0.032275 0.929531 0.490685 0.495216 224.489798 10351 26
0.060543 0.970265 0.559017 0.562482 266.426541 12046 29
0.025217 0.975868 0.480041 0.484635 212.124012 9825 23
0.068489 0.918563 0.484075 0.488097 264.363406 11413 28
0.021242 0.941540 0.509403 0.513056 246.222311 10747 26
0.045982 0.959041 0.480274 0.483745 222.430744 9739 25
0.011328 0.966464 0.503526 0.507830 231.676969 9979 24
0.061824 0.973837 0.488872 0.493273 250.833341 10776 25
0.018414 0.986211 0.483533 0.488148 256.144231 11023 25
0.082671 0.981209 0.518067 0.522495 218.038216 9565 22
0.049548 0.955221 0.521336 0.526323 209.579887 9818 23
0.030165 0.940893 0.485817 0.490596 146.066863 9867 24
0.046362 0.980911 0.519987 0.524761 149.155546 10467 25
0.090179 0.938261 0.497065 0.501624 162.397491 10643 25
0.021735 0.953867 0.468104 0.472259 170.545415 11373 26
0.115959 0.931666 0.516536 0.520550 167.966054 11049 25
0.064406 0.993116 0.453321 0.458071 168.072752 11430 28
0.055956 0.980516 0.543133 0.547621 175.104393 11790 28
0.044448 0.898687 0.485951 0.490344 147.124096 10388 26
0.040515 0.979473 0.529411 0.533617 149.248943 10680 26
0.031385 0.964691 0.507642 0.512058 175.392040 11753 28
0.085797 0.969551 0.511452 0.515402 166.460083 11689 29
0.047584 0.990314 0.508982 0.512758 164.193094 11111 26
0.072430 0.967142 0.505252 0.509196 164.281788 10629 25
0.029243 0.958657 0.505133 0.509976 163.539728 10087 24
0.040462 0.937168 0.467956 0.472593 172.522665 10664 26
0.062076 0.947281 0.491422 0.494532 201.048170 11876 28
0.052254 0.992631 0.490001 0.492364 173.825864 10628 25
0.013765 0.973506 0.509752 0.514442 196.058431 11688 27
0.134178 0.945076 0.485606 0.490480 156.745350 10433 25
0.088604 0.943264 0.489687 0.494131 168.210246 9825 22
0.037226 0.915893 0.518460 0.522556 155.977487 10014 24
0.077573 0.996297 0.500433 0.505232 156.506404 9496 22
0.042680 0.992393 0.479241 0.483356 189.307556 11301 26
0.016308 0.929394 0.498902 0.503259 164.427164 11219 26
0.054565 0.942711 0.557913 0.562132 188.361379 10636 25
0.123244 0.948214 0.520981 0.525881 171.981031 11134 27
0.056918 0.938072 0.513036 0.517324 146.361103 10804 26
0.094419 0.973909 0.456101 0.460471 136.338291 9982 24
0.115276 0.914618 0.506678 0.511117 155.337622 11495 27
0.016296 0.976606 0.520104 0.524858 143.639151 10501 25
0.054042 0.871267 0.457098 0.461756 183.205570 11316 27
0.016802 0.965480 0.504250 0.508760 162.823331 10182 24
0.106525 0.923069 0.514895 0.519838 168.553385 10043 23
0.041624 0.913898 0.513684 0.517768 182.309993 12047 28
0.055550 0.931505 0.479306 0.483790 154.969352 9865 23
0.020657 0.959612 0.457421 0.461984 178.657669 10782 26
0.099193 0.978067 0.496794 0.500983 159.351957 9682 23
0.040110 0.979217 0.484129 0.488476 171.393799 10338 25
0.050413 0.986262 0.478261 0.482231 204.239594 11144 26
0.060291 0.945423 0.544036 0.548776 145.761539 10885 26
0.049337 0.971595 0.496310 0.500444 132.277022 11538 28
0.060497 0.961990 0.527666 0.531428 140.228045 11803 28
0.047629 0.957792 0.523684 0.526539 136.119098 11416 27
0.039118 0.954605 0.517457 0.521562 115.978881 9993 24
0.007049 0.908055 0.486420 0.490017 135.405249 11727 29
0.080566 0.923775 0.501712 0.506095 137.384398 11695 27
0.010963 0.966665 0.505783 0.510139 137.978783 11753 28
0.065407 0.946128 0.564199 0.568568 113.922290 10180 25
0.092456 0.995205 0.510110 0.514632 124.703490 10445 24
0.051004 0.975389 0.458383 0.461731 147.230354 12665 30
0.038789 0.935697 0.471330 0.475707 123.204576 10789 26
0.020303 0.964727 0.483072 0.487930 122.578684 10623 25
0.093104 0.999169 0.470392 0.475105 117.532951 10206 24
0.080562 0.970314 0.551350 0.555323 117.869105 10277 25
0.095080 0.940258 0.484506 0.488201 108.109053 9412 22
0.045250 0.929652 0.499870 0.504573 127.357423 10770 25
0.090704 0.947180 0.519098 0.523915 122.079432 10722 26
0.095000 0.936649 0.468439 0.473056 122.055102 10543 25
0.070688 0.967067 0.560135 0.563762 137.283867 11895 28
0.025017 0.959473 0.499795 0.504758 122.370246 10757 26
0.051924 0.917475 0.508725 0.513263 125.651369 10840 25
0.040123 0.945267 0.487035 0.491262 112.095893 9728 23
0.059000 0.937972 0.518546 0.523472 138.135264 11553 26
0.087757 0.997873 0.539141 0.543567 130.286918 10815 25
0.053690 0.947038 0.509103 0.513482 113.570040 9846 23
0.033925 0.968402 0.491104 0.495335 141.564844 12082 28
0.021066 0.920802 0.475791 0.480304 128.581210 10932 25
0.042622 0.968266 0.485092 0.489724 121.632242 10386 24
0.042586 0.948061 0.479857 0.483476 112.075891 9603 22
0.074701 0.942758 0.455139 0.459245 124.729452 10683 25
0.004496 0.951181 0.521715 0.526651 112.877977 10008 25
0.062201 0.966230 0.534945 0.539341 116.861916 10370 26
0.020621 0.967579 0.488109 0.491415 250.841612 11771 28
0.036772 0.992911 0.494566 0.498699 266.769118 10342 24
0.012484 0.941772 0.505447 0.508987 271.570919 10634 25
0.070543 0.923021 0.494390 0.498950 257.747244 9797 24
0.116897 0.940947 0.511775 0.516639 272.765338 10255 24
0.095404 0.947295 0.520502 0.524905 274.630605 10500 25
0.034468 0.956683 0.508480 0.511540 254.102713 10675 25
0.062941 0.974131 0.497644 0.501813 267.904145 10193 24
0.091851 0.929619 0.524078 0.527235 282.870200 11031 26
