0.082176 0.987341 0.512715 0.517220 389.290185 12729 23
0.039939 0.953559 0.489940 0.494876 490.093604 13238 23
0.036271 0.954721 0.492087 0.496451 523.395551 14142 25
0.028941 0.932789 0.500316 0.504260 442.664793 14442 26
0.030740 0.941770 0.466069 0.470747 437.563161 14444 26
0.037485 0.983794 0.506037 0.510922 442.069492 14496 26
0.040843 0.914467 0.475806 0.480392 449.898869 14829 27
0.048533 0.979336 0.469813 0.474707 498.726390 13690 24
0.072939 0.968249 0.494119 0.498442 486.932078 14381 26
0.023846 0.968961 0.512800 0.517073 600.943627 15107 27
0.040472 0.934741 0.487121 0.491335 622.217423 15397 27
0.051760 0.947469 0.521807 0.525908 680.831567 15516 26
0.071113 0.973232 0.495775 0.500563 744.711184 16940 30
0.044788 0.937247 0.463061 0.467190 655.899554 15300 27
0.026784 0.952649 0.519312 0.523286 601.554353 13823 25
0.053726 0.953825 0.498190 0.502665 620.218962 14479 26
0.015743 0.942976 0.491185 0.495192 647.036445 15009 27
0.010944 0.990755 0.511197 0.515736 665.329891 15340 27
0.057590 0.934033 0.510993 0.515072 565.689918 14098 25
0.057793 0.926728 0.513394 0.518017 597.832030 13332 23
0.053969 0.962983 0.523022 0.527328 607.509755 13943 24
0.057805 0.956299 0.512398 0.516565 555.071156 12909 23
0.069179 0.928666 0.463548 0.467132 719.914202 16494 29
0.041845 0.966096 0.525521 0.530022 587.530998 13670 24
0.022891 0.989836 0.540214 0.544808 695.359513 16043 29
0.085065 0.956286 0.516480 0.521355 559.328045 12973 23
0.042414 0.982903 0.483515 0.488209 551.095191 13237 24
0.065032 0.917679 0.469346 0.474034 526.810825 12179 22
0.041489 0.967169 0.521911 0.526566 659.978297 15192 27
0.037816 0.962336 0.494541 0.498696 607.843673 14105 25
0.061278 0.968537 0.543836 0.548536 623.787530 14391 25
0.025596 0.972824 0.496697 0.500241 628.930882 14517 26
0.034159 0.919055 0.477874 0.482433 652.293356 15585 29
0.079745 0.938159 0.488185 0.492388 566.259575 13471 24
0.021032 0.962111 0.499391 0.503881 524.077847 15544 27
0.033773 0.981289 0.488347 0.493299 673.938473 15509 28
0.019356 0.938071 0.498407 0.503213 364.349635 14295 26
0.011694 0.961667 0.494046 0.498150 377.152917 13926 24
0.027656 0.932116 0.494790 0.498044 374.915852 13786 24
0.024415 0.975458 0.463298 0.467876 400.536511 14996 27
0.022949 0.989680 0.502480 0.506625 419.321311 15488 27
0.023773 0.968654 0.476924 0.480479 403.195666 15203 27
0.015399 0.983982 0.488699 0.493156 458.919152 17018 30
0.082125 0.955684 0.478410 0.482643 428.910522 16024 29
0.024302 0.983836 0.502188 0.506910 364.139086 13411 24
0.051079 0.957132 0.476352 0.480817 434.418101 16310 30
0.009133 0.962037 0.495380 0.498615 595.747289 15897 28
0.004616 0.990843 0.484870 0.488956 648.277183 14862 26
0.021440 0.928054 0.535382 0.539576 685.383682 15637 27
0.036839 0.956153 0.510695 0.515623 606.915650 13763 24
0.072731 0.941043 0.550612 0.554615 603.278858 13990 25
0.032130 0.957838 0.497533 0.501394 688.767944 16231 30
0.070079 0.970681 0.502578 0.507132 578.595827 13324 23
0.048449 0.950900 0.520988 0.525113 667.334657 15211 27
0.049458 0.982617 0.490329 0.494149 676.752873 15207 26
0.042665 0.953848 0.478440 0.483314 584.590693 13684 24
0.039886 0.916692 0.528315 0.532889 654.222044 15272 27
0.043853 0.958067 0.498464 0.503266 606.892370 14137 26
0.050410 0.957815 0.470977 0.475351 714.094585 16524 29
0.021505 0.978689 0.475035 0.479888 573.449255 13371 24
0.050038 0.935477 0.479456 0.483265 622.640707 14261 25
0.028162 0.981376 0.533977 0.538529 592.688779 14043 26
0.023801 0.957851 0.502768 0.507240 652.995250 14496 25
0.006234 0.947782 0.466348 0.470649 633.357465 14694 26
0.068048 0.966372 0.481905 0.486324 631.140048 14910 27
0.054503 0.966148 0.500888 0.504493 617.829086 14366 25
0.053040 0.923749 0.524369 0.528944 627.770846 14358 26
0.038695 0.940444 0.470697 0.475628 606.076742 14249 25
0.044994 0.963015 0.532480 0.536142 640.803660 15072 27
0.032788 0.967877 0.483799 0.488420 661.934423 15320 27
0.065328 0.965578 0.491629 0.496106 722.311184 15990 28
0.056384 0.954298 0.508088 0.512896 600.395999 13758 25
0.018955 0.939907 0.512796 0.517599 665.985205 15167 27
0.065204 0.967818 0.472313 0.476160 657.687088 15245 27
0.040949 0.984914 0.491737 0.495576 664.802023 15272 27
0.052553 0.950870 0.533105 0.537926 545.003865 12705 23
0.067714 0.915878 0.495516 0.500308 633.932170 14650 26
0.033835 0.989214 0.451554 0.456469 571.697255 13646 25
0.058548 0.991464 0.450731 0.454784 604.310742 14166 25
0.062113 0.952290 0.471604 0.476294 671.542371 15636 28
0.039286 0.996873 0.489889 0.494244 626.754937 14524 26
0.002883 0.945632 0.479018 0.482421 625.909989 14666 26
0.009259 0.987329 0.529163 0.533596 615.139160 14436 26
0.070199 0.943596 0.507966 0.512422 630.520921 14423 25
0.012803 0.980741 0.457991 0.462783 627.734220 14759 27
0.070769 0.952550 0.464668 0.469503 602.840553 14071 25
0.046713 0.942291 0.567066 0.570088 718.936685 16198 28
0.024118 0.976009 0.519857 0.524662 566.287627 13343 24
0.060659 0.926921 0.470781 0.474855 586.492647 13401 23
0.042949 0.968682 0.505667 0.510380 641.436392 14894 27
0.028551 0.951646 0.527001 0.531311 660.415652 15389 27
0.016012 0.944778 0.504394 0.508709 592.789350 14034 25
0.034099 0.960300 0.529852 0.534754 624.235345 14116 24
0.022018 0.975234 0.524642 0.528826 675.585029 15728 28
0.046672 0.981214 0.489557 0.494514 548.170251 12854 23
0.039608 0.963975 0.449729 0.454560 598.764372 13864 24
0.084930 0.973606 0.493516 0.497477 605.408610 14036 26
0.091177 0.934954 0.495059 0.499912 638.455807 14823 26
0.061293 0.932942 0.510140 0.514958 550.329568 12933 23
0.031792 0.973762 0.520884 0.525254 676.651545 15616 28
