0.029189 0.985149 0.524242 0.528555 521.378027 14756 25
0.082446 0.939932 0.502168 0.506399 654.235877 15063 25
0.075254 0.941597 0.493744 0.498065 516.552799 14810 25
0.000401 0.954710 0.506069 0.510787 504.834677 14873 25
0.016628 0.935197 0.531922 0.535408 527.084268 15651 27
0.066016 0.994047 0.507287 0.511918 520.146142 15303 27
0.046934 0.937626 0.495768 0.500580 681.749992 17087 29
0.039053 0.951684 0.552409 0.556634 660.877671 16139 27
0.056336 0.964176 0.446475 0.451232 629.869550 14615 25
0.067856 0.960963 0.506250 0.511135 712.444731 15390 26
0.098527 0.914195 0.482446 0.487101 662.125779 14094 24
0.020466 0.961621 0.464164 0.468438 688.763958 14334 24
0.023773 0.977692 0.543747 0.548385 726.883852 15281 26
0.039747 0.987385 0.501369 0.505746 704.543875 15163 26
0.027260 0.997290 0.512305 0.515990 776.356959 16220 27
0.034418 0.877380 0.451474 0.455200 781.981031 17367 30
0.040591 0.978486 0.517955 0.521997 732.683533 15745 28
0.043176 0.902778 0.480100 0.484865 660.052045 13629 22
0.024213 0.958652 0.472604 0.477367 725.186286 15308 26
0.054775 0.973813 0.530384 0.535370 650.262012 13609 23
0.064413 0.973983 0.562443 0.567356 654.154422 13912 24
0.032997 0.943560 0.483420 0.488220 742.674109 15434 26
0.033969 0.921307 0.503239 0.507496 696.478912 14497 24
0.020467 0.940661 0.470533 0.475183 782.628605 16405 28
0.015125 0.933212 0.487359 0.490799 754.678490 15818 27
0.035530 0.979305 0.517110 0.521515 683.782825 14402 24
0.088638 0.974868 0.504484 0.509207 741.664397 15292 25
0.026449 0.985085 0.515500 0.519525 626.546382 13617 24
0.049538 0.927735 0.502112 0.507040 689.214663 14760 25
0.053606 0.963967 0.515134 0.519395 637.769501 15958 27
0.071002 0.965758 0.527269 0.531347 635.802408 14011 24
0.088646 0.944245 0.496725 0.501629 475.717423 14409 24
0.050478 0.947374 0.519756 0.524143 447.856525 15275 26
0.040110 0.944648 0.482479 0.487261 400.711530 13472 23
0.042448 0.980582 0.535803 0.538833 487.117150 16251 27
0.035271 0.970140 0.510953 0.515255 452.090748 15303 26
0.049745 0.986801 0.528033 0.532579 461.631587 15743 27
0.037109 0.938983 0.471733 0.476510 450.257614 15269 26
0.010022 0.969779 0.476026 0.480975 434.623821 14780 26
0.094541 0.976926 0.516765 0.520803 425.128378 14519 25
0.011027 0.920365 0.473413 0.478173 536.823046 15238 26
0.023251 0.939611 0.501274 0.506077 660.014845 14353 25
0.033812 0.955115 0.477740 0.482659 721.206973 15254 26
0.014418 0.966674 0.500211 0.504799 788.260672 16425 27
0.101259 0.972036 0.484949 0.489414 749.288769 15575 26
0.017217 0.965926 0.476067 0.480582 726.062217 15100 25
0.026504 0.921020 0.495386 0.499469 710.338720 14683 24
0.062495 0.967088 0.515684 0.520405 755.084482 15545 26
0.056475 0.963406 0.484070 0.488774 744.471807 15530 26
0.042398 0.930388 0.458007 0.462793 663.652474 14401 25
0.072420 0.985133 0.526068 0.530007 739.077129 15644 27
0.036308 0.962307 0.480061 0.484666 634.375981 13098 22
0.054711 0.958834 0.525235 0.529780 731.149710 15221 25
0.030897 0.956211 0.486821 0.490461 701.823017 14566 24
0.041830 0.942092 0.483401 0.487892 713.209661 15257 26
0.076245 0.953259 0.469522 0.474462 695.759785 15162 27
0.038002 0.953648 0.507065 0.510991 782.932332 16538 28
0.018833 0.939361 0.490071 0.494384 682.308030 14806 26
0.068613 0.955912 0.452601 0.457198 720.091310 15519 27
0.044918 0.917218 0.522858 0.527721 746.329678 15899 27
0.097798 0.964384 0.509757 0.514545 661.634915 14253 25
0.050516 0.953113 0.498862 0.503120 780.690343 15887 27
0.052320 0.976877 0.482023 0.486809 705.944521 14844 25
0.070441 0.945843 0.503817 0.508054 763.121011 16127 28
0.009025 0.906170 0.493477 0.498382 785.927140 16307 27
0.016063 0.936982 0.497770 0.502317 728.064262 15291 26
0.002178 0.958341 0.536987 0.541457 799.007828 16668 28
0.064640 0.949942 0.477752 0.482240 698.063398 14657 25
0.046178 0.900702 0.472243 0.476351 739.526309 15466 26
0.076056 0.963744 0.504280 0.508725 716.867312 14934 25
0.037598 0.943132 0.543994 0.548978 736.433039 15520 26
0.053965 0.944044 0.500587 0.505140 705.073071 15028 26
0.037811 0.948201 0.522956 0.527165 711.484212 15018 26
0.061040 0.949111 0.453723 0.456976 713.383939 15137 26
0.041297 0.963363 0.472249 0.476199 749.182243 15595 26
0.037678 0.975579 0.498657 0.503506 647.123847 13362 22
0.043326 0.947954 0.507420 0.512137 717.829774 15043 25
0.020309 0.936367 0.522221 0.526675 775.847403 16509 28
0.047669 0.976135 0.483807 0.488748 677.678211 14301 24
0.048020 0.984623 0.481010 0.485587 665.629529 13965 23
0.055614 0.954733 0.517625 0.522469 672.490368 14347 24
0.032181 0.993009 0.521843 0.526399 707.348715 15228 27
0.039274 0.947989 0.512275 0.516096 754.472427 15883 26
0.023655 0.940985 0.486620 0.491599 772.370428 16525 29
0.030163 0.954370 0.516915 0.521611 738.724761 15618 26
0.044810 0.955690 0.524612 0.529364 698.183342 14851 25
0.059053 0.964792 0.504249 0.509223 671.378706 14123 23
0.015254 0.987212 0.497462 0.502280 629.459278 14371 24
0.060692 0.924474 0.468994 0.473716 659.808053 15070 25
0.055481 0.970306 0.529516 0.533509 734.298100 16774 28
0.051647 0.996334 0.502365 0.507300 562.546231 13343 23
0.032643 0.969657 0.513520 0.518188 694.295572 16787 30
0.069738 0.978448 0.520501 0.525232 4405.985803 14720 25
0.031249 0.925264 0.477023 0.481903 978.649638 15183 26
0.065738 0.959779 0.547219 0.551614 1012.046506 15652 26
0.040059 0.951802 0.489113 0.493232 715.495374 14577 25
0.082236 0.960744 0.524521 0.527932 730.887180 16217 27
0.053910 0.990099 0.507464 0.512130 669.591015 15254 26
0.061130 0.958622 0.511565 0.515317 16125.624641 17107 30
0.038075 0.989033 0.491606 0.495939 831.368469 17458 30
