0.065303 0.901654 0.525441 0.528672 4.883956 3000 21
0.189658 0.986568 0.574205 0.578226 4.844418 2934 20
0.108522 0.943637 0.454817 0.459172 4.923745 2972 21
0.113671 0.801553 0.480003 0.484193 6.503393 3910 27
0.037150 0.860897 0.492123 0.495247 5.244334 3131 22
0.135578 0.907743 0.521309 0.525917 5.710518 3525 26
0.149697 0.955020 0.534324 0.538107 6.639846 4036 29
0.054339 0.971121 0.621990 0.625446 5.854635 3499 24
0.123503 0.943540 0.539787 0.543123 5.354775 3137 22
0.117721 0.855913 0.574267 0.579024 5.577217 3380 25
0.169689 0.938742 0.508076 0.512991 5.328856 3167 22
0.063026 0.950018 0.508931 0.513723 5.336594 3348 26
0.182482 0.849486 0.445971 0.449648 4.780313 2657 18
0.157177 0.936357 0.555650 0.560515 6.093356 3166 21
0.119967 0.952332 0.481009 0.484603 5.657251 3131 22
0.047293 0.952979 0.474294 0.479151 4.916324 2867 21
0.007314 0.943701 0.568841 0.573614 6.358813 3344 22
0.145244 0.904419 0.461302 0.466138 6.052920 3138 23
0.067351 0.942716 0.515123 0.518554 5.465606 2991 21
0.052269 0.888510 0.545098 0.549009 5.360766 2811 21
0.096621 0.971366 0.515784 0.520737 7.582675 3972 29
0.088334 0.900670 0.446169 0.450269 6.176880 3235 25
0.069659 0.969822 0.613601 0.617509 7.572623 3916 29
0.066724 0.962301 0.460721 0.464875 5.495501 2806 21
0.025458 0.878533 0.458868 0.463644 6.816175 3572 26
0.010254 0.886995 0.476740 0.479903 7.216885 3721 27
0.163930 0.831889 0.459021 0.463800 6.185911 3197 23
0.042280 0.851681 0.411725 0.416174 7.766325 4025 30
0.071652 0.938198 0.528199 0.531784 6.765132 3500 26
0.229885 0.815175 0.492047 0.496625 5.737127 2966 21
0.137849 0.918182 0.571949 0.576411 6.071562 3072 23
0.134337 0.941510 0.496498 0.500921 6.914407 3386 23
0.012202 0.945583 0.534784 0.538441 6.592798 3378 25
0.041060 0.889132 0.419328 0.423826 8.115997 4148 29
0.102389 0.968805 0.470176 0.475095 6.869217 3455 24
0.021679 0.858658 0.439943 0.444312 6.647205 3346 23
0.043924 0.934126 0.448076 0.452640 6.835450 3367 23
0.038887 0.951438 0.471052 0.475725 5.266225 2639 19
0.123494 0.953847 0.614875 0.619026 7.307189 3694 25
0.082369 0.957973 0.454506 0.458279 6.672004 3297 23
0.051805 0.966636 0.485005 0.489748 6.096540 2973 20
0.078351 0.860232 0.497006 0.501652 6.285778 3234 24
0.092929 0.996763 0.535520 0.540331 5.711857 2960 23
0.088999 0.990986 0.585503 0.589157 5.927322 2955 23
0.125778 0.876777 0.396664 0.401634 6.532579 3308 24
0.091809 0.947373 0.509158 0.513645 8.452242 4364 33
0.164230 0.871801 0.467105 0.471586 7.002148 3542 25
0.076912 0.944184 0.541049 0.545012 5.902795 2978 21
0.064834 0.973966 0.598368 0.602723 7.698133 3988 31
0.025521 0.902092 0.521689 0.526095 6.316551 3230 24
0.053490 0.965401 0.444354 0.448237 6.909031 3499 25
0.087315 0.876835 0.521494 0.525941 6.311241 3107 20
0.026867 0.901589 0.470987 0.475190 5.777578 3070 24
0.156467 0.886152 0.519706 0.523628 3.944580 2329 17
0.055701 0.885187 0.518402 0.523288 6.928699 3965 29
0.042624 0.822346 0.494376 0.497405 6.144511 3086 21
0.117164 0.912238 0.517237 0.522197 6.482654 3403 25
0.156536 0.817237 0.500715 0.505322 5.462343 3005 23
0.089322 0.870488 0.600205 0.604740 7.463690 3855 28
0.060690 0.993731 0.545998 0.549717 5.267693 2903 22
0.178772 0.908316 0.579664 0.584092 6.609059 3322 24
0.029584 0.825704 0.434496 0.438062 6.041245 3220 23
0.025801 0.888292 0.537798 0.542763 7.456208 3960 28
0.095656 0.873126 0.497603 0.502170 6.565641 3370 25
0.041740 0.946499 0.457412 0.460702 6.540705 3488 26
0.054858 0.932490 0.495622 0.500591 6.240243 3262 23
0.074628 0.824862 0.497597 0.502494 5.449384 2918 20
0.113865 0.940607 0.503374 0.507613 6.466799 3543 25
0.025788 0.854646 0.419549 0.424476 5.639255 3299 24
0.054711 0.919113 0.445082 0.449333 5.684913 3208 22
0.090645 0.846490 0.455471 0.459882 5.529273 3151 21
0.022580 0.921270 0.451818 0.456024 6.778653 3835 26
0.075960 0.884226 0.500868 0.505338 5.729239 3312 23
0.056835 0.973324 0.477334 0.481810 6.775875 3775 28
0.065203 0.838874 0.443921 0.448285 6.178328 3241 23
0.099113 0.900095 0.443927 0.447903 5.463606 2941 21
0.033663 0.891239 0.463920 0.467609 5.097509 2942 22
0.128828 0.966372 0.514674 0.519071 7.202136 3953 29
0.074315 0.950132 0.547721 0.552483 5.605123 3241 23
0.027449 0.934193 0.545871 0.550488 6.018613 3043 20
0.136046 0.965957 0.513598 0.518515 5.494288 3010 22
0.014969 0.967517 0.469430 0.473112 5.930704 3330 23
0.066417 0.945787 0.476752 0.481112 5.891127 3450 25
0.128457 0.903979 0.494093 0.498716 5.147863 3029 22
0.062392 0.898960 0.491704 0.496239 5.308276 3034 23
0.075336 0.827032 0.517982 0.522130 5.973070 3125 22
0.050276 0.817971 0.519791 0.523590 5.757499 2951 21
0.133140 0.935362 0.495122 0.499410 6.222367 3378 24
0.118398 0.923367 0.541261 0.546217 4.954775 2834 21
0.149205 0.927556 0.562135 0.566126 7.063528 4220 30
0.122337 0.900526 0.460548 0.464807 5.592854 3243 23
0.112995 0.935481 0.562143 0.566346 5.410787 3148 23
0.112469 0.950570 0.554281 0.559092 5.304199 2837 19
0.020071 0.938687 0.507711 0.512072 6.449141 3629 24
0.143503 0.955255 0.508578 0.513420 4.957440 2858 21
0.048779 0.903959 0.490658 0.495056 5.767318 3319 24
0.134101 0.903124 0.493511 0.497369 5.541746 3131 22
0.133654 0.949521 0.512888 0.517121 5.883183 3354 25
0.060660 0.912201 0.480538 0.484304 6.170568 3327 25
0.040863 0.931045 0.481656 0.486198 6.766404 3483 25
