0.028328 0.955197 0.480705 0.484214 359.772298 11898 23
0.015126 0.950254 0.514720 0.519324 422.276860 12566 23
0.032920 0.906224 0.453184 0.457775 390.781021 12096 24
0.023007 0.922024 0.481419 0.486415 422.421126 13224 28
0.087700 0.968163 0.552576 0.557542 434.742006 13419 26
0.061281 0.966199 0.553923 0.558859 420.643656 12916 26
0.061380 0.960535 0.459414 0.464412 388.866346 12772 26
0.050908 0.907604 0.488324 0.492016 409.817676 13151 26
0.008089 0.972448 0.466552 0.471546 332.713002 11369 23
0.010676 0.942119 0.521555 0.526301 406.218351 12839 25
0.057938 0.990493 0.504505 0.507975 454.299897 14708 28
0.030087 0.991130 0.533323 0.538064 400.334984 13085 26
0.046384 0.954668 0.519649 0.523450 424.015830 13004 26
0.060875 0.903834 0.496937 0.501362 402.871197 12230 24
0.081776 0.947488 0.511111 0.515111 390.983901 12700 25
0.033511 0.985077 0.514298 0.518027 430.112016 14854 29
0.032723 0.857982 0.476269 0.480829 403.083978 13920 28
0.080175 0.951744 0.501339 0.506044 375.157819 13207 27
0.065380 0.927970 0.464237 0.468731 517.895540 16482 33
0.085387 0.965008 0.521758 0.526736 379.567837 12104 25
0.044311 0.934348 0.530121 0.534236 377.055459 12124 24
0.027651 0.916428 0.510674 0.514563 435.747523 13758 27
0.019857 0.934814 0.483181 0.487349 385.278162 13162 26
0.073190 0.947765 0.505764 0.510225 379.583699 12685 25
0.050376 0.974508 0.501190 0.505268 436.471548 14465 28
0.054464 0.932426 0.500399 0.504920 466.915977 15125 31
0.046667 0.990639 0.476691 0.481338 419.980104 12643 26
0.044235 0.930078 0.517723 0.522615 450.652830 12938 25
0.140808 0.992106 0.505773 0.509894 440.400739 13068 26
0.041265 0.944955 0.510542 0.514907 421.181921 12302 24
0.082745 0.968159 0.509684 0.513814 460.003492 13224 25
0.064643 0.974158 0.494388 0.497942 432.494789 12391 24
0.049773 0.939587 0.499378 0.503753 403.460356 12677 25
0.070438 0.971541 0.492721 0.497660 490.648671 14582 29
0.040121 0.946702 0.471862 0.476415 459.162705 13402 26
0.016233 0.984155 0.456204 0.460902 430.282743 12578 25
0.042300 0.951344 0.482492 0.486079 423.513308 13089 26
0.041787 0.952930 0.507495 0.511684 449.136386 12929 26
0.068742 0.912852 0.525826 0.530455 456.514369 13511 27
0.054174 0.948670 0.492357 0.496582 463.408694 13784 27
0.031982 0.955318 0.491916 0.496792 385.482658 12064 24
0.035921 0.956378 0.524419 0.529294 408.824853 11746 24
0.021770 0.993816 0.475245 0.479094 503.804899 14426 28
0.088234 0.970858 0.505942 0.510631 399.824558 12537 25
0.007965 0.959860 0.485744 0.490255 447.070265 13476 27
0.014429 0.943736 0.467042 0.471621 416.879323 12612 26
0.049975 0.892776 0.474977 0.478651 470.286751 13259 26
0.045806 0.964540 0.553447 0.558158 438.885295 12802 25
0.058833 0.967249 0.542396 0.547046 425.177194 12833 26
0.070858 0.940513 0.495386 0.500263 418.675965 12588 25
0.035333 0.915713 0.457031 0.461279 445.743410 13256 25
0.037723 0.922124 0.500346 0.504993 445.785777 13149 26
0.012724 0.955466 0.432753 0.436935 412.950308 12338 24
0.082656 0.951855 0.509606 0.513580 422.737318 13116 27
0.026778 0.989419 0.476499 0.480646 422.205903 12847 25
0.030164 0.939586 0.478881 0.483833 393.006119 12137 23
0.084143 0.976584 0.528930 0.532755 452.888063 13499 26
0.037242 0.956809 0.442092 0.446319 423.786355 12805 25
0.034984 0.951214 0.463369 0.467975 468.097479 13868 26
0.038990 0.917611 0.514125 0.518426 405.090585 12510 25
0.006319 0.962650 0.497439 0.502218 421.519408 12699 25
0.043094 0.939932 0.441850 0.446392 433.242953 12977 26
0.022809 0.900870 0.470128 0.474623 486.348771 14409 28
0.037220 0.967096 0.486162 0.490965 433.409228 12790 26
0.112973 0.962414 0.513121 0.517850 364.398684 11409 23
0.057115 0.926730 0.461488 0.465721 393.482506 11912 24
0.069602 0.966514 0.522771 0.527597 430.704731 12944 25
0.037437 0.947327 0.502849 0.506789 483.596315 14545 29
0.076935 0.964417 0.517648 0.522525 387.957920 11632 23
0.059809 0.970623 0.509854 0.513462 437.185459 12771 25
0.051232 0.983299 0.487615 0.492025 402.924488 11955 24
0.083681 0.923185 0.490688 0.495662 433.638971 12818 25
0.063602 0.973152 0.498299 0.503085 461.334926 13805 27
0.053429 0.917100 0.515601 0.520480 470.652648 13599 27
0.041822 0.954143 0.481433 0.486188 448.753685 13373 26
0.076131 0.952784 0.510824 0.515334 419.199155 11911 23
0.037440 0.968173 0.510364 0.514824 409.642811 12420 24
0.082202 0.897779 0.459340 0.464008 500.050508 14987 30
0.064119 0.955693 0.495007 0.499031 442.068353 13044 26
0.027995 0.955384 0.487238 0.491880 472.986930 12891 25
0.055549 0.950392 0.483008 0.487264 431.295051 12804 25
0.047043 0.917730 0.491895 0.495618 426.439606 12728 25
0.060970 0.971149 0.526823 0.531558 367.689711 11757 24
0.083237 0.927444 0.519407 0.523845 439.718721 14389 29
0.057171 0.918939 0.484024 0.488523 396.101008 12656 25
0.058009 0.955058 0.431492 0.436088 400.543859 12772 25
0.063584 0.960206 0.499159 0.503536 408.300991 13190 26
0.048496 0.954652 0.512746 0.516711 402.705627 13366 27
0.011892 0.953725 0.472222 0.476433 420.533623 13576 27
0.046884 0.938173 0.491639 0.496606 398.673258 12783 25
0.046216 0.901885 0.513564 0.517217 412.982685 12517 24
0.045906 0.962462 0.475677 0.479453 378.595995 12376 25
0.033179 0.967964 0.493858 0.498384 371.558537 11868 23
0.059692 0.984235 0.499402 0.503740 485.363014 15189 29
0.021821 0.977935 0.498059 0.501648 450.230479 14381 29
0.035924 0.967394 0.498717 0.502895 408.116298 13350 27
0.011660 0.976365 0.493800 0.497830 418.923050 13554 26
0.038730 0.961571 0.518771 0.523462 421.327562 13934 29
0.062185 0.973937 0.511844 0.516521 359.803958 11713 23
0.051790 0.967916 0.537661 0.541532 432.179861 13639 27
