0.038735 0.951390 0.533070 0.537338 309.154786 12222 26
0.007617 0.974725 0.518944 0.523032 402.751228 13458 28
0.023046 0.982570 0.452572 0.456750 360.835458 12377 26
0.036810 0.964321 0.473374 0.477996 339.168159 11193 23
0.037928 0.927472 0.505920 0.510846 348.624962 12261 26
0.052404 0.935267 0.475121 0.479689 381.074396 13073 28
0.018373 0.959130 0.496471 0.501441 335.907490 11670 25
0.094849 0.915954 0.497921 0.501476 322.770265 11190 23
0.082253 0.980122 0.518480 0.522471 325.248982 11811 25
0.058134 0.978617 0.493150 0.497850 332.658827 12067 25
0.078871 0.953913 0.501184 0.505911 317.407208 11658 25
0.027072 0.955011 0.483042 0.487628 312.267113 11392 24
0.060258 0.967503 0.505344 0.508975 346.530353 12323 25
0.089825 0.935995 0.513746 0.517957 323.357941 11808 25
0.043146 0.916176 0.476809 0.481622 321.001690 11546 24
0.059809 0.979798 0.557622 0.561662 366.745803 12352 26
0.052291 0.952677 0.488901 0.493374 356.015192 12219 25
0.044112 0.933887 0.479069 0.482728 337.430473 12212 25
0.040345 0.918156 0.520965 0.524912 290.536549 11358 24
0.049867 0.973332 0.479948 0.483787 353.191815 13544 29
0.028562 0.922051 0.467467 0.471804 303.412208 11856 25
0.052838 0.948956 0.477562 0.482321 307.534109 12089 26
0.042165 0.982815 0.443309 0.447604 367.262082 12969 28
0.015281 0.961454 0.471296 0.475746 370.975696 12826 26
0.061629 0.961944 0.475196 0.480133 353.058786 12588 26
0.045501 0.952994 0.478032 0.482665 348.516284 12103 25
0.028626 0.955111 0.489416 0.493663 332.992090 12486 26
0.039968 0.973714 0.521574 0.526408 365.847164 13424 28
0.027126 0.962954 0.530037 0.535022 334.828839 12307 25
0.029509 0.940749 0.474478 0.478388 332.578305 12298 25
0.014029 0.932736 0.504687 0.508325 330.607865 12031 26
0.037892 0.928459 0.486012 0.490249 364.926575 11852 25
0.047949 0.952737 0.476046 0.480537 375.616605 12216 25
0.062606 0.977623 0.510575 0.515025 333.384975 11712 25
0.008430 0.936748 0.503266 0.507475 369.330804 11885 25
0.053228 0.967211 0.475710 0.479969 404.239124 13071 28
0.046292 0.977419 0.474325 0.478542 353.229832 11768 24
0.053674 0.987718 0.519201 0.524192 356.037668 12329 26
0.002845 0.905530 0.495169 0.499536 397.462656 13522 28
0.035848 0.895073 0.502747 0.507684 332.915151 11786 25
0.026901 0.916884 0.511578 0.515686 354.908077 11573 24
0.082306 0.972854 0.498216 0.502627 373.058244 12259 25
0.091186 0.983981 0.531145 0.535794 345.114166 11330 24
0.021943 0.955969 0.508315 0.513292 350.833492 11600 24
0.125012 0.974791 0.516826 0.521754 343.551437 11861 25
0.041984 0.988666 0.479523 0.483839 375.746748 11637 24
0.032712 0.974654 0.517120 0.521176 358.158005 11439 24
0.038693 0.932611 0.447456 0.452308 308.517120 10433 22
0.023888 0.901799 0.473520 0.477196 378.156291 13068 28
0.052897 0.974593 0.499679 0.504172 379.069468 12627 25
0.045618 0.924444 0.477909 0.482122 353.329778 11334 24
0.071650 0.916111 0.497567 0.501926 345.136109 11061 23
0.035870 0.955688 0.499376 0.503683 322.976506 11015 23
0.046823 0.968412 0.503042 0.506570 355.248602 12863 27
0.036506 0.967423 0.482248 0.486267 359.699698 11795 25
0.033117 0.976085 0.483716 0.488450 355.977714 11684 24
0.056723 0.980797 0.498432 0.502349 419.232960 13302 28
0.075838 0.938788 0.490288 0.494406 322.483082 10712 23
0.018359 0.981624 0.505600 0.509957 330.724941 11367 24
0.040580 0.966867 0.482565 0.486307 375.784495 12942 28
0.038444 0.979688 0.521829 0.525918 343.947031 11432 24
0.144096 0.978824 0.455662 0.460351 374.304499 12441 26
0.053998 0.935379 0.487868 0.492439 353.583826 11504 25
0.059202 0.954725 0.497591 0.502054 379.105290 12680 26
0.065979 0.983615 0.503748 0.508420 416.884422 13989 29
0.011315 0.918690 0.471602 0.475502 315.875028 10998 24
0.031186 0.992337 0.503615 0.507514 369.398072 12632 26
0.029904 0.922687 0.462797 0.467171 336.277050 11549 24
0.038935 0.972405 0.531343 0.535419 362.457969 12731 27
0.018954 0.927356 0.518700 0.523467 361.697534 11922 25
0.070359 0.960512 0.507567 0.512420 295.415516 10222 22
0.049648 0.981905 0.487753 0.492383 332.194355 11399 23
0.048550 0.937866 0.522480 0.526666 405.686740 13501 28
0.051485 0.990337 0.508407 0.513104 354.578612 11950 25
0.016734 0.952545 0.502753 0.507679 353.606998 11323 23
0.022921 0.957717 0.469561 0.473620 347.761099 11647 24
0.023446 0.927259 0.482856 0.487286 357.124586 11707 25
0.065101 0.962666 0.520710 0.525208 376.075530 12684 27
0.118261 0.894839 0.518069 0.522033 376.277750 12720 27
0.069972 0.956520 0.463309 0.467386 350.857884 11881 26
0.044487 0.955021 0.474399 0.479077 376.351495 12326 26
0.053718 0.939319 0.491792 0.496716 348.016901 11365 24
0.058226 0.950947 0.463428 0.467380 342.977441 11843 25
0.042608 0.959803 0.464033 0.468783 346.468249 11452 24
0.084144 0.979554 0.485732 0.490672 352.908900 12356 28
0.038733 0.943487 0.486367 0.491117 323.475907 10682 22
0.025076 0.974283 0.531302 0.535477 373.921529 12080 24
0.010840 0.977391 0.481462 0.486243 388.378322 12559 26
0.045385 0.969677 0.491584 0.496248 340.528014 11390 24
0.102197 0.984781 0.526856 0.531472 365.819791 12030 25
0.031169 0.970748 0.532140 0.536680 358.838734 11706 24
0.034985 0.939588 0.509489 0.513964 368.394887 12343 26
0.062071 0.915697 0.478028 0.481995 364.884967 12269 26
0.037127 0.927600 0.491693 0.495390 352.702783 11440 24
0.020356 0.964599 0.479404 0.484063 315.690423 11237 24
0.036324 0.937507 0.491529 0.495179 369.468728 12217 26
0.025950 0.949026 0.486490 0.491099 424.553437 12955 27
0.052470 0.939373 0.476506 0.481029 376.975782 12344 25
0.048435 0.966113 0.467759 0.472203 338.144954 11254 23
0.067425 0.988371 0.527375 0.531835 376.859163 12491 26
