0.045515 0.994441 0.688545 0.689488 116.839624 21576 59
0.033490 0.993565 0.633788 0.634686 120.425111 22035 66
0.135650 0.997810 0.677578 0.678551 149.255167 25844 72
0.045382 0.996071 0.644531 0.645485 108.561987 19800 61
0.062057 0.978698 0.647505 0.648432 80.667445 13884 40
0.031804 0.982456 0.738044 0.738977 126.670949 21720 61
0.122724 0.993509 0.715745 0.716609 94.171455 16856 50
0.052550 0.988295 0.638429 0.639396 163.236228 28914 80
0.051002 0.990238 0.650523 0.651506 72.508032 12950 36
0.023010 0.993473 0.676157 0.677148 139.217968 26100 76
0.027444 0.980156 0.640078 0.641027 92.402894 17108 48
0.089806 0.995278 0.677761 0.678705 63.231551 12180 36
0.095466 0.981603 0.677771 0.678706 91.344096 17595 52
0.095583 0.979379 0.650059 0.651013 55.293984 10063 30
0.068084 0.982640 0.680025 0.681000 108.315398 19023 52
0.014027 0.996427 0.635706 0.636702 105.914237 18921 54
0.142280 0.992175 0.647706 0.648693 118.366379 21780 67
0.105282 0.989829 0.665615 0.666581 124.418989 22620 66
0.041752 0.990048 0.627403 0.628388 76.044719 11781 34
0.051481 0.989457 0.623235 0.624151 116.530767 20923 62
0.056866 0.981413 0.639070 0.640067 150.655302 27300 79
0.136060 0.989563 0.644853 0.645756 96.387700 18179 54
0.141314 0.984250 0.646169 0.647138 106.275133 19470 56
0.061220 0.992068 0.693507 0.694346 71.181463 11847 34
0.107478 0.990610 0.642407 0.643402 106.284736 16020 46
0.126361 0.987872 0.640423 0.641397 103.396625 18200 53
0.023207 0.991030 0.603915 0.604870 109.507823 19345 54
0.113894 0.992827 0.646873 0.647870 129.148156 21716 62
0.049757 0.990848 0.643131 0.644053 83.161117 15410 47
0.042591 0.986055 0.662420 0.663374 81.925001 15980 48
0.079972 0.980638 0.665653 0.666562 96.485480 15795 46
0.141700 0.995385 0.686948 0.687914 108.244556 17700 51
0.009774 0.993605 0.631253 0.632186 87.433295 16500 51
0.073745 0.993997 0.689763 0.690621 115.444770 21106 62
0.167348 0.994224 0.680757 0.681739 112.931867 21204 63
0.069485 0.992760 0.703466 0.704464 66.507292 12240 35
0.075936 0.988712 0.654306 0.655301 147.126002 26334 78
0.162628 0.992908 0.677508 0.678432 138.784723 24888 69
0.114525 0.993054 0.650178 0.651040 135.314054 24990 71
0.035922 0.987874 0.679666 0.680521 86.928782 16356 48
0.196886 0.990863 0.685799 0.686792 68.653162 12920 39
0.121333 0.985990 0.640967 0.641847 69.259768 12775 36
0.049130 0.990963 0.609407 0.610378 98.508613 18522 55
0.069804 0.993711 0.694098 0.694985 61.120147 11550 34
0.130747 0.990288 0.639731 0.640644 83.787706 15179 44
0.059620 0.989653 0.624420 0.625332 95.935052 15972 45
0.086534 0.990101 0.660185 0.661168 60.699357 11160 32
0.152350 0.992240 0.643954 0.644836 124.740045 22685 66
0.087849 0.993362 0.666687 0.667581 92.466269 16873 48
0.052519 0.982985 0.696577 0.697495 78.674201 15120 43
0.171768 0.990223 0.721384 0.722308 126.439723 22685 66
0.059959 0.991344 0.615333 0.616318 87.911680 16262 48
0.052694 0.985596 0.626607 0.627592 85.602136 15752 45
0.145506 0.997854 0.662144 0.663119 81.693156 15093 44
0.119179 0.994036 0.708369 0.709322 104.857296 19264 57
0.081092 0.984571 0.676960 0.677946 88.803811 16376 47
0.049647 0.982823 0.689945 0.690941 117.996041 21228 62
0.153881 0.994984 0.671113 0.672111 104.542399 19264 57
0.136778 0.991714 0.679039 0.680026 124.392528 23660 71
0.114963 0.978139 0.675370 0.676237 91.781945 17524 53
0.166561 0.996913 0.630168 0.631023 105.757418 18868 54
0.040536 0.993358 0.659942 0.660830 64.039366 12104 35
0.073930 0.991513 0.622686 0.623647 146.160440 26325 76
0.081354 0.996822 0.692024 0.692966 142.960758 24990 71
0.071251 0.981594 0.665209 0.666187 119.803620 20940 61
0.069838 0.985874 0.625654 0.626627 131.761914 24344 69
0.022728 0.997186 0.634127 0.635063 66.468079 12816 37
0.012900 0.986694 0.667843 0.668769 124.881884 22020 61
0.165430 0.989777 0.677751 0.678693 90.916464 15834 43
0.037212 0.993483 0.637533 0.638418 93.160035 17066 47
0.149471 0.991499 0.684345 0.685321 105.085053 18550 54
0.038762 0.990722 0.658313 0.659295 77.390012 14391 42
0.153587 0.992987 0.670123 0.671078 83.222860 16497 48
0.139173 0.996429 0.652697 0.653684 84.869125 17003 50
0.050085 0.992030 0.675516 0.676445 128.440215 24412 69
0.033301 0.991476 0.654178 0.655152 94.631352 17952 49
0.147225 0.994730 0.663543 0.664475 82.379001 16366 50
0.049826 0.978574 0.588549 0.589516 89.685541 17390 48
0.092127 0.984565 0.647915 0.648909 105.119061 20358 59
0.182439 0.993724 0.646497 0.647470 135.334636 26220 77
0.130495 0.993342 0.621622 0.622595 93.350255 17901 52
0.057776 0.989531 0.680644 0.681623 90.818475 17568 49
0.006776 0.992391 0.663957 0.664944 95.537359 18656 54
0.064136 0.990156 0.644246 0.645241 127.488489 24921 72
0.140051 0.998211 0.653508 0.654505 80.105747 15664 45
0.102313 0.989088 0.679746 0.680726 98.025704 19152 57
0.023490 0.993540 0.685829 0.686822 123.293564 23760 67
0.097407 0.996313 0.670976 0.671965 70.787509 13794 39
0.086572 0.994682 0.644707 0.645675 68.216459 13642 39
0.057194 0.981536 0.639258 0.640248 114.604270 21824 63
0.075175 0.991979 0.684782 0.685757 109.122992 19544 57
0.141679 0.990802 0.620329 0.621313 67.449306 13376 39
0.077752 0.998112 0.622534 0.623465 55.060139 11319 34
0.021696 0.986785 0.658658 0.659650 122.146412 22800 61
0.071707 0.996471 0.658750 0.659750 87.145349 17136 49
0.113136 0.993324 0.620436 0.621340 128.144783 24780 71
0.078489 0.993880 0.676031 0.676957 116.650946 21948 60
0.113310 0.998126 0.700196 0.701153 94.558368 18258 52
0.076045 0.987501 0.682641 0.683601 73.667427 16236 45
0.073645 0.985408 0.688020 0.688980 57.006240 13692 43
