0.004390 0.913693 0.354350 0.355301 104.374547 18468 55
0.022616 0.938997 0.384873 0.385750 102.461687 18709 54
0.012996 0.867998 0.331280 0.332274 118.278796 20618 62
0.002523 0.942175 0.281009 0.281934 103.529472 18411 52
0.012993 0.938061 0.351543 0.352539 139.381048 24864 75
0.003957 0.896485 0.312040 0.313004 81.778986 14391 42
0.006797 0.893983 0.332689 0.333539 89.273791 15265 44
0.007733 0.968440 0.330213 0.331158 77.832992 14620 44
0.003500 0.836188 0.315754 0.316688 101.635053 18258 52
0.013719 0.832584 0.332623 0.333619 128.346393 22995 64
0.005214 0.968137 0.324171 0.325098 84.100390 15457 42
0.003910 0.897820 0.368043 0.368954 90.396267 17248 50
0.005400 0.880910 0.346732 0.347681 70.901265 13452 39
0.017022 0.954204 0.300140 0.301115 126.567074 23104 65
0.010470 0.895378 0.353811 0.354690 97.082651 16882 47
0.009848 0.913476 0.274687 0.275685 103.646730 19352 60
0.005011 0.917862 0.386357 0.387351 51.966686 9802 30
0.007162 0.884941 0.370741 0.371727 86.089166 15532 45
0.004528 0.956747 0.328476 0.329445 96.854087 17784 53
0.014542 0.950351 0.345674 0.346666 120.752859 19580 56
0.013704 0.909705 0.339092 0.340080 149.625954 27388 83
0.002975 0.974495 0.309001 0.309967 100.784614 18408 53
0.004155 0.942600 0.334195 0.335195 100.187957 18360 52
0.003605 0.900391 0.305380 0.306359 61.206835 11460 31
0.011798 0.915067 0.316616 0.317571 130.832076 21886 63
0.005446 0.920626 0.361712 0.362548 132.218975 19451 54
0.006843 0.952969 0.323892 0.324791 88.625376 16800 49
0.017653 0.929942 0.345744 0.346714 108.470207 18900 55
0.005068 0.976039 0.378084 0.379047 84.129716 14706 44
0.006566 0.898852 0.338252 0.339125 93.544962 16732 48
0.018109 0.858205 0.326871 0.327791 80.220108 15640 47
0.007209 0.911898 0.376379 0.377328 130.121806 22134 63
0.005702 0.861402 0.317521 0.318496 105.161941 17150 50
0.005555 0.806509 0.339226 0.340183 118.901968 21638 63
0.012760 0.804977 0.322002 0.322964 81.439624 15222 44
0.007899 0.885773 0.297545 0.298499 89.168899 16425 46
0.011319 0.957243 0.361385 0.362274 92.226116 17136 49
0.001726 0.878466 0.319260 0.320215 80.134291 14480 41
0.008561 0.804911 0.280022 0.281002 94.359913 17232 49
0.009382 0.992840 0.388353 0.389353 130.719914 24004 69
0.013004 0.937992 0.335137 0.336062 82.915786 15962 47
0.022948 0.887411 0.311807 0.312640 73.966419 13680 41
0.008382 0.900752 0.327096 0.328036 90.135190 16873 48
0.005383 0.929214 0.305410 0.306397 97.094745 17531 48
0.004851 0.881110 0.322681 0.323664 100.529110 18450 51
0.006505 0.888086 0.284139 0.284992 74.994606 13690 38
0.023439 0.881011 0.334417 0.335381 99.278363 16450 48
0.010811 0.906035 0.326948 0.327906 81.854123 15210 46
0.018126 0.841755 0.323097 0.323911 71.739658 13320 38
0.008704 0.838370 0.313552 0.314462 105.213262 19140 56
0.007207 0.889254 0.367702 0.368667 128.779553 24382 74
0.004868 0.957268 0.342483 0.343389 147.405986 25970 71
0.004156 0.908775 0.373098 0.374063 76.133673 14186 42
0.019235 0.940382 0.313520 0.314486 133.217574 23936 69
0.009708 0.972300 0.324610 0.325511 73.216600 13528 39
0.012387 0.889076 0.374017 0.374971 140.819389 25477 74
0.009324 0.861102 0.317368 0.318364 72.009763 13300 39
0.021566 0.899154 0.326394 0.327350 126.391433 23249 68
0.003878 0.836601 0.334205 0.335169 112.575761 21483 64
0.003152 0.866472 0.325077 0.326029 99.299122 19260 61
0.006105 0.953984 0.332007 0.332989 134.927184 24771 70
0.015023 0.977280 0.336924 0.337886 123.748974 22272 65
0.011503 0.912891 0.327575 0.328517 85.139575 15609 44
0.010645 0.963118 0.376609 0.377566 90.770707 15750 46
0.002692 0.801292 0.294903 0.295830 87.159109 15437 44
0.006056 0.910037 0.309865 0.310774 93.789615 16200 46
0.011723 0.955983 0.428473 0.429394 121.871675 22265 62
0.005554 0.934741 0.351298 0.352271 132.824377 24344 69
0.006879 0.967706 0.330763 0.331681 142.661733 25842 74
0.022535 0.940506 0.392706 0.393668 70.584611 12675 40
0.007408 0.970225 0.374404 0.375343 109.432835 19768 57
0.007992 0.795078 0.342648 0.343610 111.419149 20010 59
0.009607 0.946482 0.331242 0.332233 95.869233 17802 47
0.008095 0.889476 0.322029 0.322901 66.163736 12845 36
0.005952 0.844472 0.289719 0.290609 71.575940 13845 40
0.002934 0.959711 0.344351 0.345284 112.898605 21600 61
0.021022 0.946100 0.267122 0.268112 47.221833 9369 28
0.008885 0.932440 0.344765 0.345702 96.316439 18868 54
0.013915 0.940724 0.390839 0.391822 87.252709 17604 55
0.020323 0.924014 0.364603 0.365504 82.630827 16054 47
0.007097 0.975566 0.334061 0.335035 92.029172 17900 51
0.003888 0.923409 0.358701 0.359643 114.519778 22592 65
0.003255 0.943639 0.343095 0.344037 104.345701 19745 56
0.019936 0.880900 0.317224 0.318125 83.126241 16656 49
0.004975 0.965272 0.361692 0.362652 101.863259 19952 59
0.008629 0.914245 0.361230 0.362168 101.679986 19386 55
0.005838 0.912328 0.258245 0.259217 122.347056 23718 68
0.008651 0.938491 0.336220 0.337146 119.685450 23805 70
0.013300 0.869924 0.369758 0.370733 93.176251 18200 53
0.009892 0.990682 0.332311 0.333188 78.751991 15394 44
0.005964 0.834820 0.310363 0.311300 137.127312 25344 73
0.007697 0.904058 0.377801 0.378765 71.525539 13338 39
0.013319 0.907414 0.361978 0.362789 76.303023 15050 44
0.015911 0.924348 0.334516 0.335497 76.841931 15532 45
0.012219 0.943115 0.362543 0.363502 106.973883 20240 56
0.010047 0.926905 0.298247 0.299220 109.409996 21609 64
0.010664 0.885814 0.375729 0.376599 65.453849 12670 36
0.012823 0.876065 0.307075 0.308035 76.637361 15136 44
0.002625 0.846869 0.351504 0.352473 80.826989 15394 44
0.000991 0.928560 0.282354 0.283337 101.384603 19950 58
