0.054732 0.998350 0.502250 0.503215 81.465621 18356
0.022317 0.990343 0.481289 0.482155 74.061784 16744
0.001949 0.989817 0.559244 0.560187 111.140097 23985
0.007335 0.995741 0.597583 0.598568 74.157727 14872
0.015019 0.995350 0.538590 0.539554 102.236860 19415
0.004314 0.972919 0.511320 0.512256 80.282438 15050
0.003117 0.990258 0.545819 0.546810 81.418251 15928
0.018779 0.977239 0.485064 0.486053 139.141213 26465
0.000524 0.976527 0.451706 0.452650 98.308144 18003
0.001172 0.958850 0.489419 0.490414 123.952579 22981
0.001093 0.992604 0.540354 0.541331 125.010108 23324
0.002989 0.999510 0.525564 0.526523 171.882498 31464
0.000008 0.980225 0.571098 0.572047 135.321946 23249
0.033317 0.966022 0.515826 0.516798 74.668538 13756
0.013920 0.972709 0.492177 0.493110 142.234022 24921
0.004181 0.993405 0.467703 0.468650 101.706393 18497
0.015612 0.996747 0.451133 0.452066 92.811048 16752
0.000277 0.984873 0.492532 0.493504 102.188216 17204
0.038041 0.998173 0.490692 0.491635 57.440154 10260
0.003127 0.995618 0.450976 0.451858 102.789085 17625
0.014936 0.984678 0.492929 0.493811 96.336953 17738
0.001775 0.991532 0.472063 0.473012 114.485502 19150
0.004009 0.982886 0.483758 0.484695 150.434043 26048
0.012383 0.982652 0.546760 0.547745 97.124849 17520
0.014748 0.953726 0.438844 0.439787 116.905113 21063
0.008083 0.987588 0.498142 0.499049 105.828702 18480
0.037058 0.983387 0.496741 0.497629 77.335726 13832
0.001315 0.992224 0.461990 0.462978 121.188929 20748
0.014952 0.996327 0.521831 0.522770 107.273300 19250
0.003082 0.985749 0.515076 0.515985 105.344756 20520
0.011191 0.999160 0.512914 0.513793 73.246063 14520
0.004595 0.997054 0.464292 0.465202 71.573025 14212
0.000883 0.989334 0.502030 0.502997 73.350103 10620
0.009779 0.991059 0.502661 0.503647 147.548567 27412
0.013871 0.995938 0.514607 0.515423 75.662477 15129
0.003769 0.978712 0.460001 0.460995 112.344275 22382
0.008651 0.975693 0.481920 0.482811 65.875689 13104
0.006622 0.998905 0.558013 0.559008 82.818126 16456
0.034349 0.980894 0.497831 0.498774 73.301251 14586
0.007713 0.997666 0.536531 0.537474 66.103885 13735
0.000678 0.987134 0.398329 0.399272 71.858938 14784
0.006620 0.994402 0.528988 0.529897 107.061601 21480
0.004776 0.999418 0.484412 0.485228 72.570860 14868
0.011974 0.985575 0.501431 0.502417 107.081120 21594
0.015425 0.994406 0.543862 0.544861 66.074555 12987
0.020580 0.999645 0.527766 0.528604 78.663023 16268
0.008349 0.985211 0.475856 0.476819 101.362728 20580
0.021906 0.982379 0.510891 0.511888 110.153785 22100
0.009676 0.994176 0.454274 0.455208 77.073423 15480
0.004477 0.999452 0.513663 0.514577 134.032570 27018
0.000284 0.999878 0.427505 0.428372 91.672167 18309
0.000730 0.988816 0.479606 0.480575 103.579942 20886
0.021521 0.993828 0.518902 0.519835 117.707883 23064
0.068372 0.995479 0.463486 0.464429 96.132919 19765
0.003735 0.992025 0.505169 0.506093 69.675260 14200
0.010209 0.988139 0.544539 0.545468 71.786179 14616
0.008627 0.991999 0.452959 0.453891 101.495218 20474
0.007387 0.997904 0.549341 0.550240 68.526154 13962
0.011289 0.992184 0.474539 0.475530 101.767480 20496
0.002022 0.990739 0.476759 0.477740 108.991111 21476
0.004139 0.997553 0.498561 0.499538 87.346970 17850
0.003859 0.986142 0.490035 0.490948 94.158478 18550
0.022561 0.996392 0.540560 0.541477 72.437751 14326
0.000611 0.999479 0.540776 0.541693 99.177294 20010
0.008818 0.993282 0.567069 0.567953 89.041359 17901
0.020800 0.999952 0.497026 0.497999 66.148329 13394
0.004693 0.978792 0.528435 0.529430 77.531656 15456
0.015210 0.998257 0.525256 0.526223 74.352383 15078
0.000937 0.996046 0.434358 0.435298 117.552996 23400
0.002368 0.993126 0.478004 0.478958 119.779911 23725
0.012575 0.994904 0.463434 0.464356 97.875300 19580
0.006851 0.997095 0.475997 0.476836 88.054621 17940
0.022599 0.999267 0.512661 0.513621 85.298139 17020
0.022657 0.998853 0.497558 0.498519 91.166909 18258
0.010847 0.992052 0.528789 0.529767 110.877014 22272
0.001797 0.988113 0.460494 0.461432 86.132075 17542
0.015793 0.993323 0.529523 0.530465 109.637401 21824
0.004166 0.977508 0.529508 0.530394 87.161602 17376
0.007977 0.994737 0.505665 0.506614 101.831500 20178
0.002028 0.996301 0.508904 0.509861 115.267761 22656
0.011663 0.986759 0.452325 0.453300 58.058768 11682
0.006019 0.998204 0.517093 0.518053 117.725985 22869
0.015370 0.962516 0.490377 0.491252 69.951310 14200
0.025743 0.992954 0.497224 0.498179 138.318542 27222
0.002732 0.997858 0.506119 0.507088 114.107880 23048
0.004707 0.997577 0.501403 0.502368 119.323658 24353
0.009175 0.972266 0.481034 0.481957 83.743336 16882
0.015233 0.999007 0.470915 0.471892 105.710362 21568
0.010548 0.977781 0.489502 0.490442 70.431441 14320
0.004021 0.999813 0.511318 0.512253 73.804635 15356
0.011954 0.991498 0.469370 0.470310 54.808092 11319
0.006510 0.984785 0.516176 0.517079 86.331118 17155
0.006386 0.999864 0.491608 0.492537 102.562988 20709
0.005088 0.997214 0.460665 0.461615 130.339056 26048
0.001413 0.998555 0.493527 0.494488 191.863671 37800
0.006337 0.996413 0.450119 0.451083 95.242116 19116
0.001388 0.988862 0.501585 0.502529 109.439796 21888
0.005851 0.977896 0.540143 0.541062 119.502191 24717
0.003910 0.998868 0.461225 0.462152 75.338182 15006
0.004968 0.989941 0.451861 0.452849 123.122087 24637
