0.080995 0.908540 0.482629 0.485671 0.356239 812 14
0.123712 0.807849 0.539908 0.544105 0.264896 528 8
0.158289 0.880582 0.521490 0.526463 0.502043 1098 18
0.152359 0.960259 0.465364 0.469254 0.310343 704 11
0.258194 0.821121 0.579758 0.584709 0.339101 690 10
0.198047 0.809563 0.543995 0.548325 0.351668 770 11
0.123364 0.899789 0.441531 0.444597 0.302941 671 11
0.213826 0.811539 0.493916 0.498901 0.437061 896 14
0.253035 0.812440 0.498607 0.502759 0.292852 576 9
0.230438 0.846302 0.508123 0.513012 0.323147 682 11
0.165216 0.989632 0.559031 0.563183 0.314332 660 10
0.184130 0.880375 0.496886 0.500620 0.458858 1040 16
0.025910 0.862043 0.434065 0.437667 0.298076 640 8
0.268009 0.913761 0.563949 0.567906 0.356359 819 13
0.157646 0.914744 0.472735 0.475928 0.376828 885 15
0.190805 0.938960 0.601555 0.605184 0.453963 952 14
0.106510 0.945256 0.474557 0.478996 0.291898 544 8
0.091045 0.826584 0.516583 0.520130 0.296050 549 9
0.148852 0.848098 0.482249 0.486894 0.328448 671 11
0.058515 0.807679 0.487467 0.491651 0.456513 910 13
0.125587 0.818549 0.527319 0.530680 0.419281 670 10
0.082743 0.984536 0.379839 0.383774 0.373638 780 12
0.013875 0.909460 0.450920 0.455525 0.371116 828 12
0.154485 0.828158 0.521871 0.526066 0.383035 882 14
0.149743 0.842407 0.522414 0.526243 0.557796 1364 22
0.181610 0.849218 0.483063 0.487515 0.428174 1024 16
0.101497 0.864419 0.412673 0.416449 0.409922 938 14
0.170903 0.897060 0.502142 0.506179 0.380253 858 13
0.199014 0.914428 0.565811 0.569172 0.322139 708 12
0.105781 0.940782 0.521753 0.526071 0.302230 650 10
0.256677 0.811406 0.497617 0.500182 0.372515 840 14
0.072872 0.983908 0.686652 0.690655 0.368516 854 14
0.161871 0.830483 0.539757 0.541744 0.354230 754 13
0.121117 0.898587 0.445071 0.448203 0.343724 781 11
0.202549 0.858452 0.426516 0.429434 0.347021 780 12
0.131862 0.784438 0.451326 0.453771 0.358592 795 15
0.089646 0.867314 0.445837 0.450758 0.337658 768 12
0.095130 0.824994 0.499242 0.502407 0.339128 737 11
0.239096 0.908774 0.536748 0.540301 0.308666 660 11
0.140885 0.894328 0.554328 0.558110 0.307801 640 10
0.060590 0.876712 0.591510 0.594551 0.367591 871 13
0.105888 0.918219 0.553814 0.557322 0.303991 649 11
0.091127 0.831155 0.571517 0.575796 0.384975 900 15
0.209133 0.858794 0.544132 0.549020 0.403183 884 13
0.360289 0.919238 0.519156 0.523069 0.354382 804 12
0.202527 0.923789 0.515157 0.520050 0.407048 945 15
0.105737 0.875439 0.470744 0.474640 0.328503 715 13
0.094296 0.836533 0.550050 0.554416 0.290885 610 10
0.146857 0.896164 0.429966 0.434962 0.371842 840 15
0.152310 0.937230 0.467800 0.471592 0.520572 1281 21
0.166198 0.801993 0.483175 0.487876 0.575378 1340 20
0.109669 0.994309 0.474946 0.478730 0.301617 612 9
0.144399 0.947374 0.463092 0.466837 0.527808 1260 20
0.166275 0.756385 0.390518 0.394361 0.425806 854 14
0.214199 0.923078 0.551058 0.555338 0.418917 780 12
0.212740 0.888942 0.563246 0.567393 0.404441 780 12
0.135865 0.902453 0.469406 0.473787 0.388196 780 12
0.050518 0.833525 0.420112 0.423188 0.327675 710 10
0.066976 0.978513 0.405258 0.410181 0.318110 700 10
0.089442 0.735103 0.491819 0.495667 0.458553 1024 16
0.216747 0.900592 0.586733 0.590117 0.373792 819 13
0.143429 0.857563 0.476035 0.479753 0.337773 627 11
0.075419 0.970307 0.432210 0.436495 0.303275 630 10
0.088820 0.700682 0.438871 0.442834 0.485170 1122 17
0.101563 0.911768 0.548669 0.552863 0.362632 792 12
0.129329 0.910773 0.532624 0.536543 0.349916 744 12
0.089827 0.882814 0.538258 0.541815 0.411413 732 12
0.075066 0.903906 0.467247 0.469994 0.397822 748 11
0.192611 0.954097 0.559971 0.564355 0.362143 756 12
0.124318 0.885710 0.554040 0.558984 0.352150 780 12
0.145370 0.957560 0.526164 0.530494 0.367789 756 12
0.256439 0.926609 0.470377 0.474137 0.327598 693 11
0.146651 0.840318 0.465787 0.470644 0.369354 826 14
0.138113 0.905065 0.537624 0.540796 0.298004 621 9
0.178251 0.693353 0.475180 0.478621 0.288817 620 10
0.124832 0.774038 0.469659 0.473575 0.360081 826 14
0.052811 0.931984 0.547284 0.550963 0.375742 792 12
0.148997 0.867239 0.557657 0.562653 0.729188 1749 33
0.075081 0.827812 0.526246 0.530360 0.331440 768 12
0.077063 0.828284 0.356682 0.360953 0.304984 660 10
0.080439 0.730100 0.395908 0.399075 0.351010 792 12
0.067152 0.980872 0.539982 0.543931 0.534867 1365 21
0.090277 0.965152 0.468194 0.472108 0.305763 671 11
0.085820 0.940992 0.522705 0.525301 0.375121 884 13
0.019620 0.854996 0.524426 0.528926 0.389148 924 14
0.075393 0.836671 0.535270 0.539502 0.395385 944 16
0.107182 0.887288 0.536661 0.540984 0.324151 714 14
0.120047 0.805222 0.498049 0.502502 0.412596 1005 15
0.130374 0.949409 0.498371 0.503149 0.527432 1323 21
0.132281 0.826313 0.510252 0.515250 0.449758 1024 16
0.124735 0.973723 0.481516 0.486192 0.432282 1024 16
0.244798 0.825499 0.548896 0.552154 0.350320 804 12
0.125025 0.833682 0.462673 0.464992 0.245784 488 8
0.124106 0.955806 0.522224 0.526087 0.282724 600 10
0.156840 0.787930 0.491576 0.495747 0.474745 1116 18
0.072323 0.904464 0.511507 0.515467 0.292974 616 8
0.197756 0.949829 0.549258 0.553937 0.349120 798 14
0.151950 0.925499 0.466492 0.470939 0.388299 910 14
0.105631 0.943088 0.494532 0.498353 0.422451 1026 19
0.156892 0.866053 0.511191 0.515204 0.369726 868 14
