0.013750 0.931775 0.496866 0.501086 0.089319 10230 24
0.004766 0.950689 0.489195 0.493905 0.097373 10560 24
0.061367 0.987636 0.519876 0.524739 0.126980 12176 29
0.062862 0.928835 0.482338 0.486893 0.094215 10666 25
0.028673 0.895758 0.462647 0.466440 0.092211 10429 24
0.015465 0.964996 0.533055 0.536509 0.112856 11389 26
0.029433 0.961327 0.533966 0.537908 0.103477 10505 25
0.067674 0.946722 0.480519 0.485374 0.102215 10780 25
0.032275 0.929531 0.490685 0.495216 0.103410 10351 26
0.060543 0.970265 0.559017 0.562482 0.110799 12046 29
0.025217 0.975868 0.480041 0.484635 0.094139 9825 23
0.068489 0.918563 0.484075 0.488097 0.107546 11413 28
0.021242 0.941540 0.509403 0.513056 0.115572 10747 26
0.045982 0.959041 0.480274 0.483745 0.094947 9739 25
0.011328 0.966464 0.503526 0.507830 0.090513 9979 24
0.061824 0.973837 0.488872 0.493273 0.112494 10776 25
0.018414 0.986211 0.483533 0.488148 0.104438 11023 25
0.082671 0.981209 0.518067 0.522495 0.096565 9565 22
0.049548 0.955221 0.521336 0.526323 0.089334 9818 23
0.030165 0.940893 0.485817 0.490596 0.116736 9867 24
0.046362 0.980911 0.519987 0.524761 0.116394 10467 25
0.090179 0.938261 0.497065 0.501624 0.103284 10643 25
0.021735 0.953867 0.468104 0.472259 0.100580 11373 26
0.115959 0.931666 0.516536 0.520550 0.111814 11049 25
0.064406 0.993116 0.453321 0.458071 0.104587 11430 28
0.055956 0.980516 0.543133 0.547621 0.123876 11790 28
0.044448 0.898687 0.485951 0.490344 0.115698 10388 26
0.040515 0.979473 0.529411 0.533617 0.114086 10680 26
0.031385 0.964691 0.507642 0.512058 0.118397 11753 28
0.085797 0.969551 0.511452 0.515402 0.124632 11689 29
0.047584 0.990314 0.508982 0.512758 0.114244 11111 26
0.072430 0.967142 0.505252 0.509196 0.107090 10629 25
0.029243 0.958657 0.505133 0.509976 0.105048 10087 24
0.040462 0.937168 0.467956 0.472593 0.100045 10664 26
0.062076 0.947281 0.491422 0.494532 0.114743 11876 28
0.052254 0.992631 0.490001 0.492364 0.106119 10628 25
0.013765 0.973506 0.509752 0.514442 0.112607 11688 27
0.134178 0.945076 0.485606 0.490480 0.109201 10433 25
0.088604 0.943264 0.489687 0.494131 0.117713 9825 22
0.037226 0.915893 0.518460 0.522556 0.115335 10014 24
0.077573 0.996297 0.500433 0.505232 0.118190 9496 22
0.042680 0.992393 0.479241 0.483356 0.140276 11301 26
0.016308 0.929394 0.498902 0.503259 0.149307 11219 26
0.054565 0.942711 0.557913 0.562132 0.146403 10636 25
0.123244 0.948214 0.520981 0.525881 0.129338 11134 27
0.056918 0.938072 0.513036 0.517324 0.150099 10804 26
0.094419 0.973909 0.456101 0.460471 0.128350 9982 24
0.115276 0.914618 0.506678 0.511117 0.167537 11495 27
0.016296 0.976606 0.520104 0.524858 0.129653 10501 25
0.054042 0.871267 0.457098 0.461756 0.134524 11316 27
0.016802 0.965480 0.504250 0.508760 0.136992 10182 24
0.106525 0.923069 0.514895 0.519838 0.102533 10043 23
0.041624 0.913898 0.513684 0.517768 0.127934 12047 28
0.055550 0.931505 0.479306 0.483790 0.126062 9865 23
0.020657 0.959612 0.457421 0.461984 0.125662 10782 26
0.099193 0.978067 0.496794 0.500983 0.104948 9682 23
0.040110 0.979217 0.484129 0.488476 0.123104 10338 25
0.050413 0.986262 0.478261 0.482231 0.110056 11144 26
0.060291 0.945423 0.544036 0.548776 0.109040 10885 26
0.049337 0.971595 0.496310 0.500444 0.135757 11538 28
0.060497 0.961990 0.527666 0.531428 0.114168 11803 28
0.047629 0.957792 0.523684 0.526539 0.122633 11416 27
0.039118 0.954605 0.517457 0.521562 0.101405 9993 24
0.007049 0.908055 0.486420 0.490017 0.140765 11727 29
0.080566 0.923775 0.501712 0.506095 0.119035 11695 27
0.010963 0.966665 0.505783 0.510139 0.128172 11753 28
0.065407 0.946128 0.564199 0.568568 0.108851 10180 25
0.092456 0.995205 0.510110 0.514632 0.163133 10445 24
0.051004 0.975389 0.458383 0.461731 0.168479 12665 30
0.038789 0.935697 0.471330 0.475707 0.131086 10789 26
0.020303 0.964727 0.483072 0.487930 0.188571 10623 25
0.093104 0.999169 0.470392 0.475105 0.202541 10206 24
0.080562 0.970314 0.551350 0.555323 0.145238 10277 25
0.095080 0.940258 0.484506 0.488201 0.178822 9412 22
0.045250 0.929652 0.499870 0.504573 0.147772 10770 25
0.090704 0.947180 0.519098 0.523915 0.207782 10722 26
0.095000 0.936649 0.468439 0.473056 0.221226 10543 25
0.070688 0.967067 0.560135 0.563762 0.194999 11895 28
0.025017 0.959473 0.499795 0.504758 0.172225 10757 26
0.051924 0.917475 0.508725 0.513263 0.139558 10840 25
0.040123 0.945267 0.487035 0.491262 0.123074 9728 23
0.059000 0.937972 0.518546 0.523472 0.181670 11553 26
0.087757 0.997873 0.539141 0.543567 0.183973 10815 25
0.053690 0.947038 0.509103 0.513482 0.170996 9846 23
0.033925 0.968402 0.491104 0.495335 0.186893 12082 28
0.021066 0.920802 0.475791 0.480304 0.180152 10932 25
0.042622 0.968266 0.485092 0.489724 0.158533 10386 24
0.042586 0.948061 0.479857 0.483476 0.157157 9603 22
0.074701 0.942758 0.455139 0.459245 0.150177 10683 25
0.004496 0.951181 0.521715 0.526651 0.173335 10008 25
0.062201 0.966230 0.534945 0.539341 0.152983 10370 26
0.020621 0.967579 0.488109 0.491415 0.149349 11771 28
0.036772 0.992911 0.494566 0.498699 0.118365 10342 24
0.012484 0.941772 0.505447 0.508987 0.161041 10634 25
0.070543 0.923021 0.494390 0.498950 0.134421 9797 24
0.116897 0.940947 0.511775 0.516639 0.161768 10255 24
0.095404 0.947295 0.520502 0.524905 0.168886 10500 25
0.034468 0.956683 0.508480 0.511540 0.159172 10675 25
0.062941 0.974131 0.497644 0.501813 0.182212 10193 24
0.091851 0.929619 0.524078 0.527235 0.173991 11031 26
