0.027064 0.929089 0.453037 0.457500 0.328904 23355 28
0.033721 0.973348 0.486974 0.490073 0.356667 23461 28
0.039744 0.963717 0.497871 0.501090 0.329988 22010 26
0.009966 0.996460 0.484183 0.488880 0.370547 23949 29
0.035859 0.965412 0.458448 0.463115 0.345730 22331 27
0.027203 0.962702 0.507231 0.512021 0.382960 21589 26
0.083808 0.972776 0.496946 0.501510 0.378705 22239 27
0.033612 0.950128 0.518584 0.523406 0.387233 23729 27
0.015562 0.956002 0.489265 0.493522 0.373111 24124 28
0.020862 0.967920 0.502261 0.506341 0.339000 22083 26
0.020159 0.975588 0.512985 0.517744 0.414252 24588 29
0.017874 0.982351 0.524495 0.529346 0.328473 20020 24
0.023111 0.980035 0.486700 0.491206 0.305421 19841 23
0.019354 0.975255 0.493714 0.497106 0.331420 21701 26
0.056608 0.997609 0.501930 0.505859 0.357427 21990 26
0.006462 0.979085 0.526771 0.530885 0.371159 23957 28
0.029894 0.952557 0.535141 0.540125 0.383053 22397 26
0.031342 0.983393 0.515941 0.519877 0.358517 22050 26
0.018778 0.952779 0.505818 0.510363 0.378578 22007 26
0.041846 0.964918 0.496291 0.500409 0.385450 24307 29
0.048819 0.979841 0.528896 0.533722 0.371855 22678 26
0.053031 0.967384 0.522465 0.526538 0.373915 22198 26
0.036705 0.959378 0.498068 0.502548 0.341066 20848 25
0.014348 0.974713 0.510360 0.515030 0.382377 23263 27
0.018718 0.967882 0.536842 0.541153 0.326967 19566 23
0.025166 0.945976 0.498607 0.502557 0.379211 21810 27
0.017715 0.940245 0.485379 0.488729 0.379595 22705 27
0.033781 0.964954 0.514131 0.518159 0.390072 21152 25
0.028810 0.960592 0.513429 0.517956 0.450934 21900 26
0.019645 0.964042 0.509275 0.513684 0.462162 22125 27
0.046150 0.973444 0.509229 0.513460 0.501396 21403 25
0.012665 0.961278 0.508501 0.513043 0.460222 21733 26
0.068746 0.942122 0.484537 0.489133 0.428800 21976 26
0.104432 0.970713 0.512123 0.515448 0.454815 20688 25
0.010455 0.966492 0.519029 0.522608 0.611625 22559 27
0.025592 0.970412 0.502952 0.507873 0.529441 21102 26
0.049621 0.978159 0.543370 0.548237 0.474161 24762 29
0.005393 0.942457 0.498423 0.502840 0.534673 21338 26
0.055686 0.955486 0.479720 0.484435 0.580044 21210 25
0.043677 0.945625 0.497393 0.502025 0.480808 22512 26
0.079298 0.988787 0.506334 0.510162 0.532298 22224 26
0.044105 0.979351 0.467715 0.472018 0.454250 22775 27
0.069140 0.970093 0.521065 0.525224 0.522057 22518 26
0.016450 0.940375 0.499573 0.504384 0.654597 23070 27
0.024812 0.955208 0.503915 0.508259 0.438660 22782 27
0.042389 0.963765 0.515156 0.519053 0.484550 22828 27
0.018063 0.965707 0.503559 0.508146 0.473567 21276 26
0.005870 0.918467 0.494790 0.499141 0.580268 21916 27
0.019545 0.988975 0.558504 0.563207 0.512330 20725 24
0.020939 0.968060 0.513725 0.518592 0.407377 21087 25
0.018837 0.953042 0.497369 0.501812 0.530813 21440 25
0.004215 0.967924 0.481257 0.485392 0.598325 21545 26
0.036469 0.955216 0.496768 0.501318 0.607074 21594 26
0.067396 0.974292 0.491204 0.495177 0.608223 23034 27
0.020152 0.973148 0.526402 0.531264 0.631408 24443 29
0.015102 0.990582 0.515163 0.519912 0.415752 21659 26
0.024509 0.992183 0.467606 0.472586 0.498679 23106 27
0.056615 0.967525 0.492565 0.496895 0.562738 21930 26
0.041738 0.984438 0.508626 0.513235 0.588067 23131 28
0.016256 0.962520 0.496371 0.501244 0.605627 22888 27
0.032332 0.964804 0.500832 0.505073 0.487463 20158 24
0.034537 0.973394 0.497983 0.501774 0.582691 21907 26
0.032060 0.937252 0.505620 0.510012 0.647381 23732 28
0.057717 0.978229 0.514386 0.519142 0.567501 23298 29
0.010917 0.964623 0.491700 0.495811 0.582180 21106 25
0.033100 0.971968 0.541403 0.546253 0.515484 22901 27
0.048589 0.962288 0.533806 0.538088 0.595188 22918 27
0.025717 0.983584 0.494027 0.497905 0.646870 25121 29
0.031267 0.964802 0.478804 0.483470 0.585196 22734 27
0.023300 0.990459 0.475408 0.479694 0.622648 22720 27
0.024289 0.919216 0.476688 0.480922 0.581834 21884 26
0.068603 0.943899 0.505882 0.510171 0.680565 22879 28
0.075800 0.950497 0.502121 0.506964 0.587169 20945 25
0.008591 0.921381 0.495164 0.499618 0.529287 19644 23
0.056615 0.975335 0.511403 0.516318 0.670491 25388 30
0.020862 0.953824 0.506959 0.511530 0.615144 20505 25
0.071301 0.962033 0.507190 0.510979 0.563841 23909 28
0.035429 0.964655 0.481598 0.486065 0.571947 22142 27
0.027434 0.954881 0.497959 0.501637 0.705494 23078 28
0.034806 0.977934 0.493329 0.497502 0.534145 22127 26
0.020767 0.977671 0.505606 0.510099 0.550835 21255 25
0.021548 0.973619 0.483406 0.488332 0.487571 20206 24
0.002852 0.992060 0.480006 0.484213 0.454008 22713 27
0.055065 0.952242 0.501809 0.506405 0.380284 21514 26
0.014680 0.995502 0.526962 0.531514 0.429420 24712 29
0.016053 0.981100 0.491936 0.496262 0.397328 21793 26
0.017809 0.946681 0.471492 0.476002 0.443740 23047 28
0.009375 0.951282 0.482233 0.486369 0.407001 21525 25
0.050916 0.942954 0.479424 0.483628 0.487405 23187 28
0.059911 0.942364 0.492741 0.495998 0.523621 24130 28
0.021670 0.985504 0.518348 0.522766 0.406878 21890 26
0.031698 0.963941 0.488498 0.492661 0.488691 21690 25
0.036046 0.973204 0.508538 0.512963 0.461148 21722 26
0.061316 0.952880 0.493646 0.498548 0.428489 20983 25
0.073185 0.982157 0.523557 0.528087 0.429881 22481 27
0.037342 0.963137 0.494917 0.499889 0.409874 20765 24
0.044850 0.949203 0.484443 0.489423 0.406054 21742 26
0.039853 0.959655 0.484313 0.489120 0.431472 21903 26
0.027962 0.992069 0.490055 0.493447 0.449369 23505 28
0.013577 0.949578 0.477416 0.482111 0.461506 22448 27
