0.215800 0.925254 0.660421 0.665371 0.003000 584 33
0.289731 0.952987 0.478991 0.483948 0.016607 4596 288
0.379055 0.689053 0.507000 0.511985 0.002997 889 39
0.258351 0.814461 0.522017 0.526983 0.001533 566 29
0.206802 0.812505 0.573696 0.577803 0.000998 541 25
0.064599 0.659196 0.242041 0.246407 0.000840 584 36
0.303188 0.892354 0.623950 0.628015 0.000882 350 20
0.227770 0.875353 0.570068 0.574915 0.001483 726 37
0.259869 0.977820 0.542449 0.547420 0.000967 669 36
0.180335 0.635483 0.438147 0.442390 0.001191 460 21
0.116868 0.762394 0.348840 0.353565 0.002158 658 30
0.215211 0.592869 0.363181 0.367562 0.001001 397 21
0.150560 0.584367 0.378602 0.383588 0.001050 569 30
0.327679 0.850590 0.563749 0.568634 0.003994 1486 86
0.279854 0.620072 0.501889 0.506782 0.001595 793 39
0.321561 0.804249 0.564494 0.569478 0.000000 459 21
0.092431 0.909238 0.456323 0.460951 0.002092 1194 65
0.347342 0.818031 0.668630 0.673625 0.001999 865 47
0.137037 0.907086 0.342203 0.346750 0.002251 940 50
0.252325 0.772664 0.363059 0.367809 0.000982 461 30
0.322645 0.845841 0.733716 0.738519 0.002002 914 49
0.339977 0.892321 0.611574 0.616114 0.001929 447 22
0.024593 0.701916 0.487036 0.491607 0.001998 1018 60
0.213877 0.867001 0.562958 0.566346 0.001001 363 20
0.286993 0.919863 0.712851 0.717801 0.000737 408 23
0.180964 0.875433 0.403103 0.407028 0.001257 290 18
0.216809 0.695147 0.496552 0.501154 0.001854 620 50
0.162324 0.979131 0.457664 0.461980 0.000999 439 21
0.182666 0.918973 0.721501 0.726447 0.001989 831 44
0.251598 0.773325 0.616313 0.620619 0.001036 395 22
0.123950 0.874422 0.536852 0.541694 0.002006 977 37
0.130402 0.827077 0.401822 0.406513 0.002113 912 42
0.237293 0.738181 0.416570 0.421215 0.002692 1638 76
0.264918 0.875975 0.518365 0.522678 0.002219 527 23
0.132875 0.776436 0.449898 0.453668 0.002161 506 29
0.165452 0.807238 0.482518 0.487476 0.002029 566 31
0.085857 0.657480 0.354872 0.358420 0.000364 440 20
0.131777 0.567008 0.493076 0.497976 0.001733 947 48
0.247872 0.895675 0.511708 0.516035 0.000000 521 26
0.129439 0.858243 0.469244 0.474028 0.001001 480 24
0.231453 0.821341 0.578965 0.583682 0.001482 589 31
0.213978 0.930027 0.516525 0.521289 0.001996 475 30
0.084594 0.809315 0.348271 0.352911 0.002795 626 31
0.244682 0.803207 0.518805 0.523401 0.000998 500 22
0.146299 0.886878 0.505870 0.510743 0.001993 879 39
0.163091 0.936807 0.595109 0.600084 0.003008 1301 77
0.180436 0.879922 0.522948 0.527568 0.001782 1309 67
0.133470 0.634150 0.422724 0.426667 0.000000 255 16
0.091860 0.772669 0.256387 0.258636 0.000922 410 27
0.132401 0.866771 0.539002 0.543355 0.000375 442 25
0.117215 0.854265 0.334747 0.339715 0.007785 3861 173
0.072720 0.883158 0.589001 0.593958 0.003008 808 39
0.416480 0.757158 0.585801 0.590694 0.001060 319 15
0.058807 0.809359 0.632390 0.637309 0.001996 656 36
0.237588 0.802292 0.375612 0.380142 0.002077 678 37
0.200346 0.770275 0.533688 0.538193 0.001636 625 35
0.309135 0.868456 0.820751 0.824684 0.000991 402 19
0.147556 0.703123 0.537796 0.542761 0.000999 500 27
0.143491 0.780837 0.463923 0.468332 0.001611 568 31
0.135050 0.784626 0.381022 0.385142 0.000998 459 23
0.211133 0.861228 0.660103 0.664930 0.002215 879 42
0.178472 0.875914 0.369794 0.374278 0.002001 621 32
0.093935 0.869904 0.575428 0.579857 0.002007 372 21
0.195579 0.761034 0.600938 0.605670 0.001462 624 25
0.077002 0.589022 0.337140 0.342029 0.001752 553 32
0.190855 0.738395 0.593893 0.598518 0.001062 411 20
0.147069 0.667878 0.154734 0.430850 0.056193 16327 1000
0.185719 0.638832 0.237340 0.241705 0.000463 345 21
0.107237 0.761162 0.280316 0.284190 0.000920 539 30
0.281229 0.816988 0.606947 0.611921 0.002999 851 51
0.105932 0.955937 0.401142 0.404801 0.001999 608 25
0.071171 0.976684 0.485870 0.489249 0.002544 520 30
0.441862 0.818109 0.601652 0.606486 0.002036 406 23
0.279531 0.623465 0.421594 0.425886 0.000714 473 26
0.181664 0.855545 0.654057 0.659006 0.016999 7730 426
0.225344 0.922871 0.618675 0.623649 0.001004 555 28
0.233060 0.943582 0.569828 0.574778 0.005916 2745 145
0.308424 0.981183 0.488048 0.492460 0.001998 534 25
0.187009 0.744802 0.433000 0.437086 0.001523 461 25
0.217241 0.831361 0.359621 0.361979 0.001806 394 21
0.145087 0.800749 0.469026 0.473732 0.006519 1676 91
0.072458 0.813202 0.603843 0.608321 0.001989 545 33
0.261900 0.846473 0.566742 0.570326 0.001601 401 22
0.162327 0.876229 0.555193 0.560087 0.002023 410 24
0.268560 0.866077 0.379381 0.384282 0.010527 3143 224
0.228981 0.741548 0.536706 0.541555 0.002838 849 44
0.024533 0.724136 0.496312 0.501243 0.002927 870 53
0.268560 0.844584 0.596960 0.601140 0.000824 297 17
0.212822 0.823404 0.493196 0.497853 0.001912 701 36
0.281916 0.811813 0.546485 0.551237 0.001981 711 34
0.177364 0.673349 0.395910 0.399974 0.002097 382 21
0.266384 0.800843 0.543485 0.547626 0.001905 509 23
0.139958 0.834430 0.362951 0.367434 0.004992 1290 61
0.267370 0.660321 0.517840 0.522660 0.002899 696 39
0.136978 0.840798 0.412816 0.417147 0.002007 687 43
0.305723 0.680574 0.524023 0.527874 0.001006 457 23
0.329227 0.839370 0.480464 0.485360 0.001002 502 22
0.127980 0.893503 0.422510 0.427448 0.000873 336 17
0.173894 0.772663 0.579260 0.584101 0.002001 733 39
0.070013 0.751238 0.463179 0.466542 0.000926 443 26
