0.018515 0.944740 0.476169 0.481108 0.057795 8517 24
0.070755 0.983688 0.519798 0.524478 0.065988 9349 26
0.030168 0.954439 0.473077 0.477725 0.069727 9525 26
0.077480 0.973198 0.548389 0.553114 0.057230 8208 23
0.073966 0.984078 0.517238 0.520771 0.071753 9023 26
0.026487 0.946921 0.505745 0.510373 0.096383 9526 27
0.055673 0.941303 0.472135 0.476999 0.061205 8908 25
0.079636 0.898862 0.488998 0.493694 0.067255 8239 23
0.005465 0.939984 0.476404 0.480277 0.055361 7890 23
0.057564 0.977206 0.436092 0.439657 0.066425 8943 25
0.071845 0.976676 0.467505 0.470873 0.072817 9686 29
0.064601 0.961914 0.514454 0.518326 0.069606 8906 27
0.113453 0.929365 0.503969 0.508384 0.081751 8751 25
0.090763 0.893832 0.486245 0.491222 0.067716 7389 21
0.022134 0.901916 0.496047 0.500794 0.096981 10200 29
0.004456 0.978051 0.505940 0.509771 0.094946 10003 29
0.151271 0.890256 0.514633 0.518998 0.071350 8589 25
0.075826 0.991705 0.492508 0.497013 0.083522 9773 27
0.034131 0.957365 0.448864 0.453617 0.102975 8349 23
0.017568 0.980768 0.473303 0.477799 0.097335 9978 29
0.028291 0.925813 0.422349 0.426682 0.079655 7911 23
0.040584 0.939142 0.446021 0.450645 0.074514 8802 24
0.110082 0.967562 0.447571 0.452165 0.107869 10139 29
0.028125 0.927217 0.510910 0.515579 0.090664 8994 26
0.040049 0.940282 0.496238 0.501210 0.089991 9381 27
0.104591 0.975228 0.535312 0.539318 0.093933 9269 26
0.027830 0.895240 0.495205 0.500137 0.074709 6997 20
0.040726 0.978763 0.484251 0.488189 0.098150 9412 28
0.049900 0.964014 0.503704 0.508667 0.083862 8362 24
0.089767 0.953947 0.513422 0.517551 0.078148 9623 27
0.020492 0.912822 0.507358 0.511811 0.070779 7883 23
0.064223 0.947236 0.513817 0.518754 0.079816 8218 24
0.004459 0.967653 0.479582 0.484444 0.115958 9444 26
0.075933 0.954120 0.470028 0.474524 0.066527 8284 23
0.043631 0.964259 0.498178 0.502968 0.069295 8347 23
0.045311 0.907369 0.508162 0.512175 0.073956 8693 26
0.047186 0.995927 0.484829 0.487798 0.076637 8987 26
0.059198 0.936304 0.483276 0.487489 0.080363 8968 25
0.009828 0.849822 0.475908 0.480381 0.111762 8532 24
0.069237 0.945872 0.509768 0.514477 0.102709 9748 27
0.061450 0.945465 0.464028 0.468954 0.121473 9294 27
0.045926 0.975868 0.487004 0.491044 0.101274 8503 24
0.067108 0.904197 0.502736 0.507479 0.085347 8528 25
0.015826 0.935524 0.463067 0.466714 0.102038 9125 26
0.043669 0.911588 0.529187 0.533608 0.117057 9292 28
0.058495 0.954228 0.528618 0.532508 0.090003 9092 26
0.086988 0.953042 0.476693 0.481233 0.090588 8827 26
0.067854 0.961389 0.497403 0.501517 0.101653 8571 24
0.082436 0.942771 0.527363 0.532273 0.098604 9038 26
0.027835 0.947951 0.446117 0.450546 0.098660 8479 24
0.020873 0.974442 0.468440 0.472590 0.107826 8867 26
0.049027 0.958096 0.474094 0.479081 0.097644 8346 23
0.024951 0.977550 0.520721 0.525290 0.102974 8171 23
0.040746 0.984828 0.467660 0.471624 0.106037 8754 26
0.023836 0.951476 0.462429 0.466763 0.094285 8171 23
0.049610 0.938265 0.464587 0.467280 0.113846 9741 28
0.059111 0.914170 0.535064 0.539734 0.096270 8264 23
0.036016 0.957054 0.524191 0.528769 0.089290 8606 25
0.054847 0.976784 0.466310 0.470631 0.084065 7556 21
0.093653 0.958627 0.535041 0.539091 0.094037 9568 27
0.078871 0.931348 0.470375 0.474978 0.095926 8972 25
0.036236 0.969548 0.500009 0.504643 0.101146 8355 24
0.019592 0.930399 0.498069 0.502865 0.106210 8115 24
0.041546 0.990188 0.437060 0.442008 0.109730 9769 27
0.019640 0.945364 0.516594 0.520600 0.095315 8924 24
0.094545 0.970433 0.473886 0.477454 0.141292 10811 31
0.044558 0.977591 0.523560 0.528152 0.081579 8139 24
0.018121 0.965221 0.503251 0.507886 0.110644 9566 27
0.047084 0.974191 0.482087 0.486245 0.091370 9455 28
0.049832 0.989373 0.513354 0.518209 0.102799 8435 24
0.100801 0.959431 0.527095 0.531114 0.105791 8018 23
0.024660 0.924183 0.492729 0.495530 0.108366 9050 26
0.085551 0.943562 0.503969 0.508819 0.109917 8099 23
0.021005 0.907165 0.450124 0.454083 0.108959 8365 24
0.034829 0.914102 0.491715 0.495697 0.108037 8664 25
0.113951 0.943176 0.538962 0.543589 0.091952 9941 28
0.010406 0.957838 0.509682 0.514177 0.078540 8002 24
0.068818 0.965129 0.470868 0.475431 0.116041 9441 26
0.035209 0.952903 0.478361 0.483109 0.088667 7850 23
0.091298 0.951568 0.472788 0.477001 0.089596 8407 25
0.161073 0.980343 0.531782 0.535816 0.081539 9234 26
0.058797 0.875474 0.466111 0.470501 0.084456 8073 23
0.083816 0.868892 0.526967 0.531740 0.096594 8341 24
0.071032 0.954992 0.514650 0.519053 0.103002 8250 23
0.017414 0.974141 0.432742 0.437505 0.115614 8554 25
0.038895 0.957925 0.475306 0.479732 0.107177 8090 24
0.051217 0.941938 0.518744 0.522809 0.112270 8434 24
0.067951 0.931650 0.465169 0.469152 0.107418 8539 24
0.093462 0.937081 0.512152 0.516784 0.096746 7540 22
0.050115 0.921159 0.495085 0.499396 0.112524 10161 29
0.062063 0.997468 0.484298 0.488805 0.135453 9794 27
0.063697 0.884690 0.446936 0.449843 0.104698 8537 24
0.020253 0.962582 0.475868 0.480841 0.097622 8607 24
0.081929 0.904359 0.549310 0.553888 0.115874 9457 27
0.080665 0.948962 0.470907 0.475628 0.107060 8758 24
0.040363 0.935093 0.518324 0.523250 0.088078 7722 22
0.026197 0.954486 0.478459 0.482314 0.094101 8798 25
0.113218 0.911181 0.484918 0.489470 0.103463 8179 23
0.067162 0.973309 0.528741 0.533381 0.084189 8480 24
0.073670 0.909283 0.520820 0.525397 0.113796 8365 24
