0.046986 0.945553 0.464794 0.468365 0.186019 16028 28
0.054306 0.974654 0.503320 0.507320 0.143007 14252 25
0.023642 0.981097 0.526850 0.531456 0.208928 15702 27
0.058309 0.972050 0.506109 0.510921 0.169716 15612 28
0.041716 0.961924 0.503786 0.508551 0.167708 13580 24
0.018487 0.981338 0.463061 0.467474 0.156184 13923 24
0.013278 0.938013 0.520792 0.525445 0.154169 15640 28
0.024615 0.941765 0.516673 0.521514 0.153921 14091 25
0.014656 0.961742 0.488881 0.493607 0.149283 14437 25
0.058368 0.950564 0.475334 0.480318 0.167643 15525 28
0.061862 0.921492 0.494427 0.498785 0.179512 15246 27
0.068392 0.983132 0.477304 0.481790 0.167843 13169 23
0.064530 0.953680 0.534671 0.537942 0.151922 12535 22
0.099823 0.956734 0.497720 0.502265 0.143306 13229 23
0.069267 0.964796 0.508909 0.513782 0.165907 14228 25
0.021802 0.963028 0.487100 0.491718 0.159739 15119 27
0.043887 0.963473 0.465636 0.470346 0.166287 13840 24
0.067371 0.921883 0.515065 0.519767 0.170417 14571 26
0.027961 0.982097 0.514612 0.519298 0.155690 14375 25
0.046938 0.924503 0.474203 0.479004 0.166623 15640 28
0.071237 0.980839 0.487421 0.491724 0.176508 14731 26
0.055259 0.984651 0.468529 0.473128 0.178442 15091 27
0.069981 0.982899 0.538657 0.543595 0.142460 12829 23
0.039038 0.982097 0.508420 0.513005 0.148442 14035 25
0.027403 0.975455 0.517592 0.522553 0.147812 13170 23
0.104044 0.954818 0.518608 0.523111 0.162077 13964 25
0.045784 0.945841 0.483573 0.487816 0.181549 13617 24
0.066587 0.968699 0.534784 0.539763 0.150921 15006 27
0.050120 0.951345 0.503440 0.507827 0.171345 13794 25
0.049563 0.975785 0.457605 0.462287 0.154237 14229 25
0.037963 0.950757 0.491015 0.495374 0.175031 14160 26
0.047186 0.947655 0.472430 0.477240 0.183699 15709 28
0.047577 0.941692 0.540458 0.544541 0.164519 13973 24
0.069293 0.968356 0.474947 0.479701 0.168790 14385 26
0.011259 0.946988 0.498629 0.503610 0.185155 13080 24
0.031985 0.939693 0.503237 0.508045 0.161608 13344 25
0.048184 0.964501 0.517663 0.522044 0.190685 14323 26
0.048871 0.953483 0.485576 0.490293 0.191694 15459 27
0.018860 0.918983 0.443673 0.448178 0.164976 13422 24
0.019295 0.930011 0.497697 0.501288 0.180930 14689 26
0.064202 0.964147 0.498753 0.503700 0.212269 14817 26
0.046974 0.970384 0.491851 0.496010 0.164649 15154 27
0.067047 0.878156 0.499042 0.502895 0.189166 13851 25
0.012102 0.967953 0.518282 0.523068 0.205689 14806 26
0.051250 0.930660 0.479349 0.484135 0.148014 12994 23
0.041950 0.971125 0.464143 0.468458 0.196074 15474 27
0.067715 0.943082 0.517062 0.521484 0.183094 15194 27
0.024565 0.933182 0.534370 0.539004 0.217441 15076 26
0.042571 0.940431 0.527638 0.531147 0.191117 14462 27
0.036158 0.964093 0.442513 0.447429 0.178397 13772 24
0.038649 0.957271 0.536415 0.541234 0.196068 14752 26
0.016556 0.951813 0.494388 0.499171 0.206306 14290 26
0.055510 0.977038 0.482048 0.486260 0.168149 13611 24
0.033472 0.954570 0.498742 0.503284 0.166477 14378 26
0.024685 0.886521 0.469744 0.474413 0.202328 15676 28
0.093776 0.959502 0.502716 0.507310 0.180457 14280 25
0.075535 0.977678 0.527574 0.531891 0.237935 13744 25
0.018073 0.964557 0.481836 0.486787 0.187124 13109 24
0.064110 0.929630 0.463248 0.468000 0.152110 13336 23
0.060800 0.931970 0.493876 0.498213 0.151390 13370 24
0.008553 0.961767 0.466062 0.470679 0.165640 13035 24
0.015228 0.957746 0.463625 0.468102 0.151730 14071 24
0.016500 0.936034 0.515548 0.520224 0.221033 15658 29
0.054290 0.969665 0.492011 0.496101 0.181746 14433 26
0.074374 0.910528 0.535211 0.539693 0.171961 16030 28
0.091893 0.921838 0.494643 0.498980 0.156659 14204 25
0.099077 0.958774 0.509923 0.513018 0.157547 14667 26
0.030068 0.959813 0.505464 0.509880 0.183443 14466 26
0.024519 0.980290 0.538447 0.543171 0.182751 15396 27
0.105839 0.957924 0.527163 0.532073 0.194886 14981 27
0.072183 0.935320 0.514825 0.519753 0.142026 13037 23
0.042067 0.968460 0.505870 0.510562 0.210368 14070 25
0.043385 0.940697 0.540699 0.545606 0.227939 14161 25
0.030010 0.960895 0.498403 0.502899 0.205948 15545 28
0.043834 0.959691 0.522256 0.527156 0.160251 13439 24
0.031369 0.933332 0.501746 0.505823 0.199669 14915 27
0.055419 0.977565 0.513590 0.518414 0.191440 15160 27
0.042984 0.969058 0.479407 0.484388 0.167639 12897 23
0.045455 0.912021 0.500364 0.504003 0.187072 13859 25
0.021753 0.955306 0.478730 0.482898 0.197199 14153 25
0.031003 0.947277 0.460261 0.464915 0.202343 14181 26
0.027143 0.980907 0.509848 0.514780 0.218647 15107 28
0.025365 0.979871 0.519502 0.523330 0.214236 14983 27
0.078418 0.973395 0.511041 0.515254 0.241774 15397 28
0.025254 0.986316 0.518927 0.522860 0.196577 14594 26
0.045561 0.921878 0.509312 0.513291 0.212842 13240 24
0.023593 0.954913 0.490800 0.494798 0.214458 13716 24
0.032396 0.941058 0.497011 0.501257 0.196745 14398 25
0.029120 0.970327 0.489317 0.492525 0.249302 15788 28
0.046250 0.950135 0.473417 0.478147 0.220497 13723 24
0.010900 0.980075 0.463254 0.467761 0.213097 15164 27
0.044819 0.990469 0.523808 0.528338 0.246943 13600 24
0.066367 0.961378 0.501640 0.506360 0.237612 14461 25
0.025312 0.965401 0.460114 0.464517 0.186644 14850 27
0.041576 0.962282 0.477107 0.481894 0.180098 14761 26
0.031656 0.980064 0.498091 0.502137 0.244981 15385 27
0.051979 0.967451 0.505857 0.510819 0.186644 14177 25
0.062142 0.957146 0.494805 0.499049 0.202310 14406 26
0.050852 0.967970 0.534612 0.539469 0.230094 15714 28
0.045616 0.941337 0.490487 0.493949 0.205202 14912 26
