0.147007 0.950097 0.557931 0.562434 0.007069 2459 27
0.086900 0.853841 0.499307 0.503720 0.007076 2110 23
0.069324 0.970708 0.619784 0.623659 0.006495 2167 25
0.129167 0.863013 0.480901 0.484328 0.004529 1445 17
0.072656 0.922555 0.569623 0.573346 0.004915 1740 20
0.137262 0.857036 0.497456 0.501430 0.009891 1944 25
0.105058 0.810058 0.404228 0.408496 0.007429 1477 17
0.183515 0.914895 0.577622 0.581413 0.005794 1764 20
0.134683 0.902037 0.456986 0.460643 0.004998 1558 20
0.039322 0.867607 0.400264 0.405174 0.006951 2199 26
0.064330 0.755446 0.414842 0.419301 0.007164 2263 27
0.193393 0.900183 0.521143 0.525694 0.004948 1805 23
0.051339 0.963310 0.405335 0.409623 0.009084 1789 25
0.071468 0.922949 0.441093 0.445406 0.003998 1686 20
0.130622 0.866217 0.550485 0.554731 0.009991 2060 25
0.098534 0.928603 0.601318 0.605460 0.004989 1881 24
0.060625 0.856362 0.364245 0.369084 0.004894 1727 21
0.178556 0.805399 0.582663 0.587178 0.006362 2025 24
0.043149 0.866018 0.492717 0.495701 0.008112 1751 22
0.209318 0.903447 0.537042 0.541506 0.003978 1443 18
0.090972 0.896744 0.507768 0.512705 0.005582 1619 19
0.244829 0.936483 0.534215 0.537824 0.005843 1933 24
0.070034 0.859339 0.566341 0.570501 0.005949 1918 23
0.123658 0.952823 0.462676 0.467221 0.005501 2039 24
0.116194 0.786297 0.558102 0.563035 0.005887 1759 21
0.044256 0.750036 0.459897 0.464023 0.003985 1505 19
0.163521 0.877423 0.481868 0.486173 0.006336 2185 29
0.117093 0.939909 0.511563 0.516386 0.006558 2115 25
0.174711 0.773409 0.524120 0.529002 0.005140 1632 20
0.138664 0.861528 0.469833 0.474629 0.010191 1969 23
0.016664 0.890206 0.470035 0.473203 0.004680 1765 23
0.042202 0.981010 0.597476 0.601711 0.006961 2241 29
0.154886 0.955125 0.559952 0.563211 0.004984 1656 19
0.101545 0.963582 0.614063 0.619019 0.005963 2089 25
0.082383 0.824816 0.481242 0.484961 0.004756 1724 21
0.162110 0.931679 0.496193 0.500358 0.006205 1945 24
0.128851 0.953658 0.594567 0.598306 0.005966 1916 22
0.128003 0.934155 0.599247 0.604092 0.004988 1600 20
0.041224 0.895484 0.553072 0.557389 0.005898 1956 24
0.047057 0.845134 0.516981 0.521894 0.006054 1686 21
0.129905 0.917528 0.569258 0.574151 0.010025 2219 27
0.014401 0.905774 0.461037 0.465787 0.007898 2799 37
0.110504 0.829201 0.547422 0.551067 0.007123 1772 22
0.041852 0.914300 0.473786 0.477188 0.005149 1823 22
0.041847 0.955582 0.425502 0.429772 0.003976 1571 20
0.182661 0.835350 0.500935 0.505912 0.004627 1787 21
0.129150 0.861311 0.524664 0.529637 0.007923 2726 36
0.088826 0.960321 0.364585 0.367433 0.007697 1597 21
0.089142 0.893248 0.568450 0.572853 0.010092 2091 27
0.082898 0.688679 0.431776 0.436046 0.006169 1715 19
0.134244 0.896877 0.453901 0.457964 0.006904 2482 30
0.111968 0.911591 0.472570 0.477072 0.005888 1994 23
0.058349 0.797935 0.509194 0.513591 0.011797 2453 29
0.111269 0.825017 0.427893 0.432780 0.007041 2374 29
0.079879 0.864267 0.453700 0.457483 0.005195 1836 22
0.190917 0.863800 0.497013 0.501952 0.006750 2176 28
0.195094 0.870971 0.507007 0.511546 0.009648 2017 24
0.147516 0.794696 0.415332 0.419998 0.008049 2112 27
0.011972 0.847910 0.393704 0.398458 0.006722 1810 22
0.014940 0.852777 0.446130 0.450209 0.007479 1728 21
0.045661 0.962752 0.454742 0.458636 0.007481 2108 26
0.105993 0.848616 0.503543 0.508223 0.007541 2033 24
0.171956 0.826925 0.591267 0.595288 0.004961 1592 19
0.100687 0.720683 0.428161 0.432047 0.004999 1788 23
0.090406 0.861441 0.447571 0.452247 0.005828 2015 25
0.114707 0.901954 0.510610 0.515517 0.006006 2031 21
0.056779 0.788554 0.406142 0.410357 0.008502 2253 26
0.065608 0.728700 0.415527 0.420302 0.008026 1579 17
0.039737 0.925164 0.473830 0.478542 0.011068 2225 24
0.194316 0.867798 0.443451 0.448215 0.009105 1843 23
0.053259 0.863301 0.614577 0.617928 0.010415 2064 26
0.083223 0.863234 0.472453 0.475213 0.009093 1650 21
0.175726 0.933403 0.556701 0.561055 0.007917 1973 23
0.208393 0.810673 0.460087 0.464000 0.005486 1883 20
0.158628 0.854044 0.527927 0.532781 0.007999 1833 21
0.224699 0.971113 0.597018 0.602008 0.011544 1989 22
0.039106 0.832886 0.570339 0.574379 0.010170 1991 25
0.086237 0.905062 0.491326 0.496185 0.005517 1614 19
0.202892 0.848681 0.469776 0.474739 0.007959 1722 21
0.082446 0.862533 0.480812 0.485632 0.005017 1799 23
0.051397 0.811390 0.415679 0.420471 0.007320 2219 27
0.042006 0.924108 0.477737 0.482186 0.007531 1720 21
0.033136 0.909620 0.532614 0.536262 0.004996 1661 21
0.139459 0.949071 0.512318 0.516437 0.004378 1467 18
0.120149 0.949953 0.444848 0.448639 0.005856 2264 27
0.047411 0.891720 0.543411 0.546826 0.005838 2065 28
0.151477 0.898620 0.555774 0.560382 0.004999 1746 21
0.119950 0.934178 0.458046 0.462477 0.010145 2484 29
0.046318 0.861125 0.436735 0.441339 0.004543 1538 20
0.180886 0.914303 0.600628 0.605160 0.005752 1761 19
0.042924 0.860648 0.412511 0.417205 0.007326 1948 22
0.212397 0.869363 0.419483 0.424195 0.007006 2071 27
0.147503 0.923194 0.552361 0.557360 0.005987 1772 23
0.021071 0.857135 0.455501 0.460114 0.008151 2020 24
0.178044 0.925226 0.491567 0.496058 0.006903 2508 28
0.117082 0.934123 0.489946 0.493521 0.010055 1938 26
0.172198 0.951200 0.449796 0.454543 0.006574 2172 27
0.032063 0.904675 0.439286 0.444269 0.007735 2095 25
0.093653 0.946272 0.498519 0.502566 0.011059 1990 25
0.103108 0.954864 0.535428 0.539714 0.009087 1674 20
