0.016655 0.951452 0.474657 0.478592 0.576316 30283 27
0.041133 0.994721 0.501002 0.505574 0.592108 29477 26
0.028159 0.996206 0.520640 0.524781 0.607807 30451 27
0.022616 0.973082 0.491697 0.496155 0.603434 28701 26
0.055882 0.983304 0.536320 0.539266 0.652308 30487 27
0.036397 0.979165 0.497376 0.501504 0.686332 30910 28
0.033131 0.980387 0.478589 0.483108 0.616596 28510 25
0.026202 0.981984 0.506188 0.510891 0.626379 28743 26
0.028165 0.973977 0.486129 0.490289 0.650496 30269 27
0.021044 0.969127 0.479258 0.483434 0.633202 29500 26
0.029424 0.980266 0.503834 0.508827 0.616494 28419 25
0.037359 0.984877 0.485111 0.488689 0.613587 27631 25
0.015371 0.986076 0.495535 0.499928 0.689454 31001 27
0.033944 0.998287 0.494612 0.499125 0.650840 29173 26
0.033075 0.971723 0.516265 0.520997 0.723989 32902 29
0.018478 0.995937 0.476967 0.481568 0.598530 27743 25
0.039302 0.964694 0.484580 0.488848 0.671987 30757 27
0.024801 0.983953 0.513703 0.518504 0.662985 29552 27
0.008494 0.978488 0.490718 0.495688 0.653641 29726 27
0.049895 0.981167 0.489038 0.493955 0.652070 29416 26
0.012066 0.980045 0.506375 0.510652 0.694452 30336 27
0.058276 0.969667 0.494080 0.498996 0.688679 30615 27
0.035026 0.979877 0.522041 0.526543 0.686236 29986 26
0.013040 0.984086 0.486613 0.491459 0.641437 29346 26
0.024550 0.977429 0.487563 0.492530 0.668421 31125 28
0.031672 0.982022 0.491042 0.495958 0.760023 30747 27
0.043062 0.980795 0.507015 0.511595 0.637719 27178 24
0.009105 0.976993 0.476965 0.481952 0.667352 29099 26
0.025318 0.984933 0.506034 0.510149 0.665615 30432 27
0.047753 0.950020 0.477801 0.482523 0.693334 30166 27
0.030566 0.982122 0.522166 0.526722 0.728293 31870 28
0.014026 0.969892 0.515095 0.519469 0.715634 32349 29
0.027318 0.986751 0.473629 0.477708 0.674947 29999 27
0.058583 0.967407 0.506033 0.510459 0.685218 30764 27
0.039597 0.973466 0.505620 0.508660 0.752459 31959 28
0.033456 0.960056 0.501588 0.505814 0.720384 31639 28
0.030817 0.972685 0.469760 0.474242 0.647613 29117 26
0.028074 0.949089 0.491556 0.495751 0.687754 29458 26
0.034952 0.939168 0.507176 0.511490 0.643275 28061 24
0.036926 0.979654 0.468947 0.473453 0.688135 29314 26
0.032524 0.991714 0.498903 0.502218 0.704995 29774 26
0.048959 0.950567 0.486051 0.490343 0.728599 31138 27
0.017245 0.983477 0.493606 0.498452 0.714272 32072 28
0.049651 0.959096 0.510673 0.514359 0.595605 26636 23
0.067586 0.950565 0.504672 0.509477 0.687542 30852 27
0.021089 0.991642 0.528911 0.533695 0.719335 32375 29
0.020454 0.957489 0.468670 0.473639 0.674708 29007 27
0.043512 0.968650 0.528616 0.532849 0.741190 33114 30
0.002383 0.979750 0.482344 0.487194 0.658375 27953 25
0.032121 0.977616 0.486726 0.491697 0.597451 27072 24
0.038950 0.972550 0.496930 0.501807 0.680223 27455 24
0.053841 0.969684 0.494883 0.499809 0.637725 27022 24
0.010051 0.971566 0.496599 0.501197 0.723432 31912 28
0.009897 0.939873 0.485651 0.490383 0.696487 29833 27
0.049376 0.971075 0.471655 0.476541 0.670347 29183 26
0.019129 0.960841 0.506929 0.511685 0.674758 31579 29
0.067596 0.981303 0.507316 0.512161 0.654140 26987 24
0.043993 0.979602 0.532499 0.536520 0.677867 29936 27
0.021470 0.955565 0.525538 0.530092 0.778810 31449 28
0.064487 0.937899 0.472571 0.476568 0.681448 30201 27
0.046966 0.976974 0.536394 0.540946 0.790764 32213 29
0.051073 0.992588 0.517145 0.521589 0.717178 29347 26
0.030004 0.944712 0.493272 0.498229 0.618613 26763 24
0.025457 0.980054 0.481277 0.485891 0.701181 31083 28
0.040529 0.953107 0.509739 0.512981 0.724720 32171 28
0.061636 0.989477 0.522319 0.526691 0.750335 33421 29
0.056156 0.976083 0.537725 0.542227 0.721351 30599 27
0.016934 0.963189 0.503750 0.508219 0.776972 33404 30
0.002895 0.990106 0.486385 0.491384 0.652259 28238 25
0.033513 0.964660 0.516993 0.521109 0.697026 30482 27
0.016624 0.946620 0.470269 0.474813 0.781828 31943 29
0.037210 0.946477 0.508659 0.512801 0.684432 30300 27
0.039997 0.947547 0.490516 0.494740 0.665951 29115 26
0.028045 0.971935 0.477620 0.482441 0.691707 28266 25
0.027938 0.972987 0.489855 0.494314 0.665866 28896 26
0.024132 0.957523 0.540251 0.545219 0.791153 31946 28
0.034612 0.961264 0.502988 0.507499 0.668548 29121 26
0.013435 0.993485 0.494464 0.498866 0.651222 29256 26
0.046343 0.970965 0.503114 0.506140 0.805386 33918 30
0.036011 0.943348 0.497771 0.501872 0.736716 30593 27
0.022668 0.975983 0.512354 0.515861 0.748935 32714 29
0.002379 0.936549 0.485124 0.489307 0.716780 31506 29
0.003545 0.972826 0.482955 0.487773 0.663740 28759 26
0.034600 0.967547 0.497336 0.501868 0.740328 31840 28
0.071038 0.940941 0.521159 0.525149 0.642722 28490 25
0.021556 0.964966 0.469586 0.474171 0.649169 29067 26
0.012185 0.961598 0.504881 0.509422 0.725683 31775 28
0.021017 0.994907 0.507697 0.512614 0.686940 29579 26
0.031651 0.980603 0.475646 0.480455 0.718262 30614 26
0.009008 0.951996 0.497416 0.502074 0.641008 27336 24
0.041026 0.964562 0.484732 0.489125 0.735965 32571 29
0.031146 0.954119 0.501073 0.505589 0.662915 28120 25
0.011677 0.958898 0.472819 0.477606 0.723254 31371 28
0.040550 0.967336 0.493273 0.498244 0.690322 29489 26
0.035533 0.957366 0.514161 0.518640 0.687028 28808 25
0.022707 0.964779 0.481326 0.484585 0.656323 28598 26
0.006620 0.978560 0.506182 0.509344 0.753211 30066 26
0.016919 0.959714 0.480398 0.485081 0.708821 31778 28
0.009660 0.973372 0.510789 0.515495 0.752836 29470 27
0.025127 0.949675 0.476463 0.480694 0.689315 30118 27
