0.051972 0.985067 0.453718 0.457704 0.043191 6759 25
0.019473 0.936988 0.478624 0.483544 0.035963 6896 24
0.119404 0.903694 0.502863 0.506983 0.037326 6773 24
0.042040 0.917231 0.477816 0.481919 0.048278 6992 25
0.061600 0.900845 0.496434 0.501190 0.039719 6459 23
0.029451 0.916292 0.434969 0.439556 0.041167 7703 27
0.047466 0.941447 0.545045 0.549702 0.043881 7294 25
0.065870 0.985608 0.528867 0.531817 0.050065 7701 26
0.037263 0.939298 0.511118 0.515819 0.045867 7883 28
0.057609 0.957062 0.559469 0.563564 0.038079 7021 25
0.083461 0.898178 0.462170 0.465694 0.038715 6921 24
0.044293 0.988293 0.463508 0.467587 0.051957 7055 26
0.016743 0.954128 0.515949 0.520861 0.040094 7256 26
0.042305 0.924476 0.556712 0.560839 0.042756 7355 27
0.035931 0.974340 0.394325 0.398191 0.046369 6858 24
0.015677 0.968335 0.486618 0.491060 0.038471 6636 23
0.021196 0.939688 0.451426 0.456361 0.049337 6929 23
0.079575 0.900714 0.491837 0.496553 0.046583 7622 26
0.041116 0.988470 0.513244 0.516752 0.042016 6943 25
0.056858 0.908912 0.412549 0.417312 0.038285 6927 24
0.043259 0.871826 0.518911 0.523229 0.039085 6622 24
0.068045 0.915960 0.485737 0.489518 0.041733 6895 24
0.086057 0.938297 0.498782 0.503157 0.049029 8007 28
0.028899 0.916826 0.459681 0.464255 0.041366 7368 26
0.035279 0.940551 0.516300 0.520539 0.033140 6051 22
0.082676 0.958710 0.511627 0.516264 0.052539 6745 24
0.080914 0.921554 0.498398 0.502237 0.063333 7467 26
0.066366 0.951094 0.482279 0.486385 0.045502 6640 24
0.017959 0.976354 0.479017 0.482521 0.056592 7972 31
0.087450 0.925692 0.511263 0.515749 0.049431 7307 26
0.109521 0.924873 0.539902 0.544618 0.058645 6610 24
0.042296 0.942716 0.457622 0.462209 0.038562 6665 24
0.031967 0.951170 0.539385 0.542895 0.051478 6621 23
0.062485 0.913545 0.556917 0.561842 0.046553 6981 24
0.044476 0.928730 0.525639 0.529323 0.047960 7106 24
0.042795 0.923629 0.486421 0.490875 0.044481 6645 23
0.055523 0.899348 0.455769 0.459518 0.067618 7163 25
0.087651 0.951974 0.467929 0.472458 0.043011 7590 27
0.023646 0.969463 0.541797 0.545400 0.047845 6283 22
0.102923 0.970010 0.495623 0.499967 0.039152 6963 26
0.007847 0.936887 0.469624 0.474486 0.049695 7156 26
0.047154 0.944219 0.517771 0.522454 0.047771 6132 22
0.056914 0.956392 0.451691 0.455358 0.052913 7858 27
0.037642 0.864477 0.480017 0.483970 0.039265 7080 25
0.044230 0.909058 0.498336 0.502989 0.039233 6675 24
0.047610 0.942455 0.463651 0.468296 0.048295 6990 25
0.087999 0.946589 0.511808 0.516016 0.046092 7003 25
0.095455 0.903260 0.453163 0.457429 0.041304 6248 23
0.061130 0.973394 0.498722 0.503013 0.036314 6202 23
0.105919 0.976365 0.517441 0.520726 0.054994 7594 26
0.066212 0.962088 0.536464 0.541410 0.055928 7153 25
0.061399 0.903023 0.476856 0.481599 0.044868 5990 23
0.030260 0.899020 0.510599 0.515509 0.044430 6538 22
0.059578 0.899130 0.477511 0.482371 0.059759 7758 28
0.059618 0.956009 0.452094 0.456451 0.050404 7744 27
0.096110 0.917489 0.519070 0.523026 0.052198 7412 26
0.108733 0.936397 0.467264 0.472038 0.046285 7477 26
0.023768 0.947239 0.552108 0.556131 0.037189 6648 24
0.038010 0.920987 0.502596 0.507436 0.041198 6969 25
0.059120 0.913272 0.482883 0.486134 0.057611 7753 28
0.087216 0.945695 0.502366 0.506112 0.056132 6851 24
0.071879 0.978723 0.484773 0.488876 0.040797 6789 24
0.067887 0.905519 0.469274 0.474030 0.046967 6601 24
0.061007 0.973386 0.500920 0.505750 0.042106 5877 21
0.075134 0.977716 0.476798 0.481252 0.040266 6864 25
0.033186 0.871638 0.513598 0.518423 0.046870 7423 27
0.090265 0.969165 0.502801 0.507691 0.049133 7525 27
0.083937 0.987707 0.519587 0.524403 0.047664 6010 21
0.122729 0.902564 0.531805 0.535731 0.039984 6464 24
0.050198 0.949330 0.506559 0.511080 0.043803 7181 25
0.066950 0.971482 0.496842 0.501037 0.042668 6657 24
0.074267 0.970645 0.561887 0.566042 0.046201 6573 24
0.085739 0.953232 0.473634 0.477142 0.065942 7424 27
0.087604 0.938608 0.531232 0.535693 0.072375 7369 27
0.050582 0.976670 0.514674 0.519377 0.063249 7933 29
0.058286 0.941313 0.497114 0.501867 0.067035 7808 28
0.066128 0.973045 0.483346 0.488078 0.057487 7828 27
0.064769 0.932502 0.550821 0.553900 0.053107 7066 24
0.021324 0.917014 0.453989 0.458325 0.045131 7078 26
0.062928 0.924210 0.540301 0.544406 0.057379 7981 29
0.050110 0.959492 0.482661 0.487620 0.067710 8668 30
0.044736 0.967691 0.531743 0.536226 0.058479 7975 29
0.058565 0.925761 0.525131 0.530047 0.035749 6053 22
0.031218 0.930844 0.441687 0.446529 0.050268 7593 28
0.187640 0.956454 0.545286 0.547378 0.052987 7054 25
0.049443 0.931780 0.545887 0.549844 0.039587 6366 22
0.058056 0.902755 0.475410 0.480068 0.040558 7156 25
0.093479 0.931096 0.522550 0.527549 0.047155 6634 23
0.086003 0.958591 0.460831 0.464735 0.037093 6062 22
0.110599 0.941604 0.532864 0.537048 0.047049 7114 25
0.070389 0.900858 0.458164 0.462372 0.056469 6465 23
0.077801 0.960025 0.421306 0.424959 0.069745 7220 27
0.013838 0.863709 0.445535 0.449775 0.043589 7512 27
0.016006 0.955317 0.508513 0.512723 0.049130 6414 23
0.042002 0.959816 0.501811 0.505612 0.060122 8093 29
0.107874 0.963491 0.505177 0.510093 0.049546 8109 28
0.077224 0.986293 0.477534 0.481490 0.041998 7353 26
0.048085 0.949144 0.507954 0.511883 0.060084 6199 22
0.082466 0.873900 0.474708 0.479670 0.058541 6446 22
0.098655 0.935584 0.508112 0.511350 0.052377 8258 31
