0.017955 0.950608 0.489860 0.493664 0.783067 38030 27
0.035889 0.957210 0.522890 0.527285 0.778527 37278 26
0.024889 0.974448 0.504678 0.508866 0.793612 36974 26
0.032031 0.970490 0.501232 0.505778 0.776307 36798 26
0.051618 0.992498 0.492415 0.495945 0.756756 35495 25
0.033847 0.972570 0.491726 0.496484 0.801348 37375 27
0.004935 0.958759 0.489199 0.493530 0.847374 40600 29
0.027605 0.972550 0.464422 0.468428 0.825008 38893 27
0.047650 0.974048 0.499228 0.503518 0.834292 39451 27
0.038925 0.991963 0.496240 0.500839 0.862920 38744 28
0.043586 0.996401 0.485099 0.489000 0.805743 37628 27
0.018127 0.982357 0.488011 0.492737 0.854172 39515 28
0.023197 0.972372 0.481639 0.486467 0.748650 34728 25
0.013154 0.973647 0.498618 0.501986 0.868244 40093 29
0.039669 0.981146 0.474597 0.479345 0.801898 35978 26
0.029684 0.966463 0.501122 0.505676 0.842868 37943 27
0.042726 0.950947 0.515804 0.520339 0.788135 35480 25
0.015797 0.940322 0.506082 0.510690 0.900657 40323 28
0.010111 0.980582 0.469219 0.474122 0.797133 36095 25
0.045241 0.976853 0.485462 0.489705 0.811502 36584 26
0.011346 0.989879 0.492457 0.496290 0.885027 37292 26
0.029452 0.988733 0.487037 0.491846 0.892238 37321 26
0.024240 0.959993 0.492236 0.495703 0.971357 41155 29
0.022267 0.991637 0.485916 0.489752 0.926827 40122 28
0.047160 0.954805 0.509606 0.513258 0.953484 39567 28
0.032968 0.963331 0.469834 0.474794 0.801148 34908 25
0.023613 0.978785 0.516934 0.521261 0.917159 36174 26
0.024343 0.978176 0.494710 0.498882 1.025647 39121 28
0.012879 0.980678 0.490320 0.495122 0.913048 37233 26
0.038813 0.994600 0.497195 0.501111 0.877701 36781 26
