Grafo 1

radio: 1.0
nodos:
[(0, 0.814), (1, 0.095), (2, 0.865), (3, 0.13), (4, 0.497), (5, 0.075), (6, 0.116), (7, 0.896)]
[(8, 0.028), (9, 0.038), (10, 0.147), (11, 0.809), (12, 0.503), (13, 0.403), (14, 0.785), (15, 0.412)]
[(16, 0.17), (17, 0.982), (18, 0.814), (19, 0.398), (20, 0.381), (21, 0.312), (22, 0.175), (23, 0.233)]
[(24, 0.259), (25, 0.484), (26, 0.169), (27, 0.491), (28, 0.697), (29, 0.141), (30, 0.913), (31, 0.868)]
[(32, 0.275), (33, 0.111), (34, 0.991), (35, 0.281), (36, 0.518), (37, 0.115), (38, 0.732), (39, 0.341)]
[(40, 0.728), (41, 0.018), (42, 0.375), (43, 0.641), (44, 0.924), (45, 0.644), (46, 0.045), (47, 0.179)]
[(48, 0.915), (49, 0.147), (50, 0.274), (51, 0.198), (52, 0.619), (53, 0.48), (54, 0.639), (55, 0.661)]
[(56, 0.147), (57, 0.204), (58, 0.406), (59, 0.879), (60, 0.053), (61, 0.95), (62, 0.483), (63, 0.847)]
[(64, 0.734), (65, 0.239), (66, 0.937), (67, 0.622), (68, 0.032), (69, 0.24), (70, 0.803), (71, 0.083)]
[(72, 0.464), (73, 0.497), (74, 0.079), (75, 0.841), (76, 0.985), (77, 0.522), (78, 0.774), (79, 0.087)]
[(80, 0.672), (81, 0.17), (82, 0.249), (83, 0.003), (84, 0.756), (85, 0.503), (86, 0.168), (87, 0.077)]
[(88, 0.633), (89, 0.338), (90, 0.13), (91, 0.369), (92, 0.148), (93, 0.76), (94, 0.914), (95, 0.492)]
[(96, 0.276), (97, 0.578), (98, 0.087), (99, 0.969)]

step: 0, comm: 0

strategia:
-------------------------------------------------------------------------------------

nodos:
[(0, 0.814), (1, 0.446), (2, 0.865), (3, 0.13), (4, 0.497), (5, 0.075), (6, 0.116), (7, 0.896)]
[(8, 0.028), (9, 0.038), (10, 0.147), (11, 0.809), (12, 0.503), (13, 0.403), (14, 0.785), (15, 0.412)]
[(16, 0.17), (17, 0.982), (18, 0.814), (19, 0.398), (20, 0.381), (21, 0.412), (22, 0.175), (23, 0.233)]
[(24, 0.259), (25, 0.484), (26, 0.169), (27, 0.491), (28, 0.697), (29, 0.141), (30, 0.913), (31, 0.868)]
[(32, 0.275), (33, 0.111), (34, 0.991), (35, 0.281), (36, 0.518), (37, 0.115), (38, 0.732), (39, 0.341)]
[(40, 0.147), (41, 0.018), (42, 0.375), (43, 0.641), (44, 0.924), (45, 0.644), (46, 0.045), (47, 0.179)]
[(48, 0.915), (49, 0.147), (50, 0.274), (51, 0.198), (52, 0.619), (53, 0.48), (54, 0.639), (55, 0.661)]
[(56, 0.147), (57, 0.204), (58, 0.406), (59, 0.879), (60, 0.053), (61, 0.95), (62, 0.483), (63, 0.847)]
[(64, 0.734), (65, 0.239), (66, 0.937), (67, 0.622), (68, 0.032), (69, 0.24), (70, 0.803), (71, 0.083)]
[(72, 0.464), (73, 0.497), (74, 0.079), (75, 0.841), (76, 0.985), (77, 0.522), (78, 0.774), (79, 0.087)]
[(80, 0.672), (81, 0.17), (82, 0.249), (83, 0.003), (84, 0.756), (85, 0.503), (86, 0.168), (87, 0.077)]
[(88, 0.633), (89, 0.338), (90, 0.13), (91, 0.369), (92, 0.148), (93, 0.76), (94, 0.914), (95, 0.492)]
[(96, 0.276), (97, 0.578), (98, 0.087), (99, 0.969)]

step: 1, comm: 6

strategia:
[(15, 21), (26, 40), (29, 40), (86, 1), (91, 1), (97, 1)]
-------------------------------------------------------------------------------------

nodos:
[(0, 0.814), (1, 0.275), (2, 0.865), (3, 0.13), (4, 0.497), (5, 0.075), (6, 0.116), (7, 0.896)]
[(8, 0.028), (9, 0.038), (10, 0.147), (11, 0.809), (12, 0.503), (13, 0.403), (14, 0.785), (15, 0.412)]
[(16, 0.17), (17, 0.982), (18, 0.814), (19, 0.398), (20, 0.381), (21, 0.163), (22, 0.175), (23, 0.233)]
[(24, 0.259), (25, 0.484), (26, 0.169), (27, 0.491), (28, 0.697), (29, 0.141), (30, 0.913), (31, 0.868)]
[(32, 0.275), (33, 0.111), (34, 0.991), (35, 0.281), (36, 0.518), (37, 0.115), (38, 0.732), (39, 0.341)]
[(40, 0.169), (41, 0.018), (42, 0.375), (43, 0.641), (44, 0.924), (45, 0.644), (46, 0.045), (47, 0.179)]
[(48, 0.915), (49, 0.147), (50, 0.274), (51, 0.198), (52, 0.619), (53, 0.48), (54, 0.639), (55, 0.661)]
[(56, 0.147), (57, 0.204), (58, 0.406), (59, 0.879), (60, 0.053), (61, 0.95), (62, 0.483), (63, 0.847)]
[(64, 0.734), (65, 0.239), (66, 0.937), (67, 0.622), (68, 0.032), (69, 0.24), (70, 0.803), (71, 0.083)]
[(72, 0.464), (73, 0.497), (74, 0.079), (75, 0.841), (76, 0.985), (77, 0.522), (78, 0.774), (79, 0.087)]
[(80, 0.672), (81, 0.17), (82, 0.249), (83, 0.003), (84, 0.756), (85, 0.503), (86, 0.168), (87, 0.077)]
[(88, 0.633), (89, 0.338), (90, 0.13), (91, 0.369), (92, 0.148), (93, 0.76), (94, 0.914), (95, 0.492)]
[(96, 0.276), (97, 0.578), (98, 0.087), (99, 0.969)]

step: 2, comm: 11

strategia:
[(10, 21), (16, 21), (26, 40), (86, 1), (91, 1)]
-------------------------------------------------------------------------------------

nodos:
[(0, 0.814), (1, 0.168), (2, 0.865), (3, 0.13), (4, 0.497), (5, 0.075), (6, 0.116), (7, 0.896)]
[(8, 0.028), (9, 0.038), (10, 0.147), (11, 0.809), (12, 0.503), (13, 0.403), (14, 0.785), (15, 0.412)]
[(16, 0.17), (17, 0.982), (18, 0.814), (19, 0.398), (20, 0.381), (21, 0.17), (22, 0.175), (23, 0.233)]
[(24, 0.259), (25, 0.484), (26, 0.169), (27, 0.491), (28, 0.697), (29, 0.141), (30, 0.913), (31, 0.868)]
[(32, 0.275), (33, 0.111), (34, 0.991), (35, 0.281), (36, 0.518), (37, 0.115), (38, 0.732), (39, 0.341)]
[(40, 0.169), (41, 0.018), (42, 0.375), (43, 0.641), (44, 0.924), (45, 0.644), (46, 0.045), (47, 0.179)]
[(48, 0.915), (49, 0.147), (50, 0.274), (51, 0.198), (52, 0.619), (53, 0.48), (54, 0.639), (55, 0.661)]
[(56, 0.147), (57, 0.204), (58, 0.406), (59, 0.879), (60, 0.053), (61, 0.95), (62, 0.483), (63, 0.847)]
[(64, 0.734), (65, 0.239), (66, 0.937), (67, 0.622), (68, 0.032), (69, 0.24), (70, 0.803), (71, 0.083)]
[(72, 0.464), (73, 0.497), (74, 0.079), (75, 0.841), (76, 0.985), (77, 0.522), (78, 0.774), (79, 0.087)]
[(80, 0.672), (81, 0.17), (82, 0.249), (83, 0.003), (84, 0.756), (85, 0.503), (86, 0.168), (87, 0.077)]
[(88, 0.633), (89, 0.338), (90, 0.13), (91, 0.369), (92, 0.148), (93, 0.76), (94, 0.914), (95, 0.492)]
[(96, 0.276), (97, 0.578), (98, 0.087), (99, 0.969)]

step: 3, comm: 13

strategia:
[(16, 21), (86, 1)]
-------------------------------------------------------------------------------------

nodos:
[(0, 0.814), (1, 0.168), (2, 0.865), (3, 0.13), (4, 0.497), (5, 0.075), (6, 0.116), (7, 0.896)]
[(8, 0.028), (9, 0.038), (10, 0.147), (11, 0.809), (12, 0.503), (13, 0.403), (14, 0.785), (15, 0.412)]
[(16, 0.17), (17, 0.982), (18, 0.814), (19, 0.398), (20, 0.381), (21, 0.17), (22, 0.175), (23, 0.233)]
[(24, 0.259), (25, 0.484), (26, 0.169), (27, 0.491), (28, 0.697), (29, 0.141), (30, 0.913), (31, 0.868)]
[(32, 0.275), (33, 0.111), (34, 0.991), (35, 0.281), (36, 0.518), (37, 0.115), (38, 0.732), (39, 0.341)]
[(40, 0.169), (41, 0.018), (42, 0.375), (43, 0.641), (44, 0.924), (45, 0.644), (46, 0.045), (47, 0.179)]
[(48, 0.915), (49, 0.147), (50, 0.274), (51, 0.198), (52, 0.619), (53, 0.48), (54, 0.639), (55, 0.661)]
[(56, 0.147), (57, 0.204), (58, 0.406), (59, 0.879), (60, 0.053), (61, 0.95), (62, 0.483), (63, 0.847)]
[(64, 0.734), (65, 0.239), (66, 0.937), (67, 0.622), (68, 0.032), (69, 0.24), (70, 0.803), (71, 0.083)]
[(72, 0.464), (73, 0.497), (74, 0.079), (75, 0.841), (76, 0.985), (77, 0.522), (78, 0.774), (79, 0.087)]
[(80, 0.672), (81, 0.17), (82, 0.249), (83, 0.003), (84, 0.756), (85, 0.503), (86, 0.168), (87, 0.077)]
[(88, 0.633), (89, 0.338), (90, 0.13), (91, 0.369), (92, 0.148), (93, 0.76), (94, 0.914), (95, 0.492)]
[(96, 0.276), (97, 0.578), (98, 0.087), (99, 0.969)]

step: 4, comm: 13

strategia:
-------------------------------------------------------------------------------------

nodos:
[(0, 0.814), (1, 0.168), (2, 0.865), (3, 0.13), (4, 0.497), (5, 0.075), (6, 0.116), (7, 0.896)]
[(8, 0.028), (9, 0.038), (10, 0.147), (11, 0.809), (12, 0.503), (13, 0.403), (14, 0.785), (15, 0.412)]
[(16, 0.17), (17, 0.982), (18, 0.814), (19, 0.398), (20, 0.381), (21, 0.17), (22, 0.175), (23, 0.233)]
[(24, 0.259), (25, 0.484), (26, 0.169), (27, 0.491), (28, 0.697), (29, 0.141), (30, 0.913), (31, 0.868)]
[(32, 0.275), (33, 0.111), (34, 0.991), (35, 0.281), (36, 0.518), (37, 0.115), (38, 0.732), (39, 0.341)]
[(40, 0.169), (41, 0.018), (42, 0.375), (43, 0.641), (44, 0.924), (45, 0.644), (46, 0.045), (47, 0.179)]
[(48, 0.915), (49, 0.147), (50, 0.274), (51, 0.198), (52, 0.619), (53, 0.48), (54, 0.639), (55, 0.661)]
[(56, 0.147), (57, 0.204), (58, 0.406), (59, 0.879), (60, 0.053), (61, 0.95), (62, 0.483), (63, 0.847)]
[(64, 0.734), (65, 0.239), (66, 0.937), (67, 0.622), (68, 0.032), (69, 0.24), (70, 0.803), (71, 0.083)]
[(72, 0.464), (73, 0.497), (74, 0.079), (75, 0.841), (76, 0.985), (77, 0.522), (78, 0.774), (79, 0.087)]
[(80, 0.672), (81, 0.17), (82, 0.249), (83, 0.003), (84, 0.756), (85, 0.503), (86, 0.168), (87, 0.077)]
[(88, 0.633), (89, 0.338), (90, 0.13), (91, 0.369), (92, 0.148), (93, 0.76), (94, 0.914), (95, 0.492)]
[(96, 0.276), (97, 0.578), (98, 0.087), (99, 0.969)]

step: 5, comm: 13

strategia:
-------------------------------------------------------------------------------------

nodos:
[(0, 0.814), (1, 0.168), (2, 0.865), (3, 0.13), (4, 0.497), (5, 0.075), (6, 0.116), (7, 0.896)]
[(8, 0.028), (9, 0.038), (10, 0.147), (11, 0.809), (12, 0.503), (13, 0.403), (14, 0.785), (15, 0.412)]
[(16, 0.17), (17, 0.982), (18, 0.814), (19, 0.398), (20, 0.381), (21, 0.17), (22, 0.175), (23, 0.233)]
[(24, 0.259), (25, 0.484), (26, 0.169), (27, 0.491), (28, 0.697), (29, 0.141), (30, 0.913), (31, 0.868)]
[(32, 0.275), (33, 0.111), (34, 0.991), (35, 0.281), (36, 0.518), (37, 0.115), (38, 0.732), (39, 0.341)]
[(40, 0.169), (41, 0.018), (42, 0.375), (43, 0.641), (44, 0.924), (45, 0.644), (46, 0.045), (47, 0.179)]
[(48, 0.915), (49, 0.147), (50, 0.274), (51, 0.198), (52, 0.619), (53, 0.48), (54, 0.639), (55, 0.661)]
[(56, 0.147), (57, 0.204), (58, 0.406), (59, 0.879), (60, 0.053), (61, 0.95), (62, 0.483), (63, 0.847)]
[(64, 0.734), (65, 0.239), (66, 0.937), (67, 0.622), (68, 0.032), (69, 0.24), (70, 0.803), (71, 0.083)]
[(72, 0.464), (73, 0.497), (74, 0.079), (75, 0.841), (76, 0.985), (77, 0.522), (78, 0.774), (79, 0.087)]
[(80, 0.672), (81, 0.17), (82, 0.249), (83, 0.003), (84, 0.756), (85, 0.503), (86, 0.168), (87, 0.077)]
[(88, 0.633), (89, 0.338), (90, 0.13), (91, 0.369), (92, 0.148), (93, 0.76), (94, 0.914), (95, 0.492)]
[(96, 0.276), (97, 0.578), (98, 0.087), (99, 0.969)]

step: 6, comm: 13

strategia:
-------------------------------------------------------------------------------------

nodos:
[(0, 0.814), (1, 0.168), (2, 0.865), (3, 0.13), (4, 0.497), (5, 0.075), (6, 0.116), (7, 0.896)]
[(8, 0.028), (9, 0.038), (10, 0.147), (11, 0.809), (12, 0.503), (13, 0.403), (14, 0.785), (15, 0.412)]
[(16, 0.17), (17, 0.982), (18, 0.814), (19, 0.398), (20, 0.381), (21, 0.17), (22, 0.175), (23, 0.168)]
[(24, 0.259), (25, 0.17), (26, 0.169), (27, 0.168), (28, 0.697), (29, 0.141), (30, 0.17), (31, 0.168)]
[(32, 0.168), (33, 0.111), (34, 0.168), (35, 0.281), (36, 0.17), (37, 0.115), (38, 0.732), (39, 0.17)]
[(40, 0.169), (41, 0.018), (42, 0.375), (43, 0.17), (44, 0.924), (45, 0.644), (46, 0.045), (47, 0.179)]
[(48, 0.915), (49, 0.169), (50, 0.274), (51, 0.198), (52, 0.169), (53, 0.169), (54, 0.639), (55, 0.661)]
[(56, 0.169), (57, 0.204), (58, 0.406), (59, 0.879), (60, 0.053), (61, 0.95), (62, 0.483), (63, 0.847)]
[(64, 0.734), (65, 0.169), (66, 0.937), (67, 0.622), (68, 0.032), (69, 0.24), (70, 0.803), (71, 0.083)]
[(72, 0.464), (73, 0.497), (74, 0.079), (75, 0.841), (76, 0.985), (77, 0.522), (78, 0.774), (79, 0.087)]
[(80, 0.672), (81, 0.17), (82, 0.249), (83, 0.003), (84, 0.756), (85, 0.503), (86, 0.168), (87, 0.077)]
[(88, 0.633), (89, 0.338), (90, 0.13), (91, 0.369), (92, 0.148), (93, 0.76), (94, 0.914), (95, 0.492)]
[(96, 0.276), (97, 0.578), (98, 0.087), (99, 0.969)]

step: 7, comm: 28

strategia:
[(1, 23), (1, 27), (1, 31), (1, 32), (1, 34), (21, 25), (21, 30), (21, 36), (21, 39), (21, 43)]
[(40, 49), (40, 52), (40, 53), (40, 56), (40, 65)]
-------------------------------------------------------------------------------------

nodos:
[(0, 0.814), (1, 0.168), (2, 0.865), (3, 0.13), (4, 0.497), (5, 0.075), (6, 0.116), (7, 0.896)]
[(8, 0.028), (9, 0.038), (10, 0.147), (11, 0.809), (12, 0.503), (13, 0.403), (14, 0.785), (15, 0.412)]
[(16, 0.17), (17, 0.982), (18, 0.814), (19, 0.398), (20, 0.381), (21, 0.17), (22, 0.175), (23, 0.168)]
[(24, 0.168), (25, 0.17), (26, 0.17), (27, 0.168), (28, 0.17), (29, 0.168), (30, 0.17), (31, 0.168)]
[(32, 0.168), (33, 0.17), (34, 0.168), (35, 0.17), (36, 0.17), (37, 0.168), (38, 0.168), (39, 0.17)]
[(40, 0.169), (41, 0.17), (42, 0.168), (43, 0.17), (44, 0.168), (45, 0.644), (46, 0.045), (47, 0.17)]
[(48, 0.17), (49, 0.169), (50, 0.168), (51, 0.17), (52, 0.169), (53, 0.169), (54, 0.639), (55, 0.169)]
[(56, 0.169), (57, 0.204), (58, 0.168), (59, 0.17), (60, 0.169), (61, 0.95), (62, 0.169), (63, 0.847)]
[(64, 0.169), (65, 0.169), (66, 0.937), (67, 0.622), (68, 0.169), (69, 0.24), (70, 0.169), (71, 0.169)]
[(72, 0.464), (73, 0.497), (74, 0.079), (75, 0.841), (76, 0.985), (77, 0.169), (78, 0.774), (79, 0.169)]
[(80, 0.672), (81, 0.17), (82, 0.249), (83, 0.003), (84, 0.169), (85, 0.503), (86, 0.168), (87, 0.077)]
[(88, 0.633), (89, 0.338), (90, 0.13), (91, 0.369), (92, 0.148), (93, 0.76), (94, 0.914), (95, 0.492)]
[(96, 0.276), (97, 0.578), (98, 0.087), (99, 0.969)]

step: 8, comm: 55

strategia:
[(23, 24), (25, 26), (25, 28), (25, 48), (25, 59), (27, 29), (30, 33), (30, 35), (30, 41), (31, 44)]
[(31, 50), (31, 58), (32, 38), (34, 37), (34, 42), (43, 47), (43, 51), (49, 64), (52, 60), (53, 55)]
[(53, 62), (56, 70), (56, 77), (56, 79), (56, 84), (65, 68), (65, 71)]
-------------------------------------------------------------------------------------

nodos:
[(0, 0.814), (1, 0.168), (2, 0.865), (3, 0.13), (4, 0.497), (5, 0.075), (6, 0.116), (7, 0.896)]
[(8, 0.028), (9, 0.038), (10, 0.147), (11, 0.809), (12, 0.503), (13, 0.403), (14, 0.785), (15, 0.412)]
[(16, 0.17), (17, 0.982), (18, 0.814), (19, 0.398), (20, 0.381), (21, 0.17), (22, 0.175), (23, 0.168)]
[(24, 0.168), (25, 0.17), (26, 0.17), (27, 0.168), (28, 0.17), (29, 0.168), (30, 0.17), (31, 0.168)]
[(32, 0.168), (33, 0.17), (34, 0.168), (35, 0.17), (36, 0.17), (37, 0.168), (38, 0.168), (39, 0.17)]
[(40, 0.169), (41, 0.17), (42, 0.168), (43, 0.17), (44, 0.168), (45, 0.17), (46, 0.168), (47, 0.17)]
[(48, 0.17), (49, 0.169), (50, 0.168), (51, 0.17), (52, 0.169), (53, 0.169), (54, 0.168), (55, 0.169)]
[(56, 0.169), (57, 0.169), (58, 0.168), (59, 0.17), (60, 0.169), (61, 0.17), (62, 0.169), (63, 0.17)]
[(64, 0.169), (65, 0.169), (66, 0.937), (67, 0.17), (68, 0.169), (69, 0.168), (70, 0.169), (71, 0.169)]
[(72, 0.17), (73, 0.169), (74, 0.169), (75, 0.169), (76, 0.169), (77, 0.169), (78, 0.774), (79, 0.169)]
[(80, 0.169), (81, 0.168), (82, 0.168), (83, 0.003), (84, 0.169), (85, 0.503), (86, 0.169), (87, 0.169)]
[(88, 0.169), (89, 0.169), (90, 0.169), (91, 0.369), (92, 0.148), (93, 0.76), (94, 0.169), (95, 0.169)]
[(96, 0.169), (97, 0.578), (98, 0.087), (99, 0.969)]

step: 9, comm: 79

strategia:
[(35, 45), (37, 46), (37, 54), (47, 63), (48, 72), (50, 81), (50, 82), (51, 61), (55, 57), (58, 69)]
[(59, 67), (60, 75), (70, 76), (70, 86), (70, 90), (70, 96), (71, 73), (71, 74), (71, 80), (77, 87)]
[(79, 88), (84, 89), (84, 94), (84, 95)]
-------------------------------------------------------------------------------------

nodos:
[(0, 0.169), (1, 0.168), (2, 0.169), (3, 0.13), (4, 0.169), (5, 0.169), (6, 0.169), (7, 0.169)]
[(8, 0.028), (9, 0.038), (10, 0.147), (11, 0.809), (12, 0.503), (13, 0.403), (14, 0.169), (15, 0.412)]
[(16, 0.17), (17, 0.982), (18, 0.814), (19, 0.398), (20, 0.381), (21, 0.17), (22, 0.175), (23, 0.168)]
[(24, 0.168), (25, 0.17), (26, 0.17), (27, 0.168), (28, 0.17), (29, 0.168), (30, 0.17), (31, 0.168)]
[(32, 0.168), (33, 0.17), (34, 0.168), (35, 0.17), (36, 0.17), (37, 0.168), (38, 0.168), (39, 0.17)]
[(40, 0.169), (41, 0.17), (42, 0.168), (43, 0.17), (44, 0.168), (45, 0.17), (46, 0.168), (47, 0.17)]
[(48, 0.17), (49, 0.169), (50, 0.168), (51, 0.17), (52, 0.169), (53, 0.169), (54, 0.168), (55, 0.169)]
[(56, 0.169), (57, 0.169), (58, 0.168), (59, 0.17), (60, 0.169), (61, 0.17), (62, 0.169), (63, 0.17)]
[(64, 0.169), (65, 0.169), (66, 0.17), (67, 0.17), (68, 0.169), (69, 0.168), (70, 0.169), (71, 0.169)]
[(72, 0.17), (73, 0.169), (74, 0.169), (75, 0.169), (76, 0.169), (77, 0.169), (78, 0.17), (79, 0.169)]
[(80, 0.169), (81, 0.168), (82, 0.168), (83, 0.168), (84, 0.169), (85, 0.168), (86, 0.169), (87, 0.169)]
[(88, 0.169), (89, 0.169), (90, 0.169), (91, 0.169), (92, 0.169), (93, 0.169), (94, 0.169), (95, 0.169)]
[(96, 0.169), (97, 0.169), (98, 0.169), (99, 0.169)]

step: 10, comm: 96

strategia:
[(63, 66), (67, 78), (69, 83), (69, 85), (86, 92), (86, 97), (86, 98), (87, 91), (88, 4), (88, 6)]
[(88, 93), (89, 2), (90, 99), (94, 5), (95, 0), (96, 7), (96, 14)]
-------------------------------------------------------------------------------------

nodos:
[(0, 0.169), (1, 0.168), (2, 0.169), (3, 0.17), (4, 0.169), (5, 0.169), (6, 0.169), (7, 0.169)]
[(8, 0.169), (9, 0.169), (10, 0.169), (11, 0.169), (12, 0.169), (13, 0.169), (14, 0.169), (15, 0.169)]
[(16, 0.169), (17, 0.169), (18, 0.169), (19, 0.169), (20, 0.169), (21, 0.17), (22, 0.175), (23, 0.168)]
[(24, 0.168), (25, 0.17), (26, 0.17), (27, 0.168), (28, 0.17), (29, 0.168), (30, 0.17), (31, 0.168)]
[(32, 0.168), (33, 0.17), (34, 0.168), (35, 0.17), (36, 0.17), (37, 0.168), (38, 0.168), (39, 0.17)]
[(40, 0.169), (41, 0.17), (42, 0.168), (43, 0.17), (44, 0.168), (45, 0.17), (46, 0.168), (47, 0.17)]
[(48, 0.17), (49, 0.169), (50, 0.168), (51, 0.17), (52, 0.169), (53, 0.169), (54, 0.168), (55, 0.169)]
[(56, 0.169), (57, 0.169), (58, 0.168), (59, 0.17), (60, 0.169), (61, 0.17), (62, 0.169), (63, 0.17)]
[(64, 0.169), (65, 0.169), (66, 0.17), (67, 0.17), (68, 0.169), (69, 0.168), (70, 0.169), (71, 0.169)]
[(72, 0.17), (73, 0.169), (74, 0.169), (75, 0.169), (76, 0.169), (77, 0.169), (78, 0.17), (79, 0.169)]
[(80, 0.169), (81, 0.168), (82, 0.168), (83, 0.168), (84, 0.169), (85, 0.168), (86, 0.169), (87, 0.169)]
[(88, 0.169), (89, 0.169), (90, 0.169), (91, 0.169), (92, 0.169), (93, 0.169), (94, 0.169), (95, 0.169)]
[(96, 0.169), (97, 0.169), (98, 0.169), (99, 0.169)]

step: 11, comm: 109

strategia:
[(0, 12), (4, 13), (4, 16), (4, 17), (5, 19), (6, 9), (6, 10), (6, 11), (14, 15), (14, 18)]
[(14, 20), (78, 3), (97, 8)]
-------------------------------------------------------------------------------------

nodos:
[(0, 0.169), (1, 0.168), (2, 0.169), (3, 0.17), (4, 0.169), (5, 0.169), (6, 0.169), (7, 0.169)]
[(8, 0.169), (9, 0.169), (10, 0.169), (11, 0.169), (12, 0.169), (13, 0.169), (14, 0.169), (15, 0.169)]
[(16, 0.169), (17, 0.169), (18, 0.169), (19, 0.169), (20, 0.169), (21, 0.17), (22, 0.169), (23, 0.168)]
[(24, 0.168), (25, 0.17), (26, 0.17), (27, 0.168), (28, 0.17), (29, 0.168), (30, 0.17), (31, 0.168)]
[(32, 0.168), (33, 0.17), (34, 0.168), (35, 0.17), (36, 0.17), (37, 0.168), (38, 0.168), (39, 0.17)]
[(40, 0.169), (41, 0.17), (42, 0.168), (43, 0.17), (44, 0.168), (45, 0.17), (46, 0.168), (47, 0.17)]
[(48, 0.17), (49, 0.169), (50, 0.168), (51, 0.17), (52, 0.169), (53, 0.169), (54, 0.168), (55, 0.169)]
[(56, 0.169), (57, 0.169), (58, 0.168), (59, 0.17), (60, 0.169), (61, 0.17), (62, 0.169), (63, 0.17)]
[(64, 0.169), (65, 0.169), (66, 0.17), (67, 0.17), (68, 0.169), (69, 0.168), (70, 0.169), (71, 0.169)]
[(72, 0.17), (73, 0.169), (74, 0.169), (75, 0.169), (76, 0.169), (77, 0.169), (78, 0.17), (79, 0.169)]
[(80, 0.169), (81, 0.168), (82, 0.168), (83, 0.168), (84, 0.169), (85, 0.168), (86, 0.169), (87, 0.169)]
[(88, 0.169), (89, 0.169), (90, 0.169), (91, 0.169), (92, 0.169), (93, 0.169), (94, 0.169), (95, 0.169)]
[(96, 0.169), (97, 0.169), (98, 0.169), (99, 0.169)]

step: 12, comm: 110

strategia:
[(16, 22)]
-------------------------------------------------------------------------------------

=====================================================================================

Grafo 2

radio: 6.0
nodos:
[(0, 0.645), (1, 0.701), (2, 0.799), (3, 0.426), (4, 0.659), (5, 0.575), (6, 0.652), (7, 0.247)]
[(8, 0.812), (9, 0.515), (10, 0.386), (11, 0.193), (12, 0.636), (13, 0.331), (14, 0.686), (15, 0.236)]
[(16, 0.721), (17, 0.6), (18, 0.959), (19, 0.032), (20, 0.489), (21, 0.902), (22, 0.94), (23, 0.466)]
[(24, 0.604), (25, 0.073), (26, 0.706), (27, 0.635), (28, 0.411), (29, 0.721), (30, 0.585), (31, 0.508)]
[(32, 0.127), (33, 0.827), (34, 0.317), (35, 0.56), (36, 0.222), (37, 0.5), (38, 0.786), (39, 0.551)]
[(40, 0.239), (41, 0.668), (42, 0.805), (43, 0.531), (44, 0.616), (45, 0.145), (46, 0.353), (47, 0.722)]
[(48, 0.352), (49, 0.591), (50, 0.572), (51, 0.106), (52, 0.516), (53, 0.962), (54, 0.993), (55, 0.225)]
[(56, 0.645), (57, 0.161), (58, 0.964), (59, 0.225), (60, 0.948), (61, 0.58), (62, 0.583), (63, 0.861)]
[(64, 0.509), (65, 0.74), (66, 0.621), (67, 0.156), (68, 0.687), (69, 0.069), (70, 0.606), (71, 0.434)]
[(72, 0.696), (73, 0.841), (74, 0.507), (75, 0.442), (76, 0.687), (77, 0.084), (78, 0.87), (79, 0.549)]
[(80, 0.52), (81, 0.592), (82, 0.164), (83, 0.868), (84, 0.611), (85, 0.755), (86, 0.2), (87, 0.288)]
[(88, 0.255), (89, 0.819), (90, 0.731), (91, 0.205), (92, 0.031), (93, 0.308), (94, 0.5), (95, 0.118)]
[(96, 0.448), (97, 0.252), (98, 0.19), (99, 0.159)]

step: 0, comm: 0

strategia:
-------------------------------------------------------------------------------------

nodos:
[(0, 0.645), (1, 0.645), (2, 0.799), (3, 0.426), (4, 0.659), (5, 0.575), (6, 0.652), (7, 0.247)]
[(8, 0.812), (9, 0.648), (10, 0.386), (11, 0.193), (12, 0.636), (13, 0.331), (14, 0.637), (15, 0.236)]
[(16, 0.721), (17, 0.6), (18, 0.959), (19, 0.032), (20, 0.489), (21, 0.902), (22, 0.94), (23, 0.466)]
[(24, 0.604), (25, 0.073), (26, 0.706), (27, 0.635), (28, 0.411), (29, 0.721), (30, 0.585), (31, 0.508)]
[(32, 0.127), (33, 0.827), (34, 0.317), (35, 0.56), (36, 0.222), (37, 0.5), (38, 0.786), (39, 0.551)]
[(40, 0.239), (41, 0.668), (42, 0.805), (43, 0.531), (44, 0.616), (45, 0.145), (46, 0.353), (47, 0.722)]
[(48, 0.352), (49, 0.591), (50, 0.572), (51, 0.106), (52, 0.516), (53, 0.962), (54, 0.993), (55, 0.225)]
[(56, 0.645), (57, 0.161), (58, 0.964), (59, 0.225), (60, 0.948), (61, 0.58), (62, 0.583), (63, 0.861)]
[(64, 0.509), (65, 0.74), (66, 0.621), (67, 0.156), (68, 0.687), (69, 0.069), (70, 0.606), (71, 0.434)]
[(72, 0.696), (73, 0.841), (74, 0.507), (75, 0.442), (76, 0.687), (77, 0.084), (78, 0.87), (79, 0.549)]
[(80, 0.52), (81, 0.592), (82, 0.164), (83, 0.868), (84, 0.611), (85, 0.755), (86, 0.2), (87, 0.288)]
[(88, 0.255), (89, 0.819), (90, 0.731), (91, 0.205), (92, 0.031), (93, 0.308), (94, 0.5), (95, 0.118)]
[(96, 0.448), (97, 0.252), (98, 0.19), (99, 0.159)]

step: 1, comm: 5

strategia:
[(0, 1), (0, 14), (4, 9), (5, 9), (12, 14)]
-------------------------------------------------------------------------------------

nodos:
[(0, 0.645), (1, 0.645), (2, 0.799), (3, 0.426), (4, 0.659), (5, 0.575), (6, 0.652), (7, 0.247)]
[(8, 0.812), (9, 0.648), (10, 0.386), (11, 0.193), (12, 0.636), (13, 0.331), (14, 0.645), (15, 0.236)]
[(16, 0.721), (17, 0.6), (18, 0.959), (19, 0.032), (20, 0.489), (21, 0.902), (22, 0.94), (23, 0.466)]
[(24, 0.604), (25, 0.073), (26, 0.706), (27, 0.635), (28, 0.411), (29, 0.721), (30, 0.585), (31, 0.508)]
[(32, 0.127), (33, 0.827), (34, 0.317), (35, 0.56), (36, 0.222), (37, 0.5), (38, 0.786), (39, 0.551)]
[(40, 0.239), (41, 0.668), (42, 0.805), (43, 0.531), (44, 0.616), (45, 0.145), (46, 0.353), (47, 0.722)]
[(48, 0.352), (49, 0.591), (50, 0.572), (51, 0.106), (52, 0.516), (53, 0.962), (54, 0.993), (55, 0.225)]
[(56, 0.645), (57, 0.161), (58, 0.964), (59, 0.225), (60, 0.948), (61, 0.58), (62, 0.583), (63, 0.861)]
[(64, 0.509), (65, 0.74), (66, 0.621), (67, 0.156), (68, 0.687), (69, 0.069), (70, 0.606), (71, 0.434)]
[(72, 0.696), (73, 0.841), (74, 0.507), (75, 0.442), (76, 0.687), (77, 0.084), (78, 0.87), (79, 0.549)]
[(80, 0.52), (81, 0.592), (82, 0.164), (83, 0.868), (84, 0.611), (85, 0.755), (86, 0.2), (87, 0.288)]
[(88, 0.255), (89, 0.819), (90, 0.731), (91, 0.205), (92, 0.031), (93, 0.308), (94, 0.5), (95, 0.118)]
[(96, 0.448), (97, 0.252), (98, 0.19), (99, 0.159)]

step: 2, comm: 6

strategia:
[(0, 14)]
-------------------------------------------------------------------------------------

nodos:
[(0, 0.645), (1, 0.645), (2, 0.799), (3, 0.426), (4, 0.659), (5, 0.575), (6, 0.652), (7, 0.247)]
[(8, 0.812), (9, 0.648), (10, 0.386), (11, 0.193), (12, 0.636), (13, 0.331), (14, 0.645), (15, 0.236)]
[(16, 0.721), (17, 0.6), (18, 0.959), (19, 0.032), (20, 0.489), (21, 0.902), (22, 0.94), (23, 0.466)]
[(24, 0.604), (25, 0.073), (26, 0.706), (27, 0.635), (28, 0.411), (29, 0.721), (30, 0.585), (31, 0.508)]
[(32, 0.127), (33, 0.827), (34, 0.317), (35, 0.56), (36, 0.222), (37, 0.5), (38, 0.786), (39, 0.551)]
[(40, 0.239), (41, 0.668), (42, 0.805), (43, 0.531), (44, 0.616), (45, 0.145), (46, 0.353), (47, 0.722)]
[(48, 0.352), (49, 0.591), (50, 0.572), (51, 0.106), (52, 0.516), (53, 0.962), (54, 0.993), (55, 0.225)]
[(56, 0.645), (57, 0.161), (58, 0.964), (59, 0.225), (60, 0.948), (61, 0.58), (62, 0.583), (63, 0.861)]
[(64, 0.509), (65, 0.74), (66, 0.621), (67, 0.156), (68, 0.687), (69, 0.069), (70, 0.606), (71, 0.434)]
[(72, 0.696), (73, 0.841), (74, 0.507), (75, 0.442), (76, 0.687), (77, 0.084), (78, 0.87), (79, 0.549)]
[(80, 0.52), (81, 0.592), (82, 0.164), (83, 0.868), (84, 0.611), (85, 0.755), (86, 0.2), (87, 0.288)]
[(88, 0.255), (89, 0.819), (90, 0.731), (91, 0.205), (92, 0.031), (93, 0.308), (94, 0.5), (95, 0.118)]
[(96, 0.448), (97, 0.252), (98, 0.19), (99, 0.159)]

step: 3, comm: 6

strategia:
-------------------------------------------------------------------------------------

nodos:
[(0, 0.645), (1, 0.645), (2, 0.799), (3, 0.426), (4, 0.659), (5, 0.575), (6, 0.652), (7, 0.247)]
[(8, 0.812), (9, 0.648), (10, 0.386), (11, 0.193), (12, 0.636), (13, 0.331), (14, 0.645), (15, 0.236)]
[(16, 0.721), (17, 0.6), (18, 0.959), (19, 0.032), (20, 0.489), (21, 0.902), (22, 0.94), (23, 0.466)]
[(24, 0.604), (25, 0.073), (26, 0.706), (27, 0.635), (28, 0.411), (29, 0.721), (30, 0.585), (31, 0.508)]
[(32, 0.127), (33, 0.827), (34, 0.317), (35, 0.56), (36, 0.222), (37, 0.5), (38, 0.786), (39, 0.551)]
[(40, 0.239), (41, 0.668), (42, 0.805), (43, 0.531), (44, 0.616), (45, 0.145), (46, 0.353), (47, 0.722)]
[(48, 0.352), (49, 0.591), (50, 0.572), (51, 0.106), (52, 0.516), (53, 0.962), (54, 0.993), (55, 0.225)]
[(56, 0.645), (57, 0.161), (58, 0.964), (59, 0.225), (60, 0.948), (61, 0.58), (62, 0.583), (63, 0.861)]
[(64, 0.509), (65, 0.74), (66, 0.621), (67, 0.156), (68, 0.687), (69, 0.069), (70, 0.606), (71, 0.434)]
[(72, 0.696), (73, 0.841), (74, 0.507), (75, 0.442), (76, 0.687), (77, 0.084), (78, 0.87), (79, 0.549)]
[(80, 0.52), (81, 0.592), (82, 0.164), (83, 0.868), (84, 0.611), (85, 0.755), (86, 0.2), (87, 0.288)]
[(88, 0.255), (89, 0.819), (90, 0.731), (91, 0.205), (92, 0.031), (93, 0.308), (94, 0.5), (95, 0.118)]
[(96, 0.448), (97, 0.252), (98, 0.19), (99, 0.159)]

step: 4, comm: 6

strategia:
-------------------------------------------------------------------------------------

nodos:
[(0, 0.645), (1, 0.645), (2, 0.799), (3, 0.426), (4, 0.659), (5, 0.575), (6, 0.652), (7, 0.247)]
[(8, 0.812), (9, 0.648), (10, 0.386), (11, 0.193), (12, 0.636), (13, 0.331), (14, 0.645), (15, 0.236)]
[(16, 0.721), (17, 0.6), (18, 0.959), (19, 0.032), (20, 0.489), (21, 0.902), (22, 0.94), (23, 0.466)]
[(24, 0.604), (25, 0.073), (26, 0.706), (27, 0.635), (28, 0.411), (29, 0.721), (30, 0.585), (31, 0.508)]
[(32, 0.127), (33, 0.827), (34, 0.317), (35, 0.56), (36, 0.222), (37, 0.5), (38, 0.786), (39, 0.551)]
[(40, 0.239), (41, 0.668), (42, 0.805), (43, 0.531), (44, 0.616), (45, 0.145), (46, 0.353), (47, 0.722)]
[(48, 0.352), (49, 0.591), (50, 0.572), (51, 0.106), (52, 0.516), (53, 0.962), (54, 0.993), (55, 0.225)]
[(56, 0.645), (57, 0.161), (58, 0.964), (59, 0.225), (60, 0.948), (61, 0.58), (62, 0.583), (63, 0.861)]
[(64, 0.509), (65, 0.74), (66, 0.621), (67, 0.156), (68, 0.687), (69, 0.069), (70, 0.606), (71, 0.434)]
[(72, 0.696), (73, 0.841), (74, 0.507), (75, 0.442), (76, 0.687), (77, 0.084), (78, 0.87), (79, 0.549)]
[(80, 0.52), (81, 0.592), (82, 0.164), (83, 0.868), (84, 0.611), (85, 0.755), (86, 0.2), (87, 0.288)]
[(88, 0.255), (89, 0.819), (90, 0.731), (91, 0.205), (92, 0.031), (93, 0.308), (94, 0.5), (95, 0.118)]
[(96, 0.448), (97, 0.252), (98, 0.19), (99, 0.159)]

step: 5, comm: 6

strategia:
-------------------------------------------------------------------------------------

nodos:
[(0, 0.645), (1, 0.645), (2, 0.799), (3, 0.426), (4, 0.659), (5, 0.575), (6, 0.652), (7, 0.247)]
[(8, 0.812), (9, 0.648), (10, 0.386), (11, 0.193), (12, 0.636), (13, 0.331), (14, 0.645), (15, 0.236)]
[(16, 0.721), (17, 0.6), (18, 0.959), (19, 0.032), (20, 0.489), (21, 0.902), (22, 0.94), (23, 0.466)]
[(24, 0.604), (25, 0.073), (26, 0.706), (27, 0.635), (28, 0.411), (29, 0.721), (30, 0.585), (31, 0.508)]
[(32, 0.127), (33, 0.827), (34, 0.317), (35, 0.56), (36, 0.222), (37, 0.5), (38, 0.786), (39, 0.551)]
[(40, 0.239), (41, 0.668), (42, 0.805), (43, 0.531), (44, 0.616), (45, 0.145), (46, 0.353), (47, 0.722)]
[(48, 0.352), (49, 0.591), (50, 0.572), (51, 0.106), (52, 0.516), (53, 0.962), (54, 0.993), (55, 0.225)]
[(56, 0.645), (57, 0.161), (58, 0.964), (59, 0.225), (60, 0.948), (61, 0.58), (62, 0.583), (63, 0.861)]
[(64, 0.509), (65, 0.74), (66, 0.621), (67, 0.156), (68, 0.687), (69, 0.069), (70, 0.606), (71, 0.434)]
[(72, 0.696), (73, 0.841), (74, 0.507), (75, 0.442), (76, 0.687), (77, 0.084), (78, 0.87), (79, 0.549)]
[(80, 0.52), (81, 0.592), (82, 0.164), (83, 0.868), (84, 0.611), (85, 0.755), (86, 0.2), (87, 0.288)]
[(88, 0.255), (89, 0.819), (90, 0.731), (91, 0.205), (92, 0.031), (93, 0.308), (94, 0.5), (95, 0.118)]
[(96, 0.448), (97, 0.252), (98, 0.19), (99, 0.159)]

step: 6, comm: 6

strategia:
-------------------------------------------------------------------------------------

nodos:
[(0, 0.645), (1, 0.645), (2, 0.799), (3, 0.426), (4, 0.659), (5, 0.645), (6, 0.652), (7, 0.247)]
[(8, 0.645), (9, 0.648), (10, 0.645), (11, 0.645), (12, 0.636), (13, 0.648), (14, 0.645), (15, 0.236)]
[(16, 0.721), (17, 0.648), (18, 0.959), (19, 0.032), (20, 0.648), (21, 0.645), (22, 0.94), (23, 0.645)]
[(24, 0.604), (25, 0.073), (26, 0.706), (27, 0.635), (28, 0.648), (29, 0.648), (30, 0.585), (31, 0.508)]
[(32, 0.127), (33, 0.827), (34, 0.317), (35, 0.56), (36, 0.645), (37, 0.5), (38, 0.786), (39, 0.551)]
[(40, 0.645), (41, 0.668), (42, 0.805), (43, 0.645), (44, 0.616), (45, 0.145), (46, 0.353), (47, 0.722)]
[(48, 0.645), (49, 0.591), (50, 0.572), (51, 0.106), (52, 0.516), (53, 0.962), (54, 0.993), (55, 0.225)]
[(56, 0.645), (57, 0.161), (58, 0.964), (59, 0.225), (60, 0.948), (61, 0.58), (62, 0.583), (63, 0.861)]
[(64, 0.509), (65, 0.74), (66, 0.621), (67, 0.156), (68, 0.687), (69, 0.069), (70, 0.606), (71, 0.434)]
[(72, 0.696), (73, 0.841), (74, 0.507), (75, 0.442), (76, 0.687), (77, 0.084), (78, 0.87), (79, 0.549)]
[(80, 0.52), (81, 0.592), (82, 0.164), (83, 0.868), (84, 0.611), (85, 0.755), (86, 0.2), (87, 0.288)]
[(88, 0.255), (89, 0.819), (90, 0.731), (91, 0.205), (92, 0.031), (93, 0.308), (94, 0.5), (95, 0.118)]
[(96, 0.448), (97, 0.252), (98, 0.19), (99, 0.159)]

step: 7, comm: 21

strategia:
[(1, 5), (1, 8), (1, 10), (1, 11), (1, 21), (9, 13), (9, 17), (9, 20), (9, 28), (9, 29)]
[(14, 23), (14, 36), (14, 40), (14, 43), (14, 48)]
-------------------------------------------------------------------------------------

nodos:
[(0, 0.645), (1, 0.645), (2, 0.799), (3, 0.426), (4, 0.659), (5, 0.645), (6, 0.652), (7, 0.247)]
[(8, 0.645), (9, 0.648), (10, 0.645), (11, 0.645), (12, 0.645), (13, 0.648), (14, 0.645), (15, 0.645)]
[(16, 0.721), (17, 0.648), (18, 0.645), (19, 0.645), (20, 0.648), (21, 0.645), (22, 0.645), (23, 0.645)]
[(24, 0.604), (25, 0.648), (26, 0.706), (27, 0.645), (28, 0.648), (29, 0.648), (30, 0.645), (31, 0.645)]
[(32, 0.648), (33, 0.827), (34, 0.648), (35, 0.648), (36, 0.645), (37, 0.648), (38, 0.648), (39, 0.551)]
[(40, 0.645), (41, 0.668), (42, 0.648), (43, 0.645), (44, 0.645), (45, 0.145), (46, 0.353), (47, 0.722)]
[(48, 0.645), (49, 0.591), (50, 0.645), (51, 0.648), (52, 0.645), (53, 0.648), (54, 0.993), (55, 0.225)]
[(56, 0.645), (57, 0.161), (58, 0.645), (59, 0.225), (60, 0.648), (61, 0.58), (62, 0.583), (63, 0.861)]
[(64, 0.509), (65, 0.74), (66, 0.621), (67, 0.645), (68, 0.645), (69, 0.069), (70, 0.606), (71, 0.434)]
[(72, 0.696), (73, 0.841), (74, 0.507), (75, 0.442), (76, 0.687), (77, 0.084), (78, 0.87), (79, 0.549)]
[(80, 0.52), (81, 0.592), (82, 0.164), (83, 0.868), (84, 0.611), (85, 0.755), (86, 0.2), (87, 0.288)]
[(88, 0.255), (89, 0.819), (90, 0.731), (91, 0.205), (92, 0.031), (93, 0.308), (94, 0.5), (95, 0.118)]
[(96, 0.448), (97, 0.252), (98, 0.19), (99, 0.159)]

step: 8, comm: 45

strategia:
[(5, 18), (8, 19), (10, 12), (10, 15), (17, 25), (17, 51), (17, 53), (20, 32), (20, 34), (20, 37)]
[(20, 42), (21, 22), (21, 27), (21, 31), (23, 30), (28, 38), (29, 35), (29, 60), (36, 44), (40, 52)]
[(48, 50), (48, 58), (48, 67), (48, 68)]
-------------------------------------------------------------------------------------

nodos:
[(0, 0.645), (1, 0.645), (2, 0.799), (3, 0.426), (4, 0.659), (5, 0.645), (6, 0.652), (7, 0.247)]
[(8, 0.645), (9, 0.648), (10, 0.645), (11, 0.645), (12, 0.645), (13, 0.648), (14, 0.645), (15, 0.645)]
[(16, 0.721), (17, 0.648), (18, 0.645), (19, 0.645), (20, 0.648), (21, 0.645), (22, 0.645), (23, 0.645)]
[(24, 0.645), (25, 0.648), (26, 0.645), (27, 0.645), (28, 0.648), (29, 0.648), (30, 0.645), (31, 0.645)]
[(32, 0.648), (33, 0.645), (34, 0.648), (35, 0.648), (36, 0.645), (37, 0.648), (38, 0.648), (39, 0.645)]
[(40, 0.645), (41, 0.645), (42, 0.648), (43, 0.645), (44, 0.645), (45, 0.645), (46, 0.648), (47, 0.645)]
[(48, 0.645), (49, 0.645), (50, 0.645), (51, 0.648), (52, 0.645), (53, 0.648), (54, 0.648), (55, 0.648)]
[(56, 0.645), (57, 0.648), (58, 0.645), (59, 0.648), (60, 0.648), (61, 0.648), (62, 0.648), (63, 0.861)]
[(64, 0.648), (65, 0.645), (66, 0.621), (67, 0.645), (68, 0.645), (69, 0.648), (70, 0.645), (71, 0.434)]
[(72, 0.645), (73, 0.648), (74, 0.507), (75, 0.645), (76, 0.645), (77, 0.084), (78, 0.648), (79, 0.549)]
[(80, 0.52), (81, 0.592), (82, 0.164), (83, 0.868), (84, 0.611), (85, 0.755), (86, 0.2), (87, 0.288)]
[(88, 0.255), (89, 0.819), (90, 0.731), (91, 0.205), (92, 0.031), (93, 0.308), (94, 0.5), (95, 0.118)]
[(96, 0.448), (97, 0.252), (98, 0.19), (99, 0.159)]

step: 9, comm: 70

strategia:
[(19, 26), (19, 39), (19, 41), (22, 24), (27, 33), (31, 45), (31, 49), (35, 46), (42, 54), (42, 55)]
[(42, 59), (44, 47), (44, 56), (44, 65), (51, 57), (51, 62), (53, 61), (53, 69), (53, 73), (53, 78)]
[(58, 72), (60, 64), (67, 70), (68, 75), (68, 76)]
-------------------------------------------------------------------------------------

nodos:
[(0, 0.645), (1, 0.645), (2, 0.645), (3, 0.426), (4, 0.659), (5, 0.645), (6, 0.652), (7, 0.247)]
[(8, 0.645), (9, 0.648), (10, 0.645), (11, 0.645), (12, 0.645), (13, 0.648), (14, 0.645), (15, 0.645)]
[(16, 0.721), (17, 0.648), (18, 0.645), (19, 0.645), (20, 0.648), (21, 0.645), (22, 0.645), (23, 0.645)]
[(24, 0.645), (25, 0.648), (26, 0.645), (27, 0.645), (28, 0.648), (29, 0.648), (30, 0.645), (31, 0.645)]
[(32, 0.648), (33, 0.645), (34, 0.648), (35, 0.648), (36, 0.645), (37, 0.648), (38, 0.648), (39, 0.645)]
[(40, 0.645), (41, 0.645), (42, 0.648), (43, 0.645), (44, 0.645), (45, 0.645), (46, 0.648), (47, 0.645)]
[(48, 0.645), (49, 0.645), (50, 0.645), (51, 0.648), (52, 0.645), (53, 0.648), (54, 0.648), (55, 0.648)]
[(56, 0.645), (57, 0.648), (58, 0.645), (59, 0.648), (60, 0.648), (61, 0.648), (62, 0.648), (63, 0.648)]
[(64, 0.648), (65, 0.645), (66, 0.648), (67, 0.645), (68, 0.645), (69, 0.648), (70, 0.645), (71, 0.648)]
[(72, 0.645), (73, 0.648), (74, 0.648), (75, 0.645), (76, 0.645), (77, 0.648), (78, 0.648), (79, 0.648)]
[(80, 0.648), (81, 0.648), (82, 0.648), (83, 0.645), (84, 0.648), (85, 0.648), (86, 0.645), (87, 0.288)]
[(88, 0.645), (89, 0.648), (90, 0.645), (91, 0.645), (92, 0.648), (93, 0.645), (94, 0.645), (95, 0.645)]
[(96, 0.645), (97, 0.252), (98, 0.19), (99, 0.159)]

step: 10, comm: 93

strategia:
[(54, 63), (57, 74), (59, 66), (59, 81), (59, 84), (61, 71), (62, 85), (62, 89), (64, 77), (64, 79)]
[(65, 83), (65, 90), (65, 93), (72, 86), (72, 88), (72, 94), (73, 82), (75, 2), (75, 91), (75, 95)]
[(75, 96), (78, 80), (78, 92)]
-------------------------------------------------------------------------------------

nodos:
[(0, 0.648), (1, 0.645), (2, 0.645), (3, 0.645), (4, 0.648), (5, 0.645), (6, 0.645), (7, 0.247)]
[(8, 0.645), (9, 0.648), (10, 0.645), (11, 0.645), (12, 0.645), (13, 0.648), (14, 0.645), (15, 0.645)]
[(16, 0.721), (17, 0.648), (18, 0.645), (19, 0.645), (20, 0.648), (21, 0.645), (22, 0.645), (23, 0.645)]
[(24, 0.645), (25, 0.648), (26, 0.645), (27, 0.645), (28, 0.648), (29, 0.648), (30, 0.645), (31, 0.645)]
[(32, 0.648), (33, 0.645), (34, 0.648), (35, 0.648), (36, 0.645), (37, 0.648), (38, 0.648), (39, 0.645)]
[(40, 0.645), (41, 0.645), (42, 0.648), (43, 0.645), (44, 0.645), (45, 0.645), (46, 0.648), (47, 0.645)]
[(48, 0.645), (49, 0.645), (50, 0.645), (51, 0.648), (52, 0.645), (53, 0.648), (54, 0.648), (55, 0.648)]
[(56, 0.645), (57, 0.648), (58, 0.645), (59, 0.648), (60, 0.648), (61, 0.648), (62, 0.648), (63, 0.648)]
[(64, 0.648), (65, 0.645), (66, 0.648), (67, 0.645), (68, 0.645), (69, 0.648), (70, 0.645), (71, 0.648)]
[(72, 0.645), (73, 0.648), (74, 0.648), (75, 0.645), (76, 0.645), (77, 0.648), (78, 0.648), (79, 0.648)]
[(80, 0.648), (81, 0.648), (82, 0.648), (83, 0.645), (84, 0.648), (85, 0.648), (86, 0.645), (87, 0.648)]
[(88, 0.645), (89, 0.648), (90, 0.645), (91, 0.645), (92, 0.648), (93, 0.645), (94, 0.645), (95, 0.645)]
[(96, 0.645), (97, 0.648), (98, 0.648), (99, 0.648)]

step: 11, comm: 101

strategia:
[(2, 3), (66, 99), (74, 87), (79, 0), (79, 97), (81, 98), (84, 4), (93, 6)]
-------------------------------------------------------------------------------------

nodos:
[(0, 0.648), (1, 0.645), (2, 0.645), (3, 0.645), (4, 0.648), (5, 0.645), (6, 0.645), (7, 0.648)]
[(8, 0.645), (9, 0.648), (10, 0.645), (11, 0.645), (12, 0.645), (13, 0.648), (14, 0.645), (15, 0.645)]
[(16, 0.645), (17, 0.648), (18, 0.645), (19, 0.645), (20, 0.648), (21, 0.645), (22, 0.645), (23, 0.645)]
[(24, 0.645), (25, 0.648), (26, 0.645), (27, 0.645), (28, 0.648), (29, 0.648), (30, 0.645), (31, 0.645)]
[(32, 0.648), (33, 0.645), (34, 0.648), (35, 0.648), (36, 0.645), (37, 0.648), (38, 0.648), (39, 0.645)]
[(40, 0.645), (41, 0.645), (42, 0.648), (43, 0.645), (44, 0.645), (45, 0.645), (46, 0.648), (47, 0.645)]
[(48, 0.645), (49, 0.645), (50, 0.645), (51, 0.648), (52, 0.645), (53, 0.648), (54, 0.648), (55, 0.648)]
[(56, 0.645), (57, 0.648), (58, 0.645), (59, 0.648), (60, 0.648), (61, 0.648), (62, 0.648), (63, 0.648)]
[(64, 0.648), (65, 0.645), (66, 0.648), (67, 0.645), (68, 0.645), (69, 0.648), (70, 0.645), (71, 0.648)]
[(72, 0.645), (73, 0.648), (74, 0.648), (75, 0.645), (76, 0.645), (77, 0.648), (78, 0.648), (79, 0.648)]
[(80, 0.648), (81, 0.648), (82, 0.648), (83, 0.645), (84, 0.648), (85, 0.648), (86, 0.645), (87, 0.648)]
[(88, 0.645), (89, 0.648), (90, 0.645), (91, 0.645), (92, 0.648), (93, 0.645), (94, 0.645), (95, 0.645)]
[(96, 0.645), (97, 0.648), (98, 0.648), (99, 0.648)]

step: 12, comm: 103

strategia:
[(6, 16), (98, 7)]
-------------------------------------------------------------------------------------

=====================================================================================

Grafo 3

radio: 1.0
nodos:
[(0, 0.059), (1, 0.611), (2, 0.848), (3, 0.961), (4, 0.428), (5, 0.289), (6, 0.406), (7, 0.369)]
[(8, 0.09), (9, 0.16), (10, 0.547), (11, 0.932), (12, 0.953), (13, 0.06), (14, 0.841), (15, 0.74)]
[(16, 0.139), (17, 0.868), (18, 0.949), (19, 0.318), (20, 0.514), (21, 0.941), (22, 0.569), (23, 0.627)]
[(24, 0.308), (25, 0.188), (26, 0.633), (27, 0.847), (28, 0.766), (29, 0.651), (30, 0.463), (31, 0.471)]
[(32, 0.574), (33, 0.053), (34, 0.501), (35, 0.021), (36, 0.231), (37, 0.311), (38, 0.48), (39, 0.219)]
[(40, 0.711), (41, 0.074), (42, 0.284), (43, 0.862), (44, 0.572), (45, 0.098), (46, 0.203), (47, 0.918)]
[(48, 0.327), (49, 0.815), (50, 0.309), (51, 0.658), (52, 0.868), (53, 0.585), (54, 0.127), (55, 0.632)]
[(56, 0.364), (57, 0.817), (58, 0.317), (59, 0.992), (60, 0.304), (61, 0.151), (62, 0.424), (63, 0.311)]
[(64, 0.882), (65, 0.801), (66, 0.985), (67, 0.702), (68, 0.507), (69, 0.587), (70, 0.086), (71, 0.786)]
[(72, 0.688), (73, 0.206), (74, 0.646), (75, 0.586), (76, 0.179), (77, 0.866), (78, 0.354), (79, 0.067)]
[(80, 0.145), (81, 0.428), (82, 0.614), (83, 0.166), (84, 0.621), (85, 0.443), (86, 0.807), (87, 0.958)]
[(88, 0.944), (89, 0.029), (90, 0.74), (91, 0.414), (92, 0.002), (93, 0.944), (94, 0.283), (95, 0.337)]
[(96, 0.332), (97, 0.62), (98, 0.871), (99, 0.704)]

step: 0, comm: 0

strategia:
-------------------------------------------------------------------------------------

nodos:
[(0, 0.059), (1, 0.611), (2, 0.517), (3, 0.961), (4, 0.428), (5, 0.289), (6, 0.406), (7, 0.369)]
[(8, 0.09), (9, 0.16), (10, 0.547), (11, 0.932), (12, 0.953), (13, 0.06), (14, 0.841), (15, 0.74)]
[(16, 0.139), (17, 0.868), (18, 0.949), (19, 0.318), (20, 0.514), (21, 0.941), (22, 0.514), (23, 0.627)]
[(24, 0.308), (25, 0.188), (26, 0.633), (27, 0.847), (28, 0.766), (29, 0.651), (30, 0.463), (31, 0.471)]
[(32, 0.574), (33, 0.053), (34, 0.501), (35, 0.021), (36, 0.231), (37, 0.311), (38, 0.48), (39, 0.219)]
[(40, 0.711), (41, 0.074), (42, 0.517), (43, 0.862), (44, 0.572), (45, 0.098), (46, 0.203), (47, 0.918)]
[(48, 0.327), (49, 0.815), (50, 0.309), (51, 0.658), (52, 0.868), (53, 0.585), (54, 0.127), (55, 0.632)]
[(56, 0.364), (57, 0.817), (58, 0.317), (59, 0.992), (60, 0.304), (61, 0.151), (62, 0.424), (63, 0.311)]
[(64, 0.882), (65, 0.801), (66, 0.985), (67, 0.702), (68, 0.507), (69, 0.587), (70, 0.086), (71, 0.786)]
[(72, 0.688), (73, 0.206), (74, 0.646), (75, 0.586), (76, 0.179), (77, 0.866), (78, 0.354), (79, 0.067)]
[(80, 0.145), (81, 0.428), (82, 0.614), (83, 0.166), (84, 0.621), (85, 0.443), (86, 0.807), (87, 0.958)]
[(88, 0.944), (89, 0.029), (90, 0.74), (91, 0.414), (92, 0.002), (93, 0.944), (94, 0.283), (95, 0.337)]
[(96, 0.332), (97, 0.62), (98, 0.871), (99, 0.704)]

step: 1, comm: 6

strategia:
[(20, 22), (32, 42), (38, 42), (40, 42), (96, 2), (99, 2)]
-------------------------------------------------------------------------------------

nodos:
[(0, 0.059), (1, 0.611), (2, 0.517), (3, 0.961), (4, 0.428), (5, 0.289), (6, 0.406), (7, 0.369)]
[(8, 0.09), (9, 0.16), (10, 0.547), (11, 0.932), (12, 0.953), (13, 0.06), (14, 0.841), (15, 0.74)]
[(16, 0.139), (17, 0.868), (18, 0.949), (19, 0.318), (20, 0.514), (21, 0.941), (22, 0.514), (23, 0.627)]
[(24, 0.308), (25, 0.188), (26, 0.633), (27, 0.847), (28, 0.766), (29, 0.651), (30, 0.463), (31, 0.471)]
[(32, 0.574), (33, 0.053), (34, 0.501), (35, 0.021), (36, 0.231), (37, 0.311), (38, 0.48), (39, 0.219)]
[(40, 0.711), (41, 0.074), (42, 0.517), (43, 0.862), (44, 0.572), (45, 0.098), (46, 0.203), (47, 0.918)]
[(48, 0.327), (49, 0.815), (50, 0.309), (51, 0.658), (52, 0.868), (53, 0.585), (54, 0.127), (55, 0.632)]
[(56, 0.364), (57, 0.817), (58, 0.317), (59, 0.992), (60, 0.304), (61, 0.151), (62, 0.424), (63, 0.311)]
[(64, 0.882), (65, 0.801), (66, 0.985), (67, 0.702), (68, 0.507), (69, 0.587), (70, 0.086), (71, 0.786)]
[(72, 0.688), (73, 0.206), (74, 0.646), (75, 0.586), (76, 0.179), (77, 0.866), (78, 0.354), (79, 0.067)]
[(80, 0.145), (81, 0.428), (82, 0.614), (83, 0.166), (84, 0.621), (85, 0.443), (86, 0.807), (87, 0.958)]
[(88, 0.944), (89, 0.029), (90, 0.74), (91, 0.414), (92, 0.002), (93, 0.944), (94, 0.283), (95, 0.337)]
[(96, 0.332), (97, 0.62), (98, 0.871), (99, 0.704)]

step: 2, comm: 6

strategia:
-------------------------------------------------------------------------------------

nodos:
[(0, 0.059), (1, 0.611), (2, 0.517), (3, 0.961), (4, 0.428), (5, 0.289), (6, 0.406), (7, 0.369)]
[(8, 0.09), (9, 0.16), (10, 0.547), (11, 0.932), (12, 0.953), (13, 0.06), (14, 0.841), (15, 0.74)]
[(16, 0.139), (17, 0.868), (18, 0.949), (19, 0.318), (20, 0.514), (21, 0.941), (22, 0.514), (23, 0.627)]
[(24, 0.308), (25, 0.188), (26, 0.633), (27, 0.847), (28, 0.766), (29, 0.651), (30, 0.463), (31, 0.471)]
[(32, 0.574), (33, 0.053), (34, 0.501), (35, 0.021), (36, 0.231), (37, 0.311), (38, 0.48), (39, 0.219)]
[(40, 0.711), (41, 0.074), (42, 0.517), (43, 0.862), (44, 0.572), (45, 0.098), (46, 0.203), (47, 0.918)]
[(48, 0.327), (49, 0.815), (50, 0.309), (51, 0.658), (52, 0.868), (53, 0.585), (54, 0.127), (55, 0.632)]
[(56, 0.364), (57, 0.817), (58, 0.317), (59, 0.992), (60, 0.304), (61, 0.151), (62, 0.424), (63, 0.311)]
[(64, 0.882), (65, 0.801), (66, 0.985), (67, 0.702), (68, 0.507), (69, 0.587), (70, 0.086), (71, 0.786)]
[(72, 0.688), (73, 0.206), (74, 0.646), (75, 0.586), (76, 0.179), (77, 0.866), (78, 0.354), (79, 0.067)]
[(80, 0.145), (81, 0.428), (82, 0.614), (83, 0.166), (84, 0.621), (85, 0.443), (86, 0.807), (87, 0.958)]
[(88, 0.944), (89, 0.029), (90, 0.74), (91, 0.414), (92, 0.002), (93, 0.944), (94, 0.283), (95, 0.337)]
[(96, 0.332), (97, 0.62), (98, 0.871), (99, 0.704)]

step: 3, comm: 6

strategia:
-------------------------------------------------------------------------------------

nodos:
[(0, 0.059), (1, 0.611), (2, 0.517), (3, 0.961), (4, 0.428), (5, 0.289), (6, 0.406), (7, 0.369)]
[(8, 0.09), (9, 0.16), (10, 0.547), (11, 0.932), (12, 0.953), (13, 0.06), (14, 0.841), (15, 0.74)]
[(16, 0.139), (17, 0.868), (18, 0.949), (19, 0.318), (20, 0.514), (21, 0.941), (22, 0.514), (23, 0.627)]
[(24, 0.308), (25, 0.188), (26, 0.633), (27, 0.847), (28, 0.766), (29, 0.651), (30, 0.463), (31, 0.471)]
[(32, 0.574), (33, 0.053), (34, 0.501), (35, 0.021), (36, 0.231), (37, 0.311), (38, 0.48), (39, 0.219)]
[(40, 0.711), (41, 0.074), (42, 0.517), (43, 0.862), (44, 0.572), (45, 0.098), (46, 0.203), (47, 0.918)]
[(48, 0.327), (49, 0.815), (50, 0.309), (51, 0.658), (52, 0.868), (53, 0.585), (54, 0.127), (55, 0.632)]
[(56, 0.364), (57, 0.817), (58, 0.317), (59, 0.992), (60, 0.304), (61, 0.151), (62, 0.424), (63, 0.311)]
[(64, 0.882), (65, 0.801), (66, 0.985), (67, 0.702), (68, 0.507), (69, 0.587), (70, 0.086), (71, 0.786)]
[(72, 0.688), (73, 0.206), (74, 0.646), (75, 0.586), (76, 0.179), (77, 0.866), (78, 0.354), (79, 0.067)]
[(80, 0.145), (81, 0.428), (82, 0.614), (83, 0.166), (84, 0.621), (85, 0.443), (86, 0.807), (87, 0.958)]
[(88, 0.944), (89, 0.029), (90, 0.74), (91, 0.414), (92, 0.002), (93, 0.944), (94, 0.283), (95, 0.337)]
[(96, 0.332), (97, 0.62), (98, 0.871), (99, 0.704)]

step: 4, comm: 6

strategia:
-------------------------------------------------------------------------------------

nodos:
[(0, 0.059), (1, 0.611), (2, 0.517), (3, 0.961), (4, 0.428), (5, 0.289), (6, 0.406), (7, 0.369)]
[(8, 0.09), (9, 0.16), (10, 0.547), (11, 0.932), (12, 0.953), (13, 0.06), (14, 0.841), (15, 0.74)]
[(16, 0.139), (17, 0.868), (18, 0.949), (19, 0.318), (20, 0.514), (21, 0.941), (22, 0.514), (23, 0.627)]
[(24, 0.308), (25, 0.188), (26, 0.633), (27, 0.847), (28, 0.766), (29, 0.651), (30, 0.463), (31, 0.471)]
[(32, 0.574), (33, 0.053), (34, 0.501), (35, 0.021), (36, 0.231), (37, 0.311), (38, 0.48), (39, 0.219)]
[(40, 0.711), (41, 0.074), (42, 0.517), (43, 0.862), (44, 0.572), (45, 0.098), (46, 0.203), (47, 0.918)]
[(48, 0.327), (49, 0.815), (50, 0.309), (51, 0.658), (52, 0.868), (53, 0.585), (54, 0.127), (55, 0.632)]
[(56, 0.364), (57, 0.817), (58, 0.317), (59, 0.992), (60, 0.304), (61, 0.151), (62, 0.424), (63, 0.311)]
[(64, 0.882), (65, 0.801), (66, 0.985), (67, 0.702), (68, 0.507), (69, 0.587), (70, 0.086), (71, 0.786)]
[(72, 0.688), (73, 0.206), (74, 0.646), (75, 0.586), (76, 0.179), (77, 0.866), (78, 0.354), (79, 0.067)]
[(80, 0.145), (81, 0.428), (82, 0.614), (83, 0.166), (84, 0.621), (85, 0.443), (86, 0.807), (87, 0.958)]
[(88, 0.944), (89, 0.029), (90, 0.74), (91, 0.414), (92, 0.002), (93, 0.944), (94, 0.283), (95, 0.337)]
[(96, 0.332), (97, 0.62), (98, 0.871), (99, 0.704)]

step: 5, comm: 6

strategia:
-------------------------------------------------------------------------------------

nodos:
[(0, 0.059), (1, 0.611), (2, 0.517), (3, 0.961), (4, 0.428), (5, 0.289), (6, 0.406), (7, 0.369)]
[(8, 0.09), (9, 0.16), (10, 0.547), (11, 0.932), (12, 0.953), (13, 0.06), (14, 0.841), (15, 0.74)]
[(16, 0.139), (17, 0.868), (18, 0.949), (19, 0.318), (20, 0.514), (21, 0.941), (22, 0.514), (23, 0.627)]
[(24, 0.308), (25, 0.188), (26, 0.633), (27, 0.847), (28, 0.766), (29, 0.651), (30, 0.463), (31, 0.471)]
[(32, 0.574), (33, 0.053), (34, 0.501), (35, 0.021), (36, 0.231), (37, 0.311), (38, 0.48), (39, 0.219)]
[(40, 0.711), (41, 0.074), (42, 0.517), (43, 0.862), (44, 0.572), (45, 0.098), (46, 0.203), (47, 0.918)]
[(48, 0.327), (49, 0.815), (50, 0.309), (51, 0.658), (52, 0.868), (53, 0.585), (54, 0.127), (55, 0.632)]
[(56, 0.364), (57, 0.817), (58, 0.317), (59, 0.992), (60, 0.304), (61, 0.151), (62, 0.424), (63, 0.311)]
[(64, 0.882), (65, 0.801), (66, 0.985), (67, 0.702), (68, 0.507), (69, 0.587), (70, 0.086), (71, 0.786)]
[(72, 0.688), (73, 0.206), (74, 0.646), (75, 0.586), (76, 0.179), (77, 0.866), (78, 0.354), (79, 0.067)]
[(80, 0.145), (81, 0.428), (82, 0.614), (83, 0.166), (84, 0.621), (85, 0.443), (86, 0.807), (87, 0.958)]
[(88, 0.944), (89, 0.029), (90, 0.74), (91, 0.414), (92, 0.002), (93, 0.944), (94, 0.283), (95, 0.337)]
[(96, 0.332), (97, 0.62), (98, 0.871), (99, 0.704)]

step: 6, comm: 6

strategia:
-------------------------------------------------------------------------------------

nodos:
[(0, 0.059), (1, 0.611), (2, 0.517), (3, 0.517), (4, 0.428), (5, 0.289), (6, 0.406), (7, 0.369)]
[(8, 0.517), (9, 0.16), (10, 0.547), (11, 0.932), (12, 0.953), (13, 0.517), (14, 0.841), (15, 0.74)]
[(16, 0.139), (17, 0.517), (18, 0.517), (19, 0.318), (20, 0.514), (21, 0.941), (22, 0.514), (23, 0.514)]
[(24, 0.308), (25, 0.188), (26, 0.633), (27, 0.847), (28, 0.766), (29, 0.514), (30, 0.463), (31, 0.471)]
[(32, 0.574), (33, 0.053), (34, 0.501), (35, 0.021), (36, 0.231), (37, 0.514), (38, 0.514), (39, 0.514)]
[(40, 0.711), (41, 0.074), (42, 0.517), (43, 0.862), (44, 0.517), (45, 0.098), (46, 0.203), (47, 0.918)]
[(48, 0.327), (49, 0.815), (50, 0.517), (51, 0.658), (52, 0.868), (53, 0.517), (54, 0.517), (55, 0.517)]
[(56, 0.364), (57, 0.817), (58, 0.317), (59, 0.992), (60, 0.304), (61, 0.151), (62, 0.424), (63, 0.311)]
[(64, 0.882), (65, 0.801), (66, 0.985), (67, 0.702), (68, 0.507), (69, 0.587), (70, 0.086), (71, 0.786)]
[(72, 0.688), (73, 0.206), (74, 0.646), (75, 0.586), (76, 0.179), (77, 0.866), (78, 0.354), (79, 0.067)]
[(80, 0.145), (81, 0.428), (82, 0.614), (83, 0.166), (84, 0.621), (85, 0.443), (86, 0.807), (87, 0.958)]
[(88, 0.944), (89, 0.029), (90, 0.74), (91, 0.414), (92, 0.002), (93, 0.944), (94, 0.283), (95, 0.337)]
[(96, 0.332), (97, 0.62), (98, 0.871), (99, 0.704)]

step: 7, comm: 21

strategia:
[(2, 3), (2, 8), (2, 13), (2, 17), (2, 18), (22, 23), (22, 29), (22, 37), (22, 38), (22, 39)]
[(42, 44), (42, 50), (42, 53), (42, 54), (42, 55)]
-------------------------------------------------------------------------------------

nodos:
[(0, 0.059), (1, 0.611), (2, 0.517), (3, 0.517), (4, 0.428), (5, 0.517), (6, 0.517), (7, 0.369)]
[(8, 0.517), (9, 0.16), (10, 0.517), (11, 0.932), (12, 0.953), (13, 0.517), (14, 0.517), (15, 0.74)]
[(16, 0.517), (17, 0.517), (18, 0.517), (19, 0.517), (20, 0.517), (21, 0.517), (22, 0.514), (23, 0.514)]
[(24, 0.308), (25, 0.517), (26, 0.633), (27, 0.514), (28, 0.766), (29, 0.514), (30, 0.463), (31, 0.514)]
[(32, 0.514), (33, 0.053), (34, 0.501), (35, 0.517), (36, 0.514), (37, 0.514), (38, 0.514), (39, 0.514)]
[(40, 0.517), (41, 0.514), (42, 0.517), (43, 0.514), (44, 0.517), (45, 0.514), (46, 0.514), (47, 0.517)]
[(48, 0.327), (49, 0.514), (50, 0.517), (51, 0.514), (52, 0.517), (53, 0.517), (54, 0.517), (55, 0.517)]
[(56, 0.517), (57, 0.817), (58, 0.514), (59, 0.517), (60, 0.517), (61, 0.517), (62, 0.424), (63, 0.311)]
[(64, 0.882), (65, 0.801), (66, 0.985), (67, 0.702), (68, 0.507), (69, 0.587), (70, 0.086), (71, 0.517)]
[(72, 0.688), (73, 0.206), (74, 0.646), (75, 0.586), (76, 0.179), (77, 0.866), (78, 0.354), (79, 0.067)]
[(80, 0.145), (81, 0.428), (82, 0.614), (83, 0.166), (84, 0.621), (85, 0.443), (86, 0.807), (87, 0.958)]
[(88, 0.944), (89, 0.029), (90, 0.74), (91, 0.414), (92, 0.002), (93, 0.944), (94, 0.283), (95, 0.337)]
[(96, 0.332), (97, 0.62), (98, 0.871), (99, 0.704)]

step: 8, comm: 50

strategia:
[(3, 5), (3, 6), (3, 10), (3, 21), (8, 14), (8, 16), (8, 19), (8, 20), (17, 25), (18, 35)]
[(18, 40), (23, 27), (23, 31), (23, 32), (29, 36), (29, 46), (37, 45), (37, 51), (38, 41), (38, 43)]
[(39, 49), (39, 58), (44, 47), (44, 52), (44, 71), (50, 59), (53, 56), (54, 60), (55, 61)]
-------------------------------------------------------------------------------------

nodos:
[(0, 0.059), (1, 0.611), (2, 0.517), (3, 0.517), (4, 0.428), (5, 0.517), (6, 0.517), (7, 0.369)]
[(8, 0.517), (9, 0.16), (10, 0.517), (11, 0.517), (12, 0.517), (13, 0.517), (14, 0.517), (15, 0.74)]
[(16, 0.517), (17, 0.517), (18, 0.517), (19, 0.517), (20, 0.517), (21, 0.517), (22, 0.514), (23, 0.514)]
[(24, 0.517), (25, 0.517), (26, 0.633), (27, 0.514), (28, 0.766), (29, 0.514), (30, 0.463), (31, 0.514)]
[(32, 0.514), (33, 0.517), (34, 0.517), (35, 0.517), (36, 0.514), (37, 0.514), (38, 0.514), (39, 0.514)]
[(40, 0.517), (41, 0.514), (42, 0.517), (43, 0.514), (44, 0.517), (45, 0.514), (46, 0.514), (47, 0.517)]
[(48, 0.514), (49, 0.514), (50, 0.517), (51, 0.514), (52, 0.517), (53, 0.517), (54, 0.517), (55, 0.517)]
[(56, 0.517), (57, 0.514), (58, 0.514), (59, 0.517), (60, 0.517), (61, 0.517), (62, 0.514), (63, 0.517)]
[(64, 0.514), (65, 0.517), (66, 0.517), (67, 0.517), (68, 0.517), (69, 0.587), (70, 0.517), (71, 0.517)]
[(72, 0.688), (73, 0.514), (74, 0.517), (75, 0.514), (76, 0.514), (77, 0.517), (78, 0.514), (79, 0.517)]
[(80, 0.145), (81, 0.514), (82, 0.614), (83, 0.166), (84, 0.621), (85, 0.443), (86, 0.514), (87, 0.517)]
[(88, 0.944), (89, 0.029), (90, 0.74), (91, 0.414), (92, 0.002), (93, 0.944), (94, 0.283), (95, 0.337)]
[(96, 0.332), (97, 0.62), (98, 0.871), (99, 0.704)]

step: 9, comm: 75

strategia:
[(5, 12), (5, 33), (6, 11), (19, 24), (21, 34), (46, 48), (49, 57), (49, 64), (49, 73), (49, 78)]
[(51, 62), (52, 63), (56, 66), (56, 68), (58, 75), (58, 76), (58, 81), (58, 86), (59, 67), (59, 70)]
[(60, 65), (60, 74), (71, 77), (71, 79), (71, 87)]
-------------------------------------------------------------------------------------

nodos:
[(0, 0.059), (1, 0.514), (2, 0.517), (3, 0.517), (4, 0.517), (5, 0.517), (6, 0.517), (7, 0.369)]
[(8, 0.517), (9, 0.514), (10, 0.517), (11, 0.517), (12, 0.517), (13, 0.517), (14, 0.517), (15, 0.517)]
[(16, 0.517), (17, 0.517), (18, 0.517), (19, 0.517), (20, 0.517), (21, 0.517), (22, 0.514), (23, 0.514)]
[(24, 0.517), (25, 0.517), (26, 0.517), (27, 0.514), (28, 0.766), (29, 0.514), (30, 0.517), (31, 0.514)]
[(32, 0.514), (33, 0.517), (34, 0.517), (35, 0.517), (36, 0.514), (37, 0.514), (38, 0.514), (39, 0.514)]
[(40, 0.517), (41, 0.514), (42, 0.517), (43, 0.514), (44, 0.517), (45, 0.514), (46, 0.514), (47, 0.517)]
[(48, 0.514), (49, 0.514), (50, 0.517), (51, 0.514), (52, 0.517), (53, 0.517), (54, 0.517), (55, 0.517)]
[(56, 0.517), (57, 0.514), (58, 0.514), (59, 0.517), (60, 0.517), (61, 0.517), (62, 0.514), (63, 0.517)]
[(64, 0.514), (65, 0.517), (66, 0.517), (67, 0.517), (68, 0.517), (69, 0.517), (70, 0.517), (71, 0.517)]
[(72, 0.517), (73, 0.514), (74, 0.517), (75, 0.514), (76, 0.514), (77, 0.517), (78, 0.514), (79, 0.517)]
[(80, 0.514), (81, 0.514), (82, 0.517), (83, 0.514), (84, 0.517), (85, 0.443), (86, 0.514), (87, 0.517)]
[(88, 0.514), (89, 0.514), (90, 0.74), (91, 0.517), (92, 0.514), (93, 0.514), (94, 0.283), (95, 0.517)]
[(96, 0.332), (97, 0.62), (98, 0.517), (99, 0.517)]

step: 10, comm: 95

strategia:
[(11, 15), (12, 30), (24, 26), (62, 80), (62, 83), (63, 69), (63, 84), (65, 72), (65, 82), (73, 88)]
[(76, 89), (78, 92), (78, 93), (79, 91), (79, 95), (79, 98), (81, 1), (81, 9), (87, 4), (87, 99)]
-------------------------------------------------------------------------------------

nodos:
[(0, 0.517), (1, 0.514), (2, 0.517), (3, 0.517), (4, 0.517), (5, 0.517), (6, 0.517), (7, 0.517)]
[(8, 0.517), (9, 0.514), (10, 0.517), (11, 0.517), (12, 0.517), (13, 0.517), (14, 0.517), (15, 0.517)]
[(16, 0.517), (17, 0.517), (18, 0.517), (19, 0.517), (20, 0.517), (21, 0.517), (22, 0.514), (23, 0.514)]
[(24, 0.517), (25, 0.517), (26, 0.517), (27, 0.514), (28, 0.517), (29, 0.514), (30, 0.517), (31, 0.514)]
[(32, 0.514), (33, 0.517), (34, 0.517), (35, 0.517), (36, 0.514), (37, 0.514), (38, 0.514), (39, 0.514)]
[(40, 0.517), (41, 0.514), (42, 0.517), (43, 0.514), (44, 0.517), (45, 0.514), (46, 0.514), (47, 0.517)]
[(48, 0.514), (49, 0.514), (50, 0.517), (51, 0.514), (52, 0.517), (53, 0.517), (54, 0.517), (55, 0.517)]
[(56, 0.517), (57, 0.514), (58, 0.514), (59, 0.517), (60, 0.517), (61, 0.517), (62, 0.514), (63, 0.517)]
[(64, 0.514), (65, 0.517), (66, 0.517), (67, 0.517), (68, 0.517), (69, 0.517), (70, 0.517), (71, 0.517)]
[(72, 0.517), (73, 0.514), (74, 0.517), (75, 0.514), (76, 0.514), (77, 0.517), (78, 0.514), (79, 0.517)]
[(80, 0.514), (81, 0.514), (82, 0.517), (83, 0.514), (84, 0.517), (85, 0.514), (86, 0.514), (87, 0.517)]
[(88, 0.514), (89, 0.514), (90, 0.517), (91, 0.517), (92, 0.514), (93, 0.514), (94, 0.514), (95, 0.517)]
[(96, 0.514), (97, 0.514), (98, 0.517), (99, 0.517)]

step: 11, comm: 103

strategia:
[(4, 7), (26, 28), (80, 85), (82, 90), (83, 94), (88, 97), (93, 96), (95, 0)]
-------------------------------------------------------------------------------------

=====================================================================================

