0.043663 0.999956 0.542541 0.546320 0.001968 855 9
0.050324 0.975214 0.535824 0.538281 0.000880 768 8
0.007894 0.997825 0.427295 0.431564 0.000999 864 9
0.086476 0.989234 0.527529 0.531046 0.002002 1020 10
0.031015 0.998851 0.533782 0.538498 0.001876 840 8
0.166585 0.868925 0.609281 0.612869 0.001991 945 9
0.000012 0.979270 0.512287 0.514676 0.001013 840 8
0.033446 0.999554 0.498482 0.502759 0.001857 882 9
0.040951 0.928077 0.459671 0.464632 0.000999 824 8
0.241853 0.909289 0.537952 0.542668 0.001185 707 7
0.010603 0.890213 0.501981 0.504461 0.000959 651 7
0.044894 0.980110 0.484932 0.488887 0.001958 1339 13
0.044881 0.995510 0.546576 0.550490 0.000999 790 10
0.058029 0.902456 0.458540 0.462142 0.001081 679 7
0.083764 0.955354 0.423880 0.428863 0.000999 672 7
0.005292 0.976667 0.474558 0.479097 0.001000 609 7
0.013601 0.956633 0.500710 0.505437 0.002026 792 8
0.001582 0.906108 0.414371 0.417798 0.000999 618 6
0.060039 0.972585 0.537781 0.541541 0.002043 828 9
0.056075 0.941297 0.367686 0.371495 0.002040 810 9
0.008843 0.974399 0.452398 0.455273 0.001004 846 9
0.018796 0.881935 0.567255 0.570377 0.001994 1050 10
0.109104 0.960274 0.536634 0.539489 0.001861 848 8
0.053982 0.992713 0.500883 0.504141 0.001049 848 8
0.005139 0.899633 0.428791 0.432738 0.001150 819 7
0.026180 0.868475 0.388091 0.390853 0.000997 1236 12
0.044536 0.995633 0.637974 0.640195 0.001041 873 9
0.011991 0.930877 0.498451 0.503190 0.001875 728 8
0.026574 0.996759 0.596314 0.599583 0.002020 744 8
0.005961 0.979180 0.586484 0.589156 0.002000 880 8
0.140134 0.959734 0.539220 0.542627 0.001045 665 7
0.028521 0.744372 0.422962 0.427873 0.001040 672 7
0.122461 0.945701 0.486439 0.488917 0.002002 913 11
0.064322 0.976317 0.577626 0.581307 0.002041 882 9
0.022898 0.894495 0.365127 0.369865 0.010040 6724 82
0.013904 0.970070 0.365146 0.368227 0.001999 1010 10
0.039816 0.899986 0.433377 0.437168 0.002042 1176 12
0.038386 0.959902 0.528132 0.531707 0.001001 704 8
0.016239 0.891952 0.500936 0.504552 0.001978 990 10
0.001381 0.989505 0.474919 0.477488 0.001050 1001 11
0.077523 0.925918 0.371361 0.374551 0.000999 729 9
0.042942 0.920532 0.448060 0.451814 0.001453 800 8
0.108454 0.982290 0.577179 0.580052 0.001039 800 8
0.082490 0.996268 0.462102 0.465968 0.001043 648 9
0.020722 0.906857 0.468662 0.471556 0.001355 828 9
0.026763 0.997663 0.453841 0.457514 0.001000 816 8
0.039597 0.953556 0.454326 0.459022 0.001034 774 9
0.004032 0.977941 0.561068 0.565401 0.001045 850 10
0.013687 0.949355 0.461736 0.464817 0.000999 945 9
0.006816 0.967031 0.330423 0.334323 0.001474 783 9
0.013747 0.974646 0.606831 0.611259 0.000998 665 7
0.088048 0.972389 0.535155 0.538147 0.001011 808 8
0.025145 0.913800 0.625798 0.630521 0.001037 940 10
0.029325 0.984401 0.585763 0.589560 0.001546 882 9
0.009803 0.980649 0.268979 0.272357 0.001038 660 6
0.065781 0.966323 0.594532 0.597681 0.000998 980 10
0.133565 0.959992 0.563220 0.566150 0.002035 940 10
0.013613 0.983563 0.562128 0.566025 0.001000 810 9
0.001302 0.919896 0.363823 0.368003 0.000999 770 7
0.110125 0.755234 0.453224 0.456887 0.000999 612 6
0.017325 0.982265 0.503435 0.507475 0.001999 864 8
0.102901 0.995633 0.524883 0.529427 0.002002 832 8
0.050814 0.993594 0.511114 0.513230 0.001001 747 9
0.094048 0.801618 0.324273 0.328170 0.001999 784 8
0.009289 0.983883 0.500665 0.504694 0.001000 1056 11
0.129255 0.951689 0.513028 0.516473 0.001201 728 8
0.023994 0.875408 0.475802 0.480173 0.002001 864 8
0.165387 0.976736 0.566073 0.568711 0.000998 800 8
0.002026 0.853094 0.487450 0.488941 0.001001 801 9
0.027503 0.986594 0.535096 0.538862 0.001002 721 7
0.010002 0.973791 0.524435 0.529366 0.000999 800 8
0.100561 0.976355 0.554968 0.558433 0.002997 909 9
0.022580 0.990475 0.618591 0.622579 0.002001 742 7
0.021809 0.987294 0.454741 0.458901 0.001095 582 6
0.031387 0.949738 0.405261 0.409442 0.000986 840 8
0.012888 0.968157 0.384968 0.387720 0.000994 1035 9
0.070708 0.998084 0.489464 0.491209 0.002998 920 8
0.017413 0.996225 0.566187 0.569262 0.000999 736 8
0.084001 0.923633 0.488764 0.491021 0.000999 763 7
0.004082 0.940653 0.484274 0.486939 0.000999 890 10
0.007632 0.982421 0.484275 0.487582 0.001999 792 8
0.142931 0.921420 0.538114 0.541325 0.001618 760 8
0.103365 0.913732 0.551721 0.555555 0.001001 864 9
0.058847 0.998193 0.457157 0.460363 0.001001 744 8
0.000065 0.970542 0.547306 0.551624 0.001037 800 8
0.005792 0.933240 0.425856 0.428370 0.001001 756 9
0.014487 0.988420 0.537747 0.540219 0.002034 872 8
0.018074 0.909472 0.542177 0.544371 0.002024 930 10
0.015005 0.920044 0.479260 0.484053 0.001026 768 8
0.042680 0.919008 0.506834 0.511509 0.001026 924 11
0.031379 0.994505 0.354049 0.358211 0.001012 784 8
0.065389 0.972583 0.491768 0.494907 0.001141 936 9
0.002596 0.984120 0.485632 0.490158 0.002018 970 10
0.008271 0.896574 0.487354 0.490854 0.002000 970 10
0.108335 0.984142 0.461337 0.465721 0.000998 980 10
0.030141 0.952110 0.524664 0.528612 0.002000 860 10
0.008268 0.971029 0.522738 0.526514 0.001000 792 8
0.009837 0.960701 0.457708 0.461353 0.001999 960 10
0.004695 0.915462 0.404584 0.409229 0.001999 808 8
0.003381 0.992034 0.646701 0.650161 0.000999 736 8
