0.006335 0.882512 0.398274 0.401297 0.003000 1595 11
0.093317 0.997229 0.552457 0.556533 0.002300 1197 9
0.007101 0.982678 0.370661 0.375563 0.005010 1820 13
0.049645 0.930946 0.559207 0.562445 0.002103 1184 8
0.054917 0.998479 0.581971 0.586226 0.001998 1152 8
0.048935 0.994043 0.439768 0.443679 0.003000 1260 9
0.013219 0.990358 0.565692 0.570679 0.001999 1395 9
0.032003 0.975676 0.467617 0.470544 0.003357 1341 9
0.047316 0.986122 0.500645 0.504204 0.003406 1608 12
0.048841 0.997009 0.520268 0.523601 0.002973 1692 12
0.033057 0.975648 0.456452 0.459164 0.002044 1330 10
0.139969 0.973016 0.640998 0.645030 0.003000 1740 12
0.144183 0.987007 0.579275 0.582777 0.002999 1430 11
0.086555 0.974937 0.524618 0.528161 0.002966 1096 8
0.033536 0.994668 0.540993 0.543513 0.002998 1278 9
0.005714 0.971942 0.422955 0.426156 0.002999 1368 8
0.095609 0.976373 0.591378 0.595371 0.002501 1251 9
0.038750 0.999989 0.568434 0.572347 0.002975 1360 10
0.003141 0.966280 0.438904 0.441754 0.002999 1395 9
0.025929 0.986421 0.441739 0.446492 0.003143 1650 11
0.061135 0.986888 0.481846 0.485136 0.002997 1330 10
0.004503 0.880596 0.500457 0.504200 0.003000 1683 11
0.076941 0.976511 0.610912 0.614973 0.002999 1680 12
0.004444 0.969641 0.388034 0.392017 0.004006 1312 8
0.001111 0.951809 0.472583 0.475663 0.002771 1728 12
0.000738 0.963355 0.521555 0.526266 0.002998 1270 10
0.083405 0.965587 0.511040 0.514441 0.002997 1606 11
0.016540 0.980574 0.481517 0.484466 0.002999 1310 10
0.074609 0.995708 0.510389 0.513363 0.002103 1168 8
0.013066 0.928188 0.485936 0.490272 0.003413 1216 8
0.011495 0.972525 0.534938 0.538269 0.003000 1390 10
0.031623 0.997787 0.415142 0.417885 0.003000 1330 7
0.095235 0.994110 0.499792 0.504444 0.001997 1092 7
0.063456 0.986475 0.526100 0.529182 0.001885 1152 8
0.022541 0.981426 0.495475 0.498884 0.001999 1430 11
0.007817 0.996191 0.443832 0.447579 0.002999 1872 13
0.009819 0.893486 0.485382 0.489296 0.004000 1085 7
0.030849 0.997410 0.439621 0.442173 0.001999 1216 8
0.021252 0.974935 0.505494 0.509463 0.002999 1441 11
0.008244 0.864158 0.328012 0.330458 0.002999 1390 10
0.000932 0.993766 0.403897 0.406025 0.001995 1272 8
0.003946 0.988894 0.547329 0.550733 0.003000 1529 11
0.027520 0.999429 0.447809 0.451655 0.002999 1304 8
0.005816 0.993829 0.527880 0.532726 0.002998 1330 10
0.042284 0.951693 0.442655 0.447180 0.001998 1264 8
0.064324 0.993646 0.550642 0.553018 0.002999 1320 10
0.023304 0.919507 0.483509 0.486055 0.001999 1314 9
0.019202 0.982216 0.570199 0.573887 0.001999 1161 9
0.034774 0.997520 0.559709 0.562766 0.003144 1269 9
0.007819 0.996083 0.439184 0.442616 0.003000 1370 10
0.014174 0.929564 0.472000 0.476261 0.001998 1296 9
0.005769 0.972478 0.492295 0.495901 0.002999 1400 8
0.050989 0.972601 0.499896 0.503383 0.002648 1287 9
0.057923 0.944079 0.449030 0.451062 0.003000 1264 8
0.162265 0.983459 0.516448 0.519770 0.001996 1320 8
0.096067 0.952429 0.498343 0.503155 0.002000 1287 9
0.030294 0.978203 0.474227 0.477208 0.002999 1420 10
0.011739 0.981336 0.472986 0.476375 0.002196 1127 7
0.017062 0.981317 0.444552 0.446780 0.001867 1395 9
0.070613 0.935552 0.535660 0.539223 0.001989 1256 8
0.008315 0.896280 0.520403 0.522996 0.001998 1350 9
0.009771 0.990275 0.524450 0.527909 0.002999 1529 11
0.057479 0.959639 0.462450 0.466619 0.002999 1288 8
0.031660 0.994473 0.576084 0.579485 0.002999 1404 9
0.038914 0.962746 0.456004 0.460905 0.003413 1680 12
0.032104 0.965524 0.488106 0.490177 0.001999 1332 9
0.031745 0.996429 0.513971 0.518069 0.002999 1518 11
0.061820 0.999959 0.507436 0.511847 0.003999 1296 8
0.015094 0.936906 0.329458 0.332668 0.001999 1278 9
0.015553 0.986525 0.519943 0.523572 0.003000 1136 8
0.000503 0.892157 0.339800 0.343387 0.002998 1360 10
0.054952 0.983858 0.578538 0.581981 0.006998 2070 15
0.037171 0.987744 0.470586 0.475385 0.001999 1332 9
0.017882 0.909841 0.442143 0.445349 0.002997 1287 9
0.020232 0.999568 0.618495 0.623227 0.002999 1152 8
0.042237 0.994628 0.517508 0.520031 0.003000 1668 12
0.012854 0.959662 0.422658 0.426197 0.002310 1239 7
0.021309 0.987108 0.465744 0.469912 0.002999 1386 9
0.001722 0.966116 0.461292 0.464457 0.003539 1390 10
0.006307 0.989586 0.617106 0.619277 0.005998 1668 12
0.017400 0.973485 0.449135 0.453457 0.004000 1328 8
0.017348 0.958336 0.489839 0.493739 0.002001 1280 8
0.040978 0.882917 0.418468 0.422546 0.002999 1168 8
0.034790 0.982834 0.479068 0.483207 0.002715 1596 12
0.002774 0.975226 0.540119 0.545018 0.003999 1704 12
0.003933 0.985494 0.453234 0.457734 0.002999 1530 10
0.000820 0.983595 0.421992 0.426339 0.001999 1216 8
0.021845 0.990268 0.605415 0.608520 0.003000 1638 13
0.014717 0.995397 0.430141 0.434256 0.002999 1440 10
0.042774 0.996755 0.658850 0.663181 0.002002 1256 8
0.020057 0.970048 0.464247 0.469033 0.002999 1296 9
0.056447 0.984461 0.555679 0.559078 0.003999 2058 14
0.008625 0.967980 0.476140 0.480681 0.002385 1395 9
0.014977 0.991904 0.463642 0.467796 0.001998 1430 10
0.050467 0.958942 0.422741 0.425502 0.001999 1395 9
0.011695 0.982649 0.539385 0.543413 0.002999 1370 10
0.017326 0.992304 0.404438 0.408673 0.001999 1192 8
0.008538 0.997982 0.563414 0.568135 0.002999 1278 9
0.019645 0.808831 0.411066 0.415785 0.003001 1208 8
0.009045 0.970835 0.542370 0.546968 0.002984 1104 8
