0.001545 0.991979 0.467211 0.471849 0.185000 15020 10
0.001483 0.997439 0.495026 0.498409 0.202976 16130 10
0.001117 0.995202 0.518665 0.523220 0.229949 17604 12
0.001628 0.983191 0.467596 0.472007 0.218964 16137 11
0.003813 0.998840 0.499640 0.504427 0.221994 16753 11
0.000026 0.998292 0.528618 0.531746 0.221045 16489 11
0.009079 0.994273 0.505731 0.508304 0.207000 16720 11
0.001562 0.999603 0.493313 0.497155 0.208996 16500 11
0.001027 0.998883 0.527985 0.531334 0.251997 19071 13
0.004144 0.998919 0.492203 0.495788 0.209982 16291 11
0.000307 0.988027 0.463793 0.468424 0.213988 16940 11
0.001637 0.987436 0.532482 0.536623 0.194999 14930 10
0.003581 0.998765 0.488834 0.493074 0.197048 15100 10
0.004785 0.999705 0.503915 0.508390 0.217000 16830 11
0.000395 0.996402 0.487611 0.492470 0.217993 15990 10
0.003281 0.993097 0.502732 0.505741 0.222003 16335 11
0.000490 0.996186 0.488385 0.491066 0.341083 19695 13
0.011737 0.999656 0.508593 0.512085 0.260993 17138 11
0.005634 0.996240 0.520018 0.523348 0.252001 17952 12
0.000582 0.999645 0.527161 0.532101 0.248000 17105 11
0.001289 0.999740 0.456418 0.460760 0.225004 15320 10
0.001356 0.999211 0.484253 0.486569 0.271000 17193 11
0.002753 0.999236 0.503691 0.506664 0.446056 16720 11
0.000458 0.999023 0.513156 0.517035 0.407004 14900 10
0.011858 0.991874 0.499758 0.504732 0.482998 16775 11
0.001020 0.992192 0.498748 0.502771 0.304000 16214 11
0.009148 0.998354 0.530569 0.534253 0.442999 16533 11
0.000140 0.998919 0.489776 0.493192 0.483999 17676 12
0.001194 0.999131 0.467761 0.471647 0.399930 16775 11
0.001886 0.999521 0.490574 0.493352 0.490283 16709 11
0.004663 0.996730 0.501501 0.504376 0.581950 18072 12
0.001638 0.998801 0.478312 0.480870 0.377043 18168 12
0.002705 0.989887 0.501349 0.504836 0.410000 17127 11
0.004557 0.995145 0.492114 0.494413 0.463383 16753 11
0.001837 0.994788 0.481131 0.485485 0.241997 17149 11
0.001921 0.994311 0.513878 0.517211 0.249899 16885 11
0.007004 0.997467 0.500878 0.503911 0.255761 16863 11
0.001292 0.993362 0.503371 0.506504 0.235941 15790 10
0.004147 0.993697 0.527417 0.532262 0.261997 16192 11
0.014338 0.996711 0.521112 0.525790 0.258000 15430 10
0.008480 0.999713 0.471570 0.475742 0.287996 15670 10
0.005138 0.999513 0.489855 0.494583 0.270369 16643 11
0.005506 0.999469 0.493217 0.497426 0.474003 16401 11
0.002681 0.991325 0.510386 0.514717 0.277000 17457 11
0.009022 0.995791 0.518518 0.521437 0.292824 16962 11
0.000377 0.998109 0.526210 0.529183 0.307998 16860 12
0.001997 0.997942 0.464061 0.468518 0.422997 16885 11
0.003614 0.994798 0.497461 0.500661 0.328867 15570 10
0.003228 0.992538 0.490964 0.495064 0.519993 16104 11
0.002528 0.999503 0.507144 0.511127 0.510001 17281 11
0.006935 0.998614 0.529769 0.534148 0.816943 30618 21
0.006980 0.999346 0.490453 0.495203 0.465000 18432 12
0.003664 0.989217 0.465425 0.467901 0.265044 17976 12
0.000554 0.998795 0.515804 0.518527 0.265872 16896 11
0.000292 0.999613 0.501262 0.504263 0.284000 18528 12
0.000957 0.999915 0.519653 0.522682 0.270005 17072 11
0.000878 0.998100 0.473329 0.477254 0.294003 16775 11
0.002858 0.993536 0.476316 0.480364 0.259987 16522 11
0.006286 0.988741 0.494259 0.498221 0.369000 16280 11
0.012520 0.998274 0.505831 0.510021 0.452014 17094 11
0.003976 0.998942 0.498320 0.501820 0.322001 15420 10
0.001532 0.999865 0.514098 0.516430 0.345986 17094 11
0.002568 0.999992 0.492527 0.495800 0.398997 17259 11
0.002411 0.999032 0.470042 0.473865 0.341001 16258 11
0.001884 0.993067 0.512146 0.515778 0.532004 16632 11
0.000377 0.998794 0.490213 0.493938 0.551993 16599 11
0.003000 0.998641 0.495135 0.499317 0.523001 17127 11
0.007902 0.998859 0.511204 0.515638 0.458044 15620 10
0.000634 0.997184 0.523471 0.525569 0.373001 17568 12
0.000984 0.997907 0.506690 0.511626 0.349942 16368 11
0.000626 0.998033 0.519600 0.522861 0.358141 17160 11
0.000977 0.994172 0.489796 0.493019 0.471000 16863 11
0.000789 0.994689 0.490620 0.495014 0.757999 22560 15
0.001544 0.998357 0.512950 0.516821 0.422020 16632 11
0.010671 0.998487 0.537079 0.539380 0.272000 17196 12
0.001209 0.998185 0.472823 0.477168 0.284000 18516 12
0.001255 0.999372 0.518123 0.522818 0.247999 15920 10
0.001671 0.999269 0.507277 0.512226 0.283000 15020 10
0.001326 0.996118 0.522871 0.526056 0.276980 16467 11
0.005471 0.997249 0.476421 0.481353 0.236996 14750 10
0.002917 0.994719 0.495097 0.498246 0.275000 16588 11
0.000318 0.998132 0.505393 0.509737 0.269997 16643 11
0.000269 0.997089 0.481408 0.484616 0.435003 15600 10
0.001063 0.999061 0.489657 0.493193 0.465001 15870 10
0.001046 0.996965 0.491585 0.496258 0.285000 15090 10
0.000317 0.991658 0.472455 0.477099 0.493998 17006 11
0.001846 0.998048 0.475320 0.479657 0.365363 17149 11
0.004584 0.999235 0.491012 0.495258 0.511000 16676 11
0.003961 0.999861 0.488183 0.492124 0.458003 16423 11
0.008440 0.996375 0.503898 0.507274 0.403001 17358 11
0.015831 0.998647 0.535665 0.539196 0.495491 17808 12
0.000327 0.990237 0.471631 0.474811 0.386999 16962 11
0.000911 0.999941 0.470208 0.473296 0.404810 16335 11
0.000151 0.999459 0.482214 0.487047 0.459002 18096 12
0.001531 0.999314 0.512810 0.517530 0.541954 21840 14
0.001069 0.997069 0.520749 0.524565 0.473043 16709 11
0.003026 0.998110 0.512059 0.516444 0.491670 16786 11
0.004305 0.990436 0.485256 0.488364 0.442001 16093 11
0.001527 0.998110 0.467323 0.471857 0.346999 15510 10
0.003881 0.996818 0.498339 0.502226 0.466009 16764 11
