0.006220 0.959306 0.476373 0.478962 0.029031 6120 12
0.001876 0.986238 0.456962 0.459091 0.025999 5357 11
0.023754 0.994290 0.504963 0.507607 0.023982 5050 10
0.003512 0.997589 0.507993 0.511734 0.026991 5676 11
0.015293 0.993262 0.453979 0.457283 0.021998 4617 9
0.000125 0.991057 0.506002 0.507813 0.029993 6357 13
0.001620 0.998448 0.493158 0.496336 0.022007 4770 10
0.013567 0.967648 0.508331 0.512954 0.022997 4910 10
0.003492 0.996173 0.499099 0.503029 0.021982 4640 10
0.000134 0.988667 0.509881 0.512443 0.027033 5760 12
0.008836 0.974095 0.502635 0.505877 0.026999 5832 12
0.006578 0.986502 0.411131 0.415810 0.024000 5190 10
0.015498 0.983607 0.502551 0.505145 0.023035 4923 9
0.001498 0.964268 0.426667 0.430175 0.028026 5808 12
0.016204 0.991494 0.527591 0.529620 0.025002 5390 11
0.010693 0.996826 0.462542 0.466283 0.024804 5200 10
0.015521 0.999149 0.528888 0.531505 0.026517 5330 10
0.007606 0.979769 0.475148 0.477718 0.025034 5324 11
0.007080 0.978263 0.490329 0.494573 0.023991 4905 9
0.000331 0.998483 0.539879 0.544391 0.026033 5478 11
0.006756 0.996550 0.514758 0.518440 0.021999 4563 9
0.000994 0.997277 0.500144 0.504687 0.036000 7665 15
0.002217 0.998547 0.484952 0.488421 0.029999 6591 13
0.016688 0.999813 0.545422 0.549384 0.024999 5508 12
0.010362 0.986478 0.487642 0.491880 0.022000 4716 9
0.029883 0.999502 0.490659 0.494461 0.025031 5258 11
0.001516 0.984081 0.537030 0.539751 0.027204 5748 12
0.027077 0.997588 0.520999 0.524274 0.025951 5555 11
0.003643 0.989320 0.541476 0.545936 0.020280 4302 9
0.016932 0.999616 0.537964 0.541081 0.025746 4810 10
0.014383 0.981522 0.487548 0.492520 0.028958 5247 11
0.008888 0.990859 0.498588 0.501173 0.039412 6526 13
0.001975 0.967773 0.501930 0.506680 0.021094 4518 9
0.000234 0.995241 0.454127 0.457837 0.028002 5654 11
0.002840 0.986967 0.476312 0.479943 0.023999 5000 10
0.005789 0.990560 0.518979 0.522602 0.024000 4930 10
0.001623 0.994534 0.466018 0.469476 0.041027 5290 10
0.017926 0.996641 0.512497 0.515965 0.029041 5130 10
0.012108 0.998272 0.546082 0.548369 0.025999 5380 10
0.004379 0.991793 0.531758 0.536243 0.026005 5258 11
0.002622 0.987047 0.457513 0.460753 0.028999 5940 12
0.019534 0.999703 0.521393 0.524132 0.024960 5104 11
0.001932 0.963726 0.489110 0.493913 0.023999 4995 9
0.000870 0.992111 0.497044 0.500849 0.022769 4760 10
0.002191 0.962115 0.547245 0.551603 0.034103 6539 13
0.000873 0.991274 0.475662 0.479161 0.024000 5170 11
0.008522 0.997912 0.491663 0.496628 0.028003 5844 12
0.003265 0.997387 0.430927 0.434995 0.023994 4970 10
0.016793 0.997777 0.547218 0.551760 0.027001 5863 11
0.005257 0.997147 0.459025 0.463000 0.030998 6060 12
0.002051 0.996728 0.418421 0.422451 0.022986 4833 9
0.005931 0.990725 0.485993 0.489719 0.025033 5090 10
0.024837 0.996591 0.554089 0.558508 0.056999 5640 12
0.005396 0.998371 0.498784 0.503265 0.020998 4365 9
0.012223 0.998620 0.500150 0.504490 0.024999 5260 10
0.001659 0.999344 0.420101 0.424398 0.024000 5225 11
0.005246 0.985892 0.452358 0.454631 0.024997 5280 11
0.002421 0.990289 0.494821 0.499779 0.022000 4830 10
0.001459 0.989578 0.510289 0.515004 0.080054 17908 37
0.002901 0.961187 0.493054 0.497782 0.020998 4338 9
0.004569 0.999306 0.510841 0.514335 0.022999 4840 10
0.013193 0.981705 0.457672 0.462481 0.020264 4401 9
0.010178 0.993495 0.446626 0.449944 0.025999 5302 11
0.001742 0.984714 0.529956 0.534797 0.026999 5797 11
0.004740 0.988774 0.461541 0.465434 0.024009 4950 10
0.009926 0.995816 0.456138 0.459794 0.024947 5400 10
0.003525 0.996425 0.494843 0.498148 0.025095 5170 11
0.003417 0.992555 0.431914 0.436009 0.025000 5250 10
0.000599 0.982201 0.493834 0.497808 0.023999 5170 10
0.012512 0.973339 0.499746 0.504203 0.024000 4960 10
0.010548 0.999433 0.476395 0.479402 0.023999 5120 10
0.003130 0.986831 0.474454 0.479370 0.022000 4590 9
0.009203 0.994138 0.452975 0.456550 0.022998 4700 10
0.009700 0.977024 0.498066 0.501076 0.023996 5150 10
0.010827 0.982957 0.500059 0.504081 0.022999 4730 10
0.002283 0.989991 0.490214 0.494159 0.024991 5330 10
0.009782 0.993073 0.514193 0.517868 0.023035 4770 10
0.007366 0.989493 0.450570 0.454277 0.022967 4870 10
0.006218 0.985175 0.472380 0.476022 0.026001 5676 11
0.009227 0.990508 0.451633 0.456365 0.028999 6266 13
0.000832 0.993359 0.503691 0.506844 0.031992 6888 14
0.017239 0.971092 0.497195 0.499334 0.027913 5456 11
0.016832 0.999079 0.467889 0.470953 0.027000 5412 11
0.007152 0.993995 0.503399 0.507300 0.025037 5258 11
0.007380 0.988186 0.468529 0.472508 0.022999 5000 10
0.004123 0.991539 0.483160 0.487555 0.025891 5522 11
0.014416 0.985098 0.590372 0.594076 0.023000 5060 10
0.018156 0.997814 0.521400 0.525124 0.023000 4910 10
0.024168 0.990099 0.491566 0.495203 0.025999 5580 12
0.003498 0.998763 0.495437 0.498465 0.024999 5390 11
0.003064 0.992069 0.439517 0.443320 0.025999 5621 11
0.009318 0.992985 0.534283 0.538839 0.026050 5310 10
0.013498 0.993636 0.543571 0.546428 0.025555 5269 11
0.007214 0.999023 0.499585 0.504319 0.024000 5160 10
0.006093 0.991592 0.493531 0.497758 0.027000 5467 11
0.027782 0.987613 0.560372 0.565200 0.026000 5489 11
0.001955 0.987203 0.513952 0.518193 0.025999 5400 10
0.001935 0.967361 0.451016 0.454628 0.026998 5700 12
0.009284 0.998434 0.508736 0.512371 0.021998 4581 9
0.001429 0.991844 0.522166 0.526330 0.027000 5712 12
