0.001363 0.999548 0.482763 0.485887 1.220996 28105 11
0.001400 0.998790 0.506475 0.510811 0.626005 27632 11
0.002528 0.998931 0.506171 0.509749 1.506943 30120 12
0.007475 0.998843 0.507186 0.510682 1.420986 28171 11
0.005451 0.999720 0.496396 0.501259 1.381184 27929 11
0.003916 0.997390 0.502280 0.507090 1.436094 30144 12
0.000276 0.996197 0.549904 0.552669 1.359110 30108 12
0.003225 0.998596 0.513583 0.517549 1.399059 25990 10
0.004824 0.997303 0.502578 0.506733 1.500447 31104 12
0.001740 0.997803 0.482531 0.486804 1.556482 30468 12
0.000473 0.997092 0.470454 0.473891 1.176063 28017 11
0.001318 0.994902 0.484402 0.487002 0.999999 27852 11
0.001210 0.998505 0.497020 0.501550 1.053916 26895 11
0.001503 0.998345 0.500551 0.504019 1.158000 27522 11
0.001221 0.997825 0.512519 0.516445 1.270185 25690 10
0.002996 0.998136 0.487434 0.490859 1.124877 28600 11
0.004119 0.996343 0.486902 0.491324 1.462993 28413 11
0.002125 0.999291 0.517664 0.522434 1.347995 30732 12
0.001649 0.994855 0.490881 0.495268 1.024180 27434 11
0.001839 0.996458 0.516036 0.519847 1.121506 25500 10
0.001428 0.998541 0.503153 0.507968 1.200606 26210 10
0.002190 0.999428 0.490167 0.493864 1.513781 27797 11
0.000405 0.999383 0.466911 0.471858 1.433489 33033 13
0.000643 0.998403 0.479166 0.482009 1.264233 27709 11
0.002028 0.998209 0.494310 0.497036 1.426099 28347 11
0.000542 0.999066 0.488008 0.491858 1.268520 26630 10
0.003005 0.999023 0.519742 0.523598 1.366805 27918 11
0.000127 0.997580 0.503702 0.506731 1.263200 29832 12
0.000787 0.999806 0.499980 0.504317 1.398175 27709 11
0.002170 0.994410 0.507894 0.511036 1.456761 30540 12
0.001173 0.999574 0.474053 0.476821 1.321574 28831 11
0.001410 0.998541 0.493601 0.498264 1.273039 25470 10
0.000487 0.995533 0.528890 0.532326 1.341041 27577 11
0.006858 0.998561 0.495097 0.498216 1.615000 30144 12
0.000497 0.999395 0.474982 0.479949 0.979996 29051 11
0.000767 0.994676 0.473399 0.476931 1.220941 27731 11
0.000433 0.997740 0.495838 0.498995 1.228970 30996 12
0.002634 0.997919 0.518225 0.522606 1.378788 28182 11
0.000510 0.998982 0.471981 0.475993 1.340884 28292 11
0.001197 0.997758 0.552344 0.555552 1.347438 29412 12
0.001216 0.997548 0.490449 0.492402 1.629214 31692 12
0.005070 0.996717 0.465039 0.468006 1.425967 32474 13
0.003314 0.990359 0.496705 0.499593 1.471030 30108 12
0.001144 0.999799 0.504685 0.509518 1.303833 26785 11
0.000463 0.996660 0.498690 0.501134 1.215873 30696 12
0.000513 0.997800 0.469820 0.474316 1.473958 28567 11
0.000393 0.999178 0.497282 0.501381 1.343232 28292 11
0.004820 0.996129 0.491886 0.495078 1.643677 32760 13
0.002262 0.999996 0.521877 0.526032 1.358711 28149 11
0.001984 0.999781 0.474230 0.477280 1.325120 30168 12
0.000320 0.997923 0.487149 0.491550 1.256857 25410 10
0.003159 0.998843 0.511504 0.515257 0.643403 28127 11
0.000064 0.996715 0.504606 0.509602 0.735744 27764 11
0.008503 0.998903 0.498262 0.500656 0.718312 28860 12
0.001066 0.997630 0.510167 0.513231 0.696471 27764 11
0.001790 0.996808 0.480761 0.484134 0.783495 30480 12
0.001635 0.997883 0.514329 0.518923 0.686617 26642 11
0.002227 0.996299 0.497202 0.501291 0.710371 27764 11
0.003338 0.999763 0.497940 0.501190 0.743707 28336 11
0.002985 0.995943 0.511259 0.514463 0.726102 27951 11
0.001143 0.995631 0.500377 0.504705 0.718216 28028 11
0.007070 0.997345 0.489594 0.493857 0.778976 28468 11
0.000865 0.998101 0.494409 0.497905 0.713506 27390 11
0.002260 0.998644 0.468720 0.472143 0.870471 33657 13
0.000825 0.998122 0.487309 0.490421 0.705065 26840 11
0.008666 0.999327 0.504060 0.508349 0.712357 27588 11
0.001693 0.999829 0.475243 0.478849 0.709911 28083 11
0.000232 0.995904 0.513052 0.515155 0.945225 35196 14
0.001958 0.999880 0.482179 0.484718 0.698877 27951 11
0.000547 0.998688 0.489399 0.494162 0.803192 27126 11
0.000517 0.998629 0.500005 0.503863 0.777934 29244 12
0.007681 0.999141 0.492739 0.495452 0.855539 32799 13
0.004759 0.996155 0.496577 0.500255 0.779179 30876 12
0.002626 0.999612 0.488575 0.491226 0.723247 27874 11
0.002292 0.999836 0.461165 0.465904 0.708620 27797 11
0.002970 0.998479 0.515981 0.520979 0.733050 27973 11
0.001953 0.999307 0.517463 0.520294 0.753954 30324 12
0.002037 0.994522 0.506671 0.509386 0.808337 32279 13
0.001423 0.997263 0.489399 0.492937 0.689162 27412 11
0.001394 0.999039 0.482596 0.485625 0.782784 30336 12
0.000055 0.999518 0.502116 0.507023 0.781460 30372 12
0.000098 0.997088 0.492486 0.496007 0.749555 29447 11
0.006061 0.998174 0.505707 0.509888 0.620403 27456 11
0.001970 0.998888 0.491451 0.496252 0.652117 30264 12
0.004861 0.999881 0.501935 0.504463 0.648991 30552 12
0.000652 0.998223 0.486358 0.489868 1.006041 28622 11
0.004352 0.998380 0.472764 0.475351 0.945994 33722 13
0.000586 0.998823 0.507451 0.511537 0.783953 27643 11
0.000939 0.996594 0.526806 0.531292 0.798947 28072 11
0.004293 0.998873 0.494722 0.498142 0.797999 28435 11
0.002965 0.997088 0.494831 0.497404 1.047048 28083 11
0.003564 0.997533 0.490179 0.493794 1.044002 30204 12
0.000435 0.996131 0.488191 0.493025 1.110004 27643 11
0.000489 0.998467 0.512161 0.516413 1.020995 29640 12
0.000454 0.999782 0.491921 0.494214 0.883989 30480 12
0.000460 0.999979 0.494340 0.499059 0.772110 27588 11
0.003863 0.995175 0.498822 0.503212 0.781986 27632 11
0.001876 0.997213 0.505756 0.508786 0.887259 30648 12
0.000597 0.999792 0.527085 0.531253 0.854995 30408 12
0.001580 0.999700 0.504315 0.506786 0.854980 30060 12
