0.024297 0.939342 0.519877 0.524373 0.000998 424 8
0.292605 0.984834 0.804412 0.807861 0.000000 252 6
0.183704 0.991980 0.637636 0.640291 0.001007 450 9
0.049143 0.980853 0.583724 0.586468 0.001067 460 10
0.050956 0.964425 0.514448 0.517815 0.000000 260 5
0.046646 0.755425 0.377624 0.381043 0.000000 352 8
0.103215 0.940897 0.416354 0.421275 0.000999 429 11
0.083795 0.790161 0.499973 0.504720 0.000000 360 9
0.055996 0.949870 0.332602 0.335787 0.000998 342 9
0.012256 0.703126 0.367888 0.371345 0.000000 252 6
0.154097 0.970587 0.433553 0.436986 0.000000 360 8
0.050687 0.979490 0.568037 0.571072 0.001001 368 8
0.045473 0.903701 0.500155 0.502485 0.000000 308 7
0.022512 0.948574 0.360234 0.364024 0.000999 258 6
0.009251 0.885758 0.361283 0.363949 0.000000 405 9
0.320770 0.971205 0.593760 0.598597 0.000000 624 13
0.166504 0.969446 0.453604 0.457816 0.000000 344 8
0.040936 0.781550 0.501093 0.505956 0.000738 400 10
0.093342 0.618358 0.341080 0.344039 0.000999 360 9
0.114793 0.973185 0.559734 0.562659 0.000794 451 11
0.056062 0.805200 0.387619 0.390909 0.000000 320 8
0.125258 0.950486 0.610038 0.613815 0.000000 306 6
0.203858 0.953387 0.546402 0.548938 0.000000 252 6
0.086105 0.997872 0.586695 0.591597 0.000254 343 7
0.010936 0.969735 0.704820 0.709150 0.000572 252 7
0.029626 0.880518 0.467831 0.470986 0.000000 294 6
0.100390 0.991932 0.510165 0.514320 0.000000 380 10
0.034758 0.952298 0.485601 0.489810 0.000000 369 9
0.007142 0.860099 0.391886 0.395939 0.000889 680 20
0.083535 0.953966 0.355127 0.357787 0.001001 240 5
0.020859 0.656067 0.360138 0.363474 0.001000 378 9
0.231728 0.883733 0.455014 0.458642 0.000000 376 8
0.174955 0.867133 0.488469 0.492535 0.000000 387 9
0.081615 0.904991 0.683885 0.687762 0.000000 306 9
0.340969 0.877767 0.598024 0.600342 0.000999 343 7
0.048978 0.776262 0.562010 0.566346 0.000000 376 8
0.020326 0.998514 0.490939 0.493529 0.000000 369 9
0.044761 0.910565 0.570265 0.573874 0.000000 369 9
0.194247 0.985566 0.535631 0.538685 0.000000 368 8
0.163826 0.988336 0.519022 0.522769 0.000770 351 9
0.046175 0.924423 0.479076 0.482108 0.000745 329 7
0.000705 0.948465 0.398455 0.402495 0.001000 352 8
0.039034 0.961255 0.572408 0.577324 0.001001 252 6
0.007317 0.982285 0.405274 0.409895 0.000000 294 7
0.091476 0.851080 0.490003 0.493007 0.000000 344 8
0.006233 0.978945 0.656002 0.660684 0.000000 304 8
0.129584 0.949951 0.662569 0.666706 0.001039 517 11
0.021194 0.835116 0.510475 0.515335 0.000000 266 7
0.153603 0.791645 0.408875 0.411471 0.000000 246 6
0.060648 0.976030 0.454697 0.458200 0.000999 343 7
0.037025 0.878098 0.362341 0.366488 0.000000 405 9
0.025388 0.904105 0.562231 0.565281 0.000000 315 7
0.222971 0.951393 0.509220 0.512298 0.001039 414 9
0.097971 0.914222 0.483784 0.487628 0.000998 376 8
0.200576 0.970624 0.540567 0.544185 0.000000 315 7
0.207612 0.983286 0.677889 0.681494 0.000000 282 6
0.005279 0.966140 0.348675 0.353629 0.000828 357 7
0.181844 0.927466 0.452073 0.455441 0.000000 294 7
0.016261 0.860697 0.386750 0.391469 0.000000 360 8
0.051512 0.800021 0.353250 0.356491 0.000000 368 8
0.000839 0.938038 0.525299 0.528193 0.000000 405 9
0.025275 0.781861 0.409084 0.412586 0.000680 343 7
0.031132 0.680190 0.295031 0.298442 0.000000 336 7
0.032424 0.873708 0.385295 0.387588 0.000000 308 7
0.275134 0.943767 0.569231 0.573667 0.001000 494 13
0.012158 0.857535 0.503192 0.507872 0.000000 336 8
0.268920 0.976297 0.504902 0.507982 0.000000 312 6
0.249621 0.871925 0.582046 0.584117 0.001000 306 6
0.249825 0.915685 0.426878 0.430501 0.000000 378 9
0.047084 0.941467 0.451922 0.455242 0.000000 329 7
0.250326 0.974605 0.674651 0.679361 0.000000 282 6
0.201335 0.956612 0.621721 0.624640 0.000000 423 9
0.053231 0.837058 0.501666 0.504643 0.001000 360 8
0.023199 0.957338 0.599150 0.601976 0.000996 414 9
0.003970 0.954398 0.374489 0.378657 0.000000 343 7
0.612506 0.974878 0.804592 0.807396 0.000945 351 9
0.026029 0.771373 0.426092 0.428828 0.000000 264 6
0.098664 0.932546 0.437356 0.442298 0.000804 520 13
0.028193 0.764142 0.326404 0.329627 0.000000 343 7
0.082658 0.972585 0.602016 0.605360 0.000845 328 8
0.038115 0.758607 0.500294 0.503437 0.000000 318 6
0.052419 0.792675 0.343949 0.347161 0.000865 282 6
0.055666 0.984710 0.662010 0.665834 0.001000 312 8
0.022068 0.861757 0.428015 0.432625 0.000000 378 9
0.049055 0.984724 0.569783 0.573557 0.000000 392 8
0.035515 0.882392 0.498670 0.502120 0.000797 270 6
0.151596 0.883410 0.528250 0.530671 0.000000 328 8
0.115425 0.644065 0.363987 0.365973 0.001005 260 5
0.000753 0.911044 0.413582 0.416515 0.000000 368 8
0.001736 0.962675 0.653990 0.657453 0.000000 312 6
0.029825 0.983499 0.516670 0.521035 0.000000 288 6
0.170275 0.973660 0.508148 0.511199 0.001000 486 9
0.037268 0.752622 0.395039 0.398903 0.000851 344 8
0.193625 0.963161 0.513833 0.516514 0.000000 288 8
0.074223 0.971183 0.654806 0.659359 0.001000 360 8
0.147522 0.992291 0.491028 0.493799 0.001001 459 9
0.002910 0.733230 0.394201 0.397187 0.000000 308 7
0.067497 0.838066 0.466724 0.471037 0.000000 336 7
0.035618 0.856289 0.432254 0.436992 0.000982 328 8
0.092628 0.567488 0.325570 0.327603 0.000000 287 7
