0.011117 0.999994 0.533878 0.536428 0.005000 2110 10
0.040660 0.937727 0.415448 0.420429 0.003538 1576 8
0.027230 0.972746 0.527318 0.532055 0.004798 1746 9
0.023195 0.992696 0.478260 0.481149 0.005278 1656 9
0.005700 0.973040 0.481756 0.485539 0.006040 2172 12
0.019526 0.965972 0.497670 0.500871 0.003964 1950 10
0.024327 0.988178 0.457752 0.462269 0.003996 1608 8
0.012907 0.991047 0.506267 0.508861 0.004985 1790 10
0.065494 0.965316 0.503844 0.507801 0.004961 1836 9
0.008159 0.994402 0.542739 0.547515 0.004001 1848 8
0.009428 0.956613 0.528110 0.531483 0.004006 1900 10
0.017627 0.998780 0.502799 0.507007 0.004012 1764 9
0.062901 0.980269 0.558982 0.563698 0.003975 1584 8
0.017437 0.982846 0.568046 0.572254 0.003999 1602 9
0.020714 0.970904 0.438486 0.440979 0.005007 2190 10
0.010717 0.982773 0.492182 0.495701 0.005018 2123 11
0.021523 0.991846 0.532431 0.536535 0.003960 1737 9
0.016180 0.994320 0.565475 0.568881 0.005004 2080 10
0.039769 0.978511 0.502584 0.506816 0.002999 1566 9
0.007702 0.931250 0.488461 0.491779 0.003999 1810 10
0.019306 0.975378 0.415916 0.418876 0.005007 2101 11
0.003381 0.994044 0.502531 0.507427 0.004475 1836 9
0.034972 0.989674 0.516094 0.519304 0.005009 1991 11
0.007200 0.991564 0.561015 0.563866 0.004000 2000 10
0.070532 0.997506 0.533331 0.536178 0.004999 2080 10
0.007465 0.998379 0.460261 0.463482 0.003963 1683 9
0.018366 0.974653 0.592170 0.596595 0.004994 2020 10
0.032969 0.988773 0.517644 0.520684 0.004313 1870 10
0.047643 0.972923 0.599340 0.601904 0.003999 1920 10
0.018410 0.998288 0.533329 0.537834 0.003998 1647 9
0.007065 0.989968 0.528609 0.531529 0.003868 1809 9
0.000977 0.977886 0.466645 0.471311 0.002995 1504 8
0.003641 0.977536 0.510400 0.513274 0.003998 1917 9
0.004427 0.993821 0.535310 0.538498 0.005034 1950 10
0.025973 0.987708 0.544246 0.547462 0.005162 2178 11
0.004276 0.999205 0.556514 0.560398 0.002999 1632 8
0.009876 0.992404 0.532604 0.536873 0.005037 2134 11
0.004141 0.989444 0.477550 0.482137 0.003963 1845 9
0.071592 0.990342 0.524029 0.526789 0.004000 1764 9
0.017193 0.961414 0.460021 0.462534 0.004997 2222 11
0.065834 0.986563 0.482990 0.486381 0.004040 1728 8
0.042779 0.958460 0.496194 0.500634 0.004042 2000 10
0.026131 0.990907 0.617602 0.621209 0.005008 1890 10
0.002778 0.946210 0.393233 0.397231 0.004987 2112 11
0.034205 0.998197 0.509358 0.512353 0.003954 1776 8
0.100260 0.992499 0.526623 0.530824 0.002995 1505 7
0.078312 0.976988 0.532148 0.535869 0.007003 1809 9
0.001805 0.987039 0.354903 0.357465 0.005043 1791 9
0.013735 0.983563 0.533828 0.537672 0.004996 2079 11
0.033295 0.998240 0.460202 0.463935 0.003998 1600 8
0.003260 0.993498 0.441062 0.443021 0.004155 1944 9
0.004002 0.977083 0.503506 0.507075 0.005999 1818 9
0.042210 0.965250 0.599835 0.603128 0.007035 3168 16
0.002511 0.993585 0.538834 0.540679 0.003997 1840 10
0.035259 0.992192 0.488464 0.490821 0.004831 2080 10
0.020703 0.997495 0.599035 0.603418 0.005002 2013 11
0.007181 0.999572 0.495982 0.499597 0.004961 2233 11
0.068907 0.983529 0.582836 0.585134 0.003999 1764 9
0.022722 0.985524 0.462241 0.465762 0.004999 1854 9
0.099836 0.999787 0.589144 0.591522 0.005001 1970 10
0.017768 0.897887 0.439890 0.442522 0.005454 1908 9
0.017758 0.985319 0.493485 0.496886 0.004537 1800 9
0.032819 0.988095 0.445844 0.448640 0.005000 2050 10
0.005111 0.981877 0.475308 0.478730 0.005000 1845 9
0.039053 0.975973 0.538357 0.541734 0.005002 1664 8
0.000824 0.971799 0.537124 0.541983 0.004998 1827 9
0.002439 0.945931 0.455545 0.459375 0.004383 1971 9
0.027860 0.996942 0.551589 0.554496 0.003998 1760 8
0.005384 0.985063 0.471958 0.474044 0.004999 1960 10
0.004925 0.988238 0.528356 0.531580 0.005999 2522 13
0.107107 0.996467 0.467493 0.472003 0.004739 1854 9
0.020724 0.962704 0.529624 0.533331 0.003997 1656 9
0.018897 0.962170 0.558085 0.562621 0.004000 1818 9
0.000639 0.998596 0.440869 0.445531 0.005996 1809 9
0.118141 0.910607 0.508299 0.510736 0.005000 1870 10
0.054871 0.982931 0.557717 0.562468 0.004999 1773 9
0.021856 0.960805 0.400893 0.404468 0.006313 2376 12
0.025708 0.984079 0.451249 0.455752 0.004093 1560 8
0.021012 0.822547 0.399161 0.403170 0.007008 1620 9
0.020821 0.983617 0.584245 0.586672 0.007962 2010 10
0.006475 0.980721 0.543080 0.545504 0.004998 1962 9
0.037068 0.964579 0.518676 0.522040 0.003999 1890 9
0.009487 0.995671 0.602260 0.606742 0.007015 2508 12
0.029536 0.960131 0.447504 0.450048 0.003999 1638 9
0.010532 0.991940 0.455018 0.457817 0.004046 1800 9
0.033833 0.982844 0.475371 0.479552 0.004998 1910 10
0.000143 0.997859 0.548236 0.553116 0.004999 1624 8
0.040457 0.957674 0.527656 0.531688 0.007000 2249 13
0.005212 0.986882 0.533146 0.535619 0.004999 1791 9
0.028757 0.970683 0.345076 0.348454 0.003999 1800 9
0.037877 0.974351 0.571772 0.574495 0.005998 1960 10
0.035364 0.944316 0.480966 0.485934 0.008105 1930 10
0.019963 0.999343 0.449413 0.454202 0.007648 1900 10
0.047320 0.985558 0.494291 0.496786 0.004937 2354 11
0.024097 0.991898 0.496785 0.501270 0.005999 2324 14
0.015117 0.994873 0.535081 0.538688 0.005000 1896 8
0.034545 0.970107 0.465904 0.470010 0.004999 1800 9
0.001171 0.986352 0.343357 0.347309 0.004000 1908 9
0.072034 0.973990 0.550687 0.554900 0.002998 1548 9
0.004374 0.989593 0.576077 0.579921 0.004999 2068 11
