0.021541 0.989570 0.514832 0.519494 0.082999 9910 10
0.000089 0.991133 0.467028 0.470038 0.100009 11640 12
0.006651 0.998301 0.514700 0.518854 0.089999 10791 11
0.001700 0.992404 0.490568 0.493075 0.098216 11374 11
0.002682 0.998337 0.559798 0.562483 0.092008 10725 11
0.000143 0.998019 0.473558 0.476335 0.100000 12120 12
0.005878 0.994588 0.512050 0.516008 0.088323 10010 10
0.011206 0.996679 0.531058 0.535045 0.176031 19760 20
0.000275 0.998696 0.500877 0.503148 0.084996 9910 10
0.009602 0.997538 0.518461 0.521892 0.091003 10901 11
0.007640 0.994651 0.501308 0.505336 0.102997 12012 12
0.002745 0.997428 0.488647 0.491420 0.094001 11220 11
0.001334 0.991000 0.469206 0.473857 0.096000 11652 12
0.012939 0.999493 0.493865 0.498660 0.084990 10030 10
0.000653 0.999148 0.453868 0.458698 0.089475 9891 9
0.007145 0.997540 0.489859 0.493083 0.087001 10150 10
0.008024 0.993868 0.518646 0.522079 0.096035 10945 11
0.008418 0.999786 0.499511 0.502628 0.099005 11400 12
0.008342 0.991190 0.533907 0.537595 0.093000 11011 11
0.002912 0.996155 0.490931 0.495659 0.086035 9960 10
0.000833 0.996604 0.506044 0.510165 0.117606 13000 13
0.003216 0.984207 0.477907 0.481423 0.089980 10380 10
0.005282 0.995861 0.518700 0.521792 0.096051 10857 11
0.015856 0.994106 0.476623 0.479889 0.098992 11154 11
0.022212 0.993779 0.505774 0.510325 0.083000 9810 10
0.007005 0.996574 0.452496 0.455694 0.095999 10210 10
0.001713 0.993760 0.497400 0.501874 0.102923 10967 11
0.005414 0.999041 0.500198 0.503884 0.098002 11121 11
0.000441 0.994260 0.474060 0.477259 0.107043 12060 12
0.001462 0.996825 0.500711 0.504113 0.121003 12415 13
0.010737 0.996271 0.482092 0.486459 0.106968 10648 11
0.006129 0.998038 0.484590 0.489138 0.102000 10989 11
0.004995 0.999864 0.542069 0.545124 0.163002 11928 12
0.000741 0.987838 0.513771 0.517785 0.089003 9342 9
0.003230 0.999754 0.479374 0.481793 0.133942 13559 13
0.003315 0.994475 0.523686 0.528245 0.088039 10080 10
0.003692 0.990219 0.466520 0.469555 0.087999 9650 10
0.013527 0.986127 0.498512 0.502111 0.100047 11352 11
0.012036 0.990336 0.547862 0.552854 0.096041 10160 10
0.003570 0.998174 0.505779 0.508997 0.141006 10912 11
0.005488 0.984647 0.486199 0.490238 0.310989 25475 25
0.001030 0.999585 0.508909 0.513191 0.175001 10582 11
0.004459 0.995475 0.523641 0.526869 0.130993 10250 10
0.003543 0.978613 0.487118 0.491854 0.126990 10350 10
0.009473 0.999174 0.501407 0.504200 0.126002 10270 10
0.001522 0.996755 0.456418 0.459087 0.153994 11820 12
0.004786 0.999722 0.529246 0.533328 0.125945 10240 10
0.004409 0.999041 0.460275 0.463545 0.124000 10530 10
0.004950 0.995340 0.473198 0.477138 0.131004 11220 11
0.003451 0.993618 0.496280 0.500267 0.142000 10340 11
0.001714 0.998284 0.499711 0.502048 0.097044 10725 11
0.001383 0.998249 0.518228 0.522877 0.126997 10210 10
0.005529 0.999714 0.494376 0.498141 0.138986 11209 11
0.004084 0.990095 0.522112 0.526706 0.130037 11176 11
0.004908 0.997380 0.493648 0.496631 0.145999 10989 11
0.000446 0.990063 0.483356 0.486665 0.137652 10978 11
0.015057 0.996136 0.509813 0.514600 0.135987 10527 11
0.004713 0.999461 0.506954 0.511136 0.189000 10180 10
0.002806 0.997586 0.495983 0.500966 0.133956 11187 11
0.001213 0.994356 0.471322 0.474672 0.136943 10956 11
0.004561 0.999716 0.467861 0.472014 0.177335 10020 10
0.000750 0.996584 0.478694 0.481619 0.111965 11627 11
0.000880 0.992063 0.480113 0.484388 0.108041 10758 11
0.001714 0.999161 0.467983 0.471019 0.132947 10967 11
0.012112 0.995424 0.498401 0.503023 0.143986 10692 11
0.001183 0.987995 0.499460 0.504266 0.127991 10010 10
0.009214 0.990710 0.478535 0.481276 0.161538 12324 12
0.016928 0.996421 0.525672 0.530231 0.123042 9860 10
0.004619 0.996276 0.478823 0.481756 0.165055 12078 11
0.007913 0.999686 0.479145 0.481886 0.121752 11451 11
0.018518 0.989295 0.520288 0.523255 0.201015 10989 11
0.005765 0.985682 0.491046 0.495389 0.157045 10380 10
0.001010 0.999008 0.449340 0.453102 0.096001 10659 11
0.005330 0.985217 0.442784 0.446775 0.190999 10480 10
0.006624 0.998879 0.470340 0.474900 0.162999 13143 13
0.012867 0.991987 0.484538 0.487725 0.171050 11704 11
0.000873 0.998089 0.536239 0.540040 0.103042 11022 11
0.002295 0.991110 0.513470 0.516441 0.214002 10560 11
0.001365 0.988831 0.448921 0.453642 0.099950 9180 9
0.006743 0.994871 0.484419 0.486778 0.219011 12540 12
0.002294 0.997471 0.458762 0.462226 0.119657 10780 11
0.003787 0.997638 0.447856 0.451592 0.122988 10000 10
0.003807 0.977022 0.450261 0.455170 0.120988 10570 10
0.011043 0.997541 0.505370 0.509361 0.183998 10747 11
0.004010 0.996286 0.493493 0.497303 0.134995 10923 11
0.006964 0.996211 0.481275 0.484441 0.109045 11520 12
0.005386 0.999817 0.523872 0.526592 0.128033 10470 10
0.000096 0.996542 0.495875 0.500131 0.179996 10110 10
0.001500 0.999443 0.507540 0.512052 0.214947 10890 11
0.019615 0.999326 0.520912 0.522674 0.158429 13598 13
0.001157 0.999328 0.489813 0.494594 0.184903 11077 11
0.010978 0.998545 0.481911 0.484819 0.154984 11473 11
0.001832 0.999521 0.485005 0.489761 0.137000 10681 11
0.002010 0.968951 0.504284 0.508186 0.205045 14462 14
0.010331 0.999895 0.524801 0.528313 0.132056 10260 10
0.001262 0.993175 0.502645 0.507011 0.120946 9980 10
0.013783 0.999022 0.505743 0.510668 0.144990 10290 10
0.005019 0.988216 0.480673 0.483458 0.113276 12048 12
0.006663 0.998625 0.488348 0.493347 0.165985 10090 10
0.007503 0.998703 0.466370 0.469524 0.122987 11868 12
