0.000898 0.994966 0.497474 0.501756 0.006000 2136 8
0.029098 0.968190 0.504578 0.507357 0.007883 2440 10
0.015441 0.990646 0.482640 0.486478 0.006270 2350 10
0.019662 0.970282 0.460454 0.464449 0.007015 2376 9
0.023174 0.967516 0.479508 0.481920 0.007058 2510 10
0.016978 0.994292 0.488878 0.493132 0.007005 2370 10
0.023368 0.973107 0.561348 0.566119 0.005734 2106 9
0.009453 0.992971 0.501093 0.505861 0.007010 2673 11
0.007575 0.993707 0.552559 0.556729 0.009048 3146 13
0.010146 0.952081 0.497316 0.501605 0.006964 2304 9
0.036359 0.981384 0.543822 0.546717 0.008020 2650 10
0.007851 0.979176 0.467135 0.470963 0.006023 2120 8
0.019309 0.983017 0.426350 0.429052 0.006002 2240 8
0.043918 0.976994 0.499475 0.501598 0.007054 2706 11
0.044384 0.989259 0.516714 0.520799 0.004999 1920 8
0.011156 0.961748 0.492694 0.496223 0.006037 2043 9
0.023257 0.970243 0.506237 0.509167 0.006000 2457 9
0.017677 0.971953 0.477953 0.480568 0.007998 2816 11
0.056504 0.987950 0.507425 0.510398 0.006999 2816 11
0.049445 0.996610 0.565761 0.569465 0.007858 3096 12
0.029070 0.979556 0.448582 0.452299 0.007000 2530 10
0.044645 0.984936 0.477502 0.481952 0.005996 2331 9
0.022837 0.996715 0.613959 0.617798 0.007000 2519 11
0.011494 0.913968 0.518366 0.520621 0.008189 2976 12
0.039194 0.990853 0.587269 0.591939 0.005997 2016 8
0.025746 0.974089 0.485095 0.489752 0.007316 2530 10
0.003585 0.989769 0.486790 0.491387 0.014998 5850 25
0.010218 0.977948 0.499330 0.502334 0.005999 2169 9
0.015625 0.923204 0.446323 0.451148 0.006999 2610 10
0.011855 0.994728 0.436388 0.438394 0.007000 2550 10
0.045435 0.979678 0.543715 0.546774 0.005999 2142 9
0.001458 0.985753 0.483259 0.487594 0.007000 2730 10
0.016509 0.998351 0.507730 0.511322 0.006000 2618 11
0.001588 0.957457 0.432254 0.436008 0.006000 2340 9
0.015986 0.988142 0.592442 0.597293 0.007000 2690 10
0.009560 0.996769 0.390451 0.395157 0.006999 2470 10
0.005789 0.997442 0.550508 0.554406 0.005999 2214 9
0.096272 0.987020 0.523735 0.527279 0.008000 2784 12
0.015514 0.997976 0.472555 0.475120 0.007052 2630 10
0.033476 0.971092 0.519422 0.522111 0.007000 2590 10
0.020890 0.989271 0.441202 0.445850 0.006000 2304 9
0.000216 0.971391 0.527502 0.530748 0.007859 2808 12
0.024653 0.982145 0.473208 0.475815 0.007001 2394 9
0.016959 0.979625 0.507940 0.511505 0.006047 2124 9
0.007824 0.993805 0.464798 0.468000 0.006999 2590 10
0.003578 0.949975 0.477026 0.480799 0.006003 2360 10
0.002001 0.997569 0.484803 0.487772 0.007001 2470 10
0.019618 0.998626 0.491525 0.495557 0.006000 2088 9
0.003194 0.989153 0.401609 0.406447 0.008000 2560 10
0.009031 0.955498 0.574890 0.579275 0.006998 2310 10
0.001324 0.984559 0.537792 0.541611 0.005999 2061 9
0.007878 0.964997 0.487014 0.491549 0.011020 2300 10
0.021682 0.987221 0.530383 0.534132 0.006960 2115 9
0.036381 0.990359 0.516895 0.519278 0.006000 2124 9
0.017269 0.955129 0.520242 0.522810 0.006999 2048 8
0.069004 0.926304 0.482945 0.486754 0.007000 2541 11
0.059613 0.913993 0.424510 0.427181 0.006032 2205 9
0.027880 0.996543 0.541513 0.545214 0.006851 2450 10
0.002017 0.990260 0.538350 0.541680 0.006000 2120 8
0.016655 0.989371 0.546369 0.549873 0.006999 2660 10
0.033229 0.950122 0.505618 0.508308 0.007003 2470 10
0.056906 0.992544 0.516250 0.519685 0.008001 2596 11
0.020323 0.975148 0.521922 0.526375 0.009000 1976 8
0.021376 0.971200 0.446793 0.450782 0.007000 2610 10
0.071927 0.998675 0.553874 0.557749 0.007019 2295 9
0.011108 0.975678 0.501861 0.505196 0.009000 2320 10
0.004231 0.988345 0.411466 0.415138 0.012003 2640 11
0.010732 0.945476 0.447930 0.450868 0.010006 2032 8
0.003092 0.990708 0.591908 0.594748 0.007002 2640 11
0.052368 0.836392 0.467938 0.471198 0.006993 2160 9
0.014920 0.953025 0.466482 0.470313 0.006020 2128 8
0.005597 0.979509 0.410084 0.413662 0.008001 2700 12
0.003366 0.992093 0.455887 0.460284 0.005950 2124 9
0.024026 0.947074 0.446628 0.451326 0.006580 2277 9
0.000369 0.954697 0.438443 0.441381 0.006995 2400 10
0.018986 0.990902 0.502573 0.506229 0.005909 2268 9
0.017054 0.997288 0.424611 0.427871 0.007000 2440 10
0.026495 0.965945 0.472050 0.475041 0.007372 2520 10
0.006287 0.989020 0.451895 0.456628 0.006994 2295 9
0.020030 0.951602 0.465398 0.468501 0.006999 2343 11
0.026150 0.999481 0.531723 0.536633 0.013003 2844 12
0.019770 0.988388 0.435401 0.439564 0.006001 2072 8
0.001451 0.956689 0.471283 0.474657 0.006999 2570 10
0.001470 0.966145 0.490357 0.494989 0.006055 2304 9
0.000917 0.994418 0.512937 0.515887 0.008000 2724 12
0.015978 0.994624 0.494264 0.498034 0.007023 2367 9
0.007562 0.997310 0.511999 0.514134 0.006000 2440 10
0.013753 0.999497 0.490499 0.492997 0.007000 2480 10
0.009484 0.998532 0.515999 0.519319 0.007000 2618 11
0.032335 0.997100 0.525758 0.530352 0.008000 2928 12
0.022145 0.996016 0.587703 0.591102 0.006517 2295 9
0.009534 0.980559 0.525040 0.528563 0.010000 2250 9
0.046148 0.999508 0.523931 0.528037 0.007999 2192 8
0.037977 0.931556 0.475345 0.480078 0.006114 2403 9
0.097224 0.999394 0.556011 0.560060 0.005998 2412 9
0.017564 0.964312 0.492820 0.496827 0.006000 2169 9
0.024314 0.977507 0.488714 0.492681 0.007000 2295 9
0.004807 0.989957 0.464014 0.468966 0.008000 3036 11
0.003002 0.971371 0.532901 0.535330 0.008034 2834 13
0.013239 0.984896 0.496764 0.498834 0.013000 2673 11
