0.005444 0.995252 0.502507 0.506945 0.389000 22495 11
0.004597 0.999572 0.500119 0.504856 0.404060 22506 11
0.005671 0.999669 0.509131 0.513510 0.650002 19980 10
0.001167 0.998492 0.505473 0.509481 0.719045 22231 11
0.007250 0.999725 0.499111 0.503491 0.466498 20140 10
0.001925 0.999883 0.489265 0.492837 0.514022 25974 13
0.003443 0.996343 0.471679 0.476315 0.602003 23640 12
0.000431 0.997792 0.492825 0.497487 0.987233 22319 11
0.001996 0.999800 0.518623 0.522476 0.502764 24384 12
0.000690 0.993814 0.493722 0.496001 0.585635 24564 12
0.003187 0.992709 0.494895 0.499731 0.472000 21923 11
0.004444 0.997103 0.478963 0.481982 0.647001 21945 11
0.003854 0.999757 0.500650 0.505590 0.886003 23056 11
0.001006 0.996427 0.503070 0.506187 0.888998 22671 11
0.000075 0.998158 0.487456 0.491629 0.758000 21527 11
0.000658 0.998573 0.465042 0.469786 0.779044 22077 11
0.005988 0.998930 0.489424 0.493797 0.443670 22616 11
0.005038 0.998961 0.470391 0.473962 0.444549 22330 11
0.008867 0.995285 0.485992 0.489890 0.746045 24072 12
0.004475 0.999052 0.512681 0.515632 0.426938 22649 11
0.001225 0.999438 0.501792 0.504750 0.510000 24072 12
0.005509 0.999768 0.480341 0.482917 0.849786 22671 11
0.001961 0.998386 0.485152 0.488890 0.823002 22011 11
0.004387 0.999354 0.506664 0.511037 0.816941 20320 10
0.001818 0.997016 0.512753 0.516828 0.791001 22902 11
0.004673 0.997705 0.471101 0.474232 0.984043 24948 12
0.003205 0.998989 0.498767 0.503230 0.683000 21040 10
0.000356 0.997506 0.486169 0.488207 0.829000 24912 12
0.003491 0.999784 0.518670 0.521298 0.671998 22264 11
0.002629 0.999648 0.477439 0.480133 0.853665 23441 11
0.001264 0.998628 0.496574 0.501388 0.624000 22627 11
0.002868 0.999994 0.468914 0.472105 0.546000 22143 11
0.004488 0.998122 0.535146 0.538040 0.743001 22506 11
0.002036 0.999192 0.491557 0.494128 0.947484 24048 12
0.000758 0.997760 0.496354 0.499545 0.777811 22319 11
0.005692 0.985096 0.495209 0.497436 0.865568 26585 13
0.001929 0.997566 0.535402 0.540324 0.784702 22770 11
0.000010 0.997619 0.507194 0.512101 0.867157 21615 11
0.000150 0.997472 0.484166 0.488380 0.562067 22363 11
0.000661 0.999644 0.484891 0.489573 0.765289 20460 10
0.000310 0.997551 0.497382 0.501507 0.783741 22044 11
0.003528 0.998668 0.505636 0.508371 0.628361 22341 11
0.001754 0.994184 0.513158 0.516133 0.978859 22517 11
0.000165 0.995046 0.503297 0.506259 1.036055 24552 12
0.000130 0.991092 0.505056 0.509938 0.794438 21923 11
0.000629 0.998841 0.496653 0.501013 0.932993 22077 11
0.002745 0.999566 0.497435 0.501946 0.960571 21857 11
0.000154 0.997751 0.497636 0.501427 1.039213 24936 12
0.004568 0.999389 0.485281 0.488849 0.950046 22165 11
0.004325 0.999537 0.485326 0.488706 0.986508 23592 12
0.003255 0.999039 0.501426 0.506204 1.213055 21582 11
0.000312 0.997180 0.510154 0.514815 1.117055 26143 13
0.001956 0.990978 0.483339 0.487102 0.907617 21791 11
0.005048 0.999449 0.530085 0.532793 0.888318 22176 11
0.003059 0.999130 0.486390 0.490673 0.952331 21868 11
0.000657 0.987174 0.518261 0.521698 0.784054 21791 11
0.012048 0.999423 0.492885 0.496084 0.556999 22814 11
0.001773 0.998300 0.522323 0.524390 0.931284 23328 12
0.006464 0.999946 0.461348 0.464903 0.599003 21780 11
0.002479 0.993855 0.470049 0.474935 0.614005 21417 11
0.003137 0.998755 0.470842 0.474265 0.516001 21879 11
0.001751 0.999124 0.489764 0.491992 0.877043 21978 11
0.001417 0.991321 0.464142 0.468093 0.802000 24072 12
0.002648 0.990566 0.470825 0.474394 0.791533 22748 11
0.002081 0.999550 0.502585 0.506669 0.695551 22429 11
0.003898 0.999971 0.494681 0.498138 0.760121 22682 11
0.006072 0.998347 0.466635 0.471031 0.823271 22968 11
0.003768 0.997421 0.461632 0.464042 0.870056 24312 12
0.000220 0.998183 0.477832 0.481414 0.826558 22594 11
0.000195 0.999119 0.492612 0.496117 0.762407 24000 12
0.002859 0.998229 0.512679 0.515655 0.781041 24468 12
0.000820 0.998920 0.467399 0.470484 0.905756 23952 12
0.000534 0.999982 0.505833 0.508723 0.854001 22704 11
0.006980 0.996562 0.476072 0.480018 0.799997 22132 11
0.000056 0.996416 0.492720 0.496958 1.030043 23808 12
0.003881 0.996777 0.501473 0.504610 0.558999 22165 11
0.000059 0.996209 0.486549 0.490381 0.640000 22154 11
0.002273 0.995933 0.511599 0.515789 0.716000 22693 11
0.008410 0.999560 0.498244 0.503007 0.873890 24204 12
0.001175 0.998829 0.447869 0.451847 0.694676 21527 11
0.001538 0.999551 0.486133 0.490942 1.200004 36450 18
0.002173 0.999815 0.483784 0.487714 0.776939 24876 12
0.002766 0.997391 0.510906 0.513612 0.670230 24036 12
0.000811 0.994697 0.486867 0.491503 0.675553 21472 11
0.001979 0.996682 0.531435 0.533752 0.792031 21604 11
0.001046 0.998116 0.483442 0.486687 0.818154 25597 13
0.001345 0.995762 0.497838 0.502686 0.803876 20810 10
0.001177 0.994810 0.494875 0.498408 0.709295 24108 12
0.001138 0.998185 0.506094 0.508927 0.616947 21626 11
0.004575 0.998545 0.475998 0.479908 0.628804 20480 10
0.004438 0.999688 0.480643 0.484921 0.602902 20080 10
0.000875 0.996236 0.510063 0.512850 0.812629 24816 12
0.000575 0.994766 0.502156 0.505127 0.691513 21890 11
0.001537 0.999975 0.487769 0.492505 0.687852 22275 11
0.006979 0.998213 0.526735 0.531323 0.829336 22088 11
0.000623 0.999616 0.483435 0.487662 0.690400 22099 11
0.001580 0.997291 0.527748 0.531146 0.635034 21978 11
0.002320 0.995847 0.498678 0.503455 0.620142 22660 11
0.006649 0.995549 0.482326 0.486078 0.617270 22407 11
0.006245 0.992393 0.494852 0.497595 0.757386 22385 11
