0.000534 0.997733 0.487752 0.490818 2.166448 53766 9
0.001831 0.999198 0.548189 0.552553 2.175089 53604 9
0.000361 0.999849 0.520707 0.525091 2.220151 54333 9
0.001088 0.998404 0.528279 0.533216 2.330881 52947 9
0.000201 0.998341 0.495947 0.500059 2.152045 53136 9
0.000521 0.999702 0.477513 0.480633 3.097744 54198 9
0.000937 0.997960 0.498462 0.502522 3.276599 53037 9
0.000788 0.998313 0.506505 0.510100 3.088893 53280 9
0.001198 0.999290 0.486916 0.491751 2.719951 52803 9
0.000232 0.999282 0.470154 0.472628 2.853945 57940 10
0.002152 0.999677 0.505491 0.510360 3.672368 58510 10
0.000774 0.996860 0.476878 0.480477 2.671119 52668 9
0.001044 0.999635 0.509698 0.512224 3.117512 58990 10
0.000159 0.999918 0.463092 0.465747 3.045457 59260 10
0.001137 0.999259 0.486384 0.489962 2.844971 53532 9
0.001331 0.999051 0.536691 0.539565 2.991337 52911 9
0.000869 0.999439 0.500324 0.502883 3.565872 53685 9
0.000294 0.997717 0.499815 0.504311 3.182991 53325 9
0.007232 0.999903 0.481760 0.484647 3.195742 58230 10
0.000777 0.999417 0.521826 0.524901 3.029773 53442 9
0.000571 0.999949 0.439829 0.444810 3.714112 52308 9
0.001230 0.999269 0.515219 0.518565 4.414420 58850 10
0.002200 0.997682 0.498752 0.502123 3.002180 53973 9
0.000858 0.999976 0.523985 0.527614 2.880945 53937 9
0.000591 0.998109 0.485496 0.488068 3.624980 60640 10
0.000610 0.999302 0.467908 0.469890 3.307762 58920 10
0.001797 0.998754 0.517608 0.521101 2.772878 51903 9
0.000293 0.997832 0.508992 0.512879 2.717197 52200 9
0.001324 0.999462 0.484779 0.487024 2.815989 52506 9
0.000334 0.999908 0.460815 0.463788 2.945706 53361 9
0.003554 0.999594 0.465263 0.469429 2.877130 53388 9
0.000171 0.999566 0.498970 0.502762 2.508835 53433 9
0.000382 0.999745 0.500764 0.505124 2.896862 52632 9
0.000113 0.998635 0.567474 0.571816 3.382156 52227 9
0.000091 0.999643 0.515487 0.518790 2.927705 53460 9
0.000348 0.999974 0.492219 0.495091 2.830209 53928 9
0.002642 0.998514 0.508227 0.511274 2.836774 54252 9
0.001356 0.999568 0.510308 0.512887 3.032698 58280 10
0.000199 0.999751 0.511629 0.514720 2.777637 53082 9
0.000973 0.996124 0.474687 0.477039 2.876143 54495 9
0.001928 0.997983 0.498668 0.503361 2.863908 53541 9
0.000594 0.998586 0.495755 0.499708 2.722785 52992 9
0.001910 0.999555 0.486478 0.490203 2.722839 53424 9
0.000199 0.999664 0.490106 0.494576 2.727745 53010 9
0.000077 0.999924 0.486777 0.490896 2.762617 53127 9
0.000863 0.999623 0.503410 0.507744 2.728136 53064 9
0.000320 0.996698 0.520885 0.525642 2.770203 53631 9
0.000654 0.999475 0.512108 0.516243 2.666748 52326 9
0.000483 0.999921 0.477461 0.480337 2.745130 53415 9
0.000682 0.998662 0.451003 0.454174 2.683058 53262 9
0.000444 0.999089 0.464170 0.467992 2.757018 53784 9
0.003111 0.999780 0.534686 0.538657 2.863342 52155 9
0.000877 0.998823 0.533952 0.537441 2.753383 52146 9
0.000135 0.999698 0.511288 0.514077 3.097123 57950 10
0.001790 0.999994 0.502142 0.506152 2.784893 53838 9
0.001062 0.999885 0.524215 0.529117 2.723987 53424 9
0.000590 0.999294 0.490423 0.494732 2.768847 53595 9
0.001261 0.998611 0.478464 0.481773 2.708386 53136 9
0.001707 0.999021 0.477231 0.481128 2.736935 53163 9
0.002841 0.997368 0.487851 0.490417 3.132725 60320 10
0.000644 0.998875 0.519971 0.524717 2.701118 52182 9
0.000359 0.999881 0.481018 0.484832 2.777491 53847 9
0.000025 0.997231 0.468493 0.471014 3.062267 59040 10
0.000765 0.999420 0.460825 0.463424 2.703897 53415 9
0.002242 0.999824 0.498179 0.500411 2.725082 53361 9
0.000496 0.998763 0.496524 0.501445 2.909385 53073 9
0.000198 0.999948 0.495162 0.498347 3.199867 53217 9
0.000951 0.999884 0.502628 0.505099 3.361946 58750 10
0.000045 0.997332 0.491809 0.495518 2.941231 52659 9
0.000553 0.999699 0.512087 0.514969 3.031698 52785 9
0.000843 0.996891 0.524482 0.528637 2.992988 54180 9
0.000438 0.999703 0.521725 0.526651 3.273042 59010 10
0.000046 0.999579 0.499704 0.502996 2.783853 53001 9
0.000258 0.997377 0.530632 0.532982 3.170940 59250 10
0.001737 0.996293 0.489479 0.493894 2.761046 53100 9
0.003230 0.999748 0.548440 0.550836 3.043841 59000 10
0.000024 0.999669 0.468940 0.472751 2.792116 54171 9
0.000357 0.999549 0.516327 0.519365 2.768401 53928 9
0.000995 0.999721 0.470103 0.474533 2.740693 53163 9
0.000410 0.998872 0.529797 0.532749 2.728540 53064 9
0.000673 0.999574 0.506497 0.509702 2.679015 52983 9
0.000263 0.997330 0.494013 0.497989 2.933016 53496 9
0.001606 0.997961 0.500002 0.504543 2.717738 53136 9
0.002211 0.999142 0.479363 0.483445 2.806762 53316 9
0.000313 0.999297 0.515441 0.519119 2.780916 52965 9
0.000096 0.999995 0.467581 0.469924 2.737834 53271 9
0.000158 0.999710 0.474718 0.477256 2.729985 52776 9
0.000282 0.999531 0.489368 0.492449 3.007994 59220 10
0.000753 0.999976 0.480024 0.483455 2.724084 53172 9
0.000585 0.995156 0.528907 0.531786 3.019911 59390 10
0.000961 0.999104 0.524142 0.528251 2.737207 53478 9
0.000139 0.999280 0.468852 0.472464 2.687279 52920 9
0.001147 0.998354 0.473834 0.475776 3.227957 59630 10
0.000311 0.998277 0.492474 0.495996 2.686903 52668 9
0.000917 0.999059 0.517873 0.520924 2.711076 53154 9
0.000506 0.999858 0.493034 0.496180 2.690087 53478 9
0.000460 0.998694 0.467171 0.472029 2.766297 53910 9
0.000005 0.999197 0.472756 0.475108 3.008589 58500 10
0.000047 0.997965 0.489173 0.491847 2.769065 54117 9
0.001488 0.999618 0.481499 0.485383 2.699202 53514 9
