0.001937 0.986784 0.483761 0.487290 0.004963 2058 7
0.024826 0.985995 0.651438 0.654645 0.006553 2200 8
0.000361 0.998350 0.622448 0.624569 0.008039 2336 8
0.049143 0.998404 0.583064 0.587832 0.005137 2086 7
0.007223 0.964425 0.535176 0.539377 0.005629 1932 7
0.005015 0.963478 0.421290 0.425401 0.004959 1911 7
0.022431 0.989870 0.435901 0.439597 0.005999 2312 8
0.033173 0.978195 0.486847 0.490104 0.007257 2619 9
0.029169 0.995556 0.459563 0.464214 0.010052 3738 14
0.010034 0.998181 0.425797 0.428530 0.005547 2192 8
0.037202 0.970587 0.526846 0.531089 0.005363 1734 6
0.013789 0.984205 0.506252 0.509127 0.007645 2466 9
0.002122 0.996357 0.509463 0.513745 0.005100 2128 7
0.001138 0.963994 0.417782 0.421290 0.007040 2280 8
0.001137 0.998025 0.464285 0.467477 0.006998 2628 9
0.017679 0.999051 0.617797 0.621311 0.006043 2136 8
0.001189 0.969446 0.475108 0.479166 0.005999 2114 7
0.000335 0.996464 0.529460 0.534245 0.007006 2493 9
0.029627 0.999903 0.381154 0.383258 0.006111 2088 8
0.049318 0.984673 0.574263 0.578218 0.006895 2336 8
0.003519 0.993762 0.386600 0.389615 0.006568 2475 9
0.027297 0.986966 0.588477 0.590627 0.005989 2360 8
0.004981 0.966373 0.494333 0.497539 0.007525 1953 7
0.043271 0.997872 0.558212 0.561728 0.005568 2232 8
0.010936 0.997226 0.537799 0.541637 0.007195 2208 8
0.000610 0.962262 0.454297 0.458558 0.007563 2646 9
0.075352 0.998754 0.494622 0.498459 0.006451 2224 8
0.004913 0.977992 0.517448 0.521539 0.005931 2176 8
0.007142 0.971173 0.446212 0.449041 0.006836 2750 10
0.019203 0.974028 0.395969 0.399200 0.006081 2114 7
0.019966 0.985883 0.404921 0.407545 0.005959 2232 8
0.000171 0.986039 0.460862 0.462574 0.005976 2520 8
0.016740 0.997568 0.478331 0.483116 0.006998 1988 7
0.081615 0.989560 0.650087 0.654748 0.004998 1974 7
0.031723 0.957568 0.585926 0.589612 0.005000 2009 7
0.027887 0.983627 0.539491 0.542889 0.004951 2023 7
0.020326 0.998514 0.518544 0.522627 0.007031 2272 8
0.037349 0.997253 0.590616 0.592341 0.007102 2296 8
0.001848 0.985566 0.482617 0.487502 0.004699 2051 7
0.008872 0.988336 0.472099 0.474603 0.005989 2440 8
0.007815 0.980922 0.493101 0.496684 0.006045 2240 8
0.000705 0.997597 0.465898 0.470423 0.011099 3156 12
0.019936 0.982619 0.508494 0.511590 0.005644 2216 8
0.007317 0.982285 0.455759 0.460626 0.006619 2107 7
0.003388 0.950327 0.475963 0.479469 0.006091 2096 8
0.002037 0.978945 0.579416 0.583558 0.006067 2192 8
0.009280 0.988594 0.553217 0.556771 0.005934 2320 8
0.003325 0.955959 0.537773 0.540496 0.007001 2224 8
0.000483 0.990555 0.424592 0.426754 0.005956 2304 8
0.008245 0.976030 0.448866 0.452127 0.005990 2065 7
0.025109 0.990952 0.396772 0.400390 0.005903 1960 7
0.021485 0.997320 0.575493 0.578602 0.005121 1918 7
0.042810 0.993475 0.550474 0.552972 0.007020 2240 8
0.056655 0.956460 0.526537 0.528947 0.006998 2628 9
0.014166 0.970624 0.562539 0.565935 0.006024 2392 8
0.038144 0.983286 0.596072 0.598922 0.007228 2248 8
0.005279 0.981858 0.416885 0.421320 0.004517 1960 7
0.013332 0.950298 0.454278 0.458326 0.006544 2009 7
0.016261 0.974470 0.425112 0.427370 0.005998 2168 8
0.004877 0.990675 0.418037 0.422279 0.005998 2121 7
0.000644 0.998544 0.540375 0.542574 0.006942 2416 8
0.013223 0.997009 0.428960 0.432479 0.005892 2058 7
0.019881 0.988138 0.384020 0.386259 0.006923 2432 8
0.011375 0.996505 0.427768 0.430821 0.005998 2408 8
0.017474 0.943767 0.524161 0.527376 0.007001 2304 8
0.012158 0.973316 0.481708 0.484207 0.006997 2384 8
0.021589 0.993067 0.498471 0.501945 0.006005 1974 7
0.020552 0.993385 0.547859 0.550216 0.006001 2288 8
0.034902 0.951491 0.443814 0.445778 0.007102 2421 9
0.022216 0.982804 0.499192 0.502094 0.004999 2065 7
0.015700 0.987343 0.590088 0.593017 0.007174 2280 8
0.009010 0.964566 0.567800 0.571800 0.008998 2538 9
0.003728 0.995085 0.489393 0.493973 0.005004 2009 7
0.023199 0.957338 0.549437 0.554038 0.006547 2232 8
0.003970 0.991051 0.424784 0.427743 0.005935 2079 7
0.004294 0.977670 0.703603 0.706971 0.011411 2312 8
0.026029 0.970960 0.429472 0.432395 0.008099 1995 7
0.010911 0.991127 0.504295 0.508544 0.007997 2216 8
0.005154 0.985817 0.410555 0.413614 0.006042 2216 8
0.047492 0.982008 0.574768 0.577525 0.008938 2224 8
0.038115 0.987322 0.512331 0.515353 0.005997 2248 8
0.012083 0.976569 0.399706 0.403216 0.006368 2280 8
0.003630 0.984710 0.568432 0.572720 0.008190 2184 8
0.011295 0.971069 0.462127 0.464410 0.007038 2565 9
0.020180 0.984724 0.533121 0.535980 0.008004 2691 9
0.001205 0.987789 0.429933 0.432856 0.005155 1988 7
0.052525 0.995154 0.515069 0.518366 0.006217 1869 7
0.032509 0.989427 0.451705 0.454734 0.005697 1967 7
0.000753 0.976084 0.428393 0.430680 0.007022 2619 9
0.001736 0.972906 0.607896 0.612884 0.007607 1981 7
0.016180 0.983499 0.544152 0.549123 0.005635 1988 7
0.022260 0.979833 0.490624 0.494450 0.008301 2320 8
0.033144 0.987113 0.416017 0.418866 0.005000 2030 7
0.007626 0.963161 0.524538 0.526993 0.007463 2168 8
0.013714 0.984436 0.555091 0.558690 0.009019 2192 8
0.020782 0.994573 0.477909 0.481883 0.005583 2058 7
0.002910 0.970955 0.460728 0.463564 0.005840 2344 8
0.003327 0.980295 0.472184 0.475764 0.004999 2051 7
0.025538 0.996163 0.435967 0.440311 0.005002 2160 8
0.024404 0.967339 0.422247 0.427062 0.005993 1834 7
