0.000423 0.999996 0.499757 0.502245 28.502692 179900 10
0.000162 0.999638 0.529056 0.532406 27.294232 178850 10
0.000078 0.999849 0.511849 0.516024 29.360152 178520 10
0.000348 0.999681 0.522455 0.525302 28.085879 177910 10
0.000201 0.999891 0.496148 0.498612 28.145960 178330 10
0.000521 0.999702 0.486220 0.489861 28.522884 178380 10
0.000723 0.998515 0.499494 0.503628 26.043779 160380 9
0.000257 0.998645 0.504830 0.506964 28.126938 178560 10
0.000169 0.999444 0.492208 0.494552 27.929086 178160 10
0.000027 0.999357 0.483547 0.487225 27.239697 177130 10
0.000621 0.999677 0.501415 0.506387 24.478811 157545 9
0.000774 0.999219 0.480374 0.484277 25.741962 160632 9
0.000405 0.999980 0.500990 0.504002 29.192074 179660 10
0.000159 0.999918 0.476538 0.481431 28.538001 178060 10
0.000030 0.999960 0.491137 0.495031 28.518787 178580 10
0.000432 0.999051 0.520774 0.524674 25.521418 159750 9
0.000869 0.999492 0.495372 0.499720 25.491190 159543 9
0.000294 0.999676 0.503517 0.505423 28.330873 178770 10
0.000732 0.999903 0.489733 0.494343 26.266907 159021 9
0.000179 0.999417 0.513201 0.515448 29.891515 178510 10
0.000571 0.999975 0.467054 0.471970 26.328835 159633 9
0.000138 0.999839 0.508546 0.510397 29.665825 178210 10
0.000398 0.999816 0.500094 0.504368 26.837194 160236 9
0.000858 0.999976 0.518020 0.521178 29.754267 178920 10
0.000061 0.998975 0.486119 0.490912 27.420817 160452 9
0.000118 0.999967 0.481604 0.484514 29.436169 176800 10
0.000024 0.998754 0.513549 0.515554 30.017391 178570 10
0.000181 0.999150 0.503693 0.508604 27.137132 159129 9
0.000472 0.999526 0.489862 0.493871 26.949330 159642 9
0.000129 0.999908 0.473285 0.475000 31.208654 178630 10
0.000322 0.999970 0.477578 0.482303 26.547971 159786 9
0.000089 0.999944 0.494996 0.499232 27.708976 159822 9
0.000382 0.999773 0.501087 0.505956 26.650342 160569 9
0.000113 0.998635 0.538388 0.542453 30.742873 176340 10
0.000091 0.999872 0.502237 0.506759 26.520926 160002 9
0.000128 0.999974 0.491380 0.493977 28.926038 178190 10
0.000234 0.999940 0.504586 0.506342 29.565957 178120 10
0.000071 0.999568 0.500188 0.503710 32.152139 176640 10
0.000087 0.999751 0.509049 0.511986 29.895825 177850 10
0.000067 0.999634 0.479142 0.480950 29.458050 179570 10
0.000590 0.999614 0.502196 0.505158 30.186705 180900 10
0.000113 0.999739 0.498503 0.500892 30.668103 177960 10
0.000735 0.999694 0.494649 0.499567 26.640228 160947 9
0.000199 0.999842 0.493549 0.497112 27.939433 161361 9
0.000077 0.999924 0.495001 0.497919 28.851492 178330 10
0.000241 0.999623 0.495365 0.499540 27.875202 161217 9
0.000028 0.998519 0.512256 0.516652 35.784148 161118 9
0.000125 0.999688 0.512480 0.517060 36.496066 159921 9
0.000337 0.999921 0.487065 0.490622 36.951108 160695 9
0.000217 0.999878 0.467303 0.469074 40.279053 178140 10
0.000193 0.999089 0.474974 0.477495 38.522979 179260 10
0.000311 0.999780 0.519906 0.522984 36.739363 176630 10
0.000048 0.999880 0.523704 0.527758 36.094318 159534 9
0.000065 0.999698 0.503470 0.508248 35.340903 158814 9
0.000089 0.999994 0.498918 0.502332 39.930406 177770 10
0.000298 0.999885 0.514020 0.518967 36.005324 159687 9
0.000590 0.999394 0.499411 0.502803 36.492837 160434 9
0.000110 0.999207 0.489285 0.492620 35.322380 159975 9
0.000228 0.999887 0.484986 0.488651 41.150206 177400 10
0.000643 0.999861 0.495779 0.500015 35.955731 161568 9
0.000644 0.999535 0.513094 0.517624 35.260470 158112 9
0.000353 0.999881 0.492930 0.497681 36.854730 162144 9
0.000025 0.999193 0.478587 0.483356 36.813299 161082 9
0.000150 0.999634 0.474335 0.476334 39.130668 177720 10
0.000680 0.999824 0.494288 0.498515 40.348087 177420 10
0.000057 0.998763 0.496582 0.500824 36.124653 159282 9
0.000198 0.999980 0.496773 0.499589 40.412415 177670 10
0.000951 0.999951 0.494107 0.498756 36.651245 159921 9
0.000045 0.999837 0.498346 0.502376 37.825480 162549 9
0.000553 0.999961 0.506078 0.510372 35.974790 161091 9
0.000077 0.999345 0.509426 0.512000 39.857561 176950 10
0.000438 0.999870 0.508033 0.512755 37.331570 160380 9
0.000046 0.999579 0.500566 0.502465 45.359084 195756 11
0.000049 0.997524 0.512622 0.516982 36.574570 161487 9
0.000167 0.999837 0.493740 0.495882 43.177881 178220 10
0.000829 0.999748 0.523050 0.526910 39.996641 177930 10
0.000024 0.999669 0.480164 0.482172 40.283230 178850 10
0.000357 0.999811 0.511649 0.515120 36.204909 161154 9
0.000091 0.999721 0.480535 0.483292 41.014242 179120 10
0.000211 0.998937 0.520567 0.524713 34.685780 160992 9
0.000054 0.999889 0.503132 0.505586 42.384657 178320 10
0.000263 0.999099 0.501590 0.505949 37.082177 160065 9
0.000969 0.999875 0.494419 0.498049 36.494809 160299 9
0.000793 0.999972 0.484595 0.488712 35.946514 159975 9
0.000313 0.999297 0.505725 0.509196 37.933709 160713 9
0.000034 0.999995 0.477866 0.480196 41.274930 177830 10
0.000104 0.999710 0.480582 0.484770 39.387365 159471 9
0.000282 0.999625 0.492613 0.496788 36.539464 161289 9
0.000267 0.999976 0.484405 0.487286 39.816604 177400 10
0.000093 0.999895 0.513553 0.516580 40.548602 178400 10
0.000092 0.999976 0.516208 0.519187 40.876126 177570 10
0.000091 0.999405 0.473343 0.477385 36.365288 159642 9
0.000038 0.999925 0.487832 0.490793 40.264323 177830 10
0.000311 0.999688 0.493542 0.498362 37.196206 159795 9
0.000134 0.999744 0.500801 0.505149 35.515532 157968 9
0.000506 0.999858 0.493417 0.497899 36.082247 161343 9
0.000324 0.999377 0.479872 0.482063 37.581412 179550 10
0.000005 0.999991 0.483098 0.485415 38.589512 177610 10
0.000047 0.999765 0.487585 0.492049 36.306392 160776 9
0.000195 0.999618 0.485443 0.490328 35.348193 160722 9
