0.000423 0.999996 0.501115 0.503417 53.558647 243130 10
0.000162 0.999704 0.525341 0.528902 53.721656 242610 10
0.000078 0.999849 0.510549 0.515228 54.598101 242360 10
0.000275 0.999681 0.518439 0.520951 54.483456 242100 10
0.000201 0.999891 0.496971 0.501202 48.085220 217611 9
0.000521 0.999968 0.485162 0.488955 54.086174 242510 10
0.000304 0.999198 0.497148 0.501414 49.062934 217485 9
0.000257 0.998645 0.504709 0.509165 48.706678 218196 9
0.000169 0.999734 0.493053 0.495135 56.064886 240980 10
0.000027 0.999973 0.482811 0.487791 50.898958 216972 9
0.000621 0.999677 0.503294 0.505684 56.248535 238450 10
0.000774 0.999219 0.483124 0.487058 51.005286 217692 9
0.000405 0.999980 0.499259 0.502143 57.305474 243090 10
0.000159 0.999918 0.479367 0.483525 58.029276 243170 10
0.000030 0.999960 0.490255 0.493235 58.475807 243080 10
0.000432 0.999051 0.517242 0.521677 53.668928 218052 9
0.000869 0.999912 0.495775 0.499896 52.865117 216855 9
0.000294 0.999709 0.501199 0.505012 54.304219 218079 9
0.000732 0.999903 0.492161 0.496699 53.005098 216675 9
0.000179 0.999417 0.511048 0.513577 58.821220 242670 10
0.000571 0.999975 0.472962 0.476035 57.555375 241520 10
0.000138 0.999839 0.503767 0.508583 51.761243 216306 9
0.000398 0.999816 0.502446 0.506860 54.616112 217782 9
0.000858 0.999976 0.515120 0.519112 52.700989 218700 9
0.000061 0.998975 0.485361 0.490089 52.703948 218331 9
0.000118 0.999967 0.485020 0.487483 59.651983 240880 10
0.000024 0.998754 0.511612 0.516201 53.888322 217971 9
0.000181 0.999150 0.502830 0.506909 54.256907 217854 9
0.000131 0.999903 0.492806 0.494974 62.408738 240510 10
0.000129 0.999908 0.474287 0.476607 65.233905 243170 10
0.000128 0.999970 0.481563 0.485624 61.291535 217431 9
0.000045 0.999944 0.496029 0.500203 66.422853 216576 9
0.000382 0.999773 0.501374 0.504747 49.689602 218565 9
0.000113 0.999825 0.534390 0.538691 48.900574 238470 10
0.000091 0.999872 0.502759 0.506300 47.179430 216945 9
0.000128 0.999974 0.494288 0.496496 67.563139 241520 10
0.000234 0.999940 0.504026 0.507019 52.536831 240550 10
0.000071 0.999760 0.498393 0.501804 40.693051 240420 10
0.000087 0.999751 0.507889 0.511498 40.861995 240620 10
0.000067 0.999634 0.483631 0.487057 37.160177 219051 9
0.000590 0.999614 0.501890 0.504099 41.663030 244230 10
0.000113 0.999739 0.495880 0.500057 37.051058 217791 9
0.000529 0.999694 0.497231 0.500104 41.367940 241500 10
0.000199 0.999842 0.493484 0.497910 36.943830 218070 9
0.000077 0.999924 0.494716 0.497744 40.464050 241800 10
0.000241 0.999623 0.496851 0.500978 61.123919 218295 9
0.000028 0.999115 0.511480 0.515448 61.093770 218538 9
0.000125 0.999737 0.511772 0.513646 64.805818 241330 10
0.000337 0.999921 0.488584 0.492068 59.548100 218772 9
0.000217 0.999878 0.467434 0.471451 77.571185 217656 9
0.000193 0.999590 0.479439 0.481954 70.265487 242960 10
0.000311 0.999780 0.516333 0.519467 70.337240 239890 10
0.000048 0.999880 0.521562 0.525211 62.146620 216918 9
0.000065 0.999698 0.504507 0.508599 60.841272 216216 9
0.000089 0.999994 0.498039 0.502675 57.552078 217899 9
0.000298 0.999917 0.514110 0.516568 69.118800 240460 10
0.000372 0.999394 0.500958 0.505030 60.937926 218160 9
0.000110 0.999959 0.490763 0.494180 73.057526 218106 9
0.000228 0.999887 0.486796 0.489794 69.666497 240810 10
0.000643 0.999861 0.497290 0.499485 65.999745 243050 10
0.000036 0.999706 0.511892 0.515739 60.082419 216225 9
0.000353 0.999881 0.494649 0.498607 67.639467 219816 9
0.000025 0.999193 0.480848 0.484834 61.544625 217908 9
0.000150 0.999634 0.475932 0.480663 46.146800 218268 9
0.000680 0.999824 0.495544 0.499264 59.744204 217512 9
0.000057 0.999313 0.498286 0.502239 56.800308 215892 9
0.000198 0.999980 0.496682 0.499036 61.754682 241090 10
0.000466 0.999951 0.494583 0.498832 57.759191 217683 9
0.000035 0.999976 0.501167 0.502926 63.028618 244180 10
0.000553 0.999961 0.506333 0.509997 57.335329 219069 9
0.000077 0.999345 0.507720 0.511670 56.510526 217305 9
0.000046 0.999870 0.506390 0.510220 45.301997 218205 9
0.000046 0.999579 0.498337 0.503038 40.366003 241020 10
0.000049 0.999948 0.512153 0.516424 36.192610 219258 9
0.000167 0.999837 0.493137 0.496607 36.365000 218223 9
0.000829 0.999748 0.517525 0.520951 39.649112 241080 10
0.000012 0.999669 0.483279 0.485432 40.459013 242450 10
0.000047 0.999811 0.510199 0.513980 36.573145 218952 9
0.000091 0.999721 0.484397 0.486899 40.147982 243010 10
0.000211 0.999683 0.518654 0.520815 40.003057 243450 10
0.000054 0.999889 0.502783 0.506680 36.929999 218106 9
0.000008 0.999099 0.501887 0.506155 35.722338 218367 9
0.000969 0.999875 0.494699 0.498490 35.865998 219087 9
0.000349 0.999972 0.485530 0.490282 35.540001 217800 9
0.000313 0.999813 0.504273 0.507956 35.859125 218520 9
0.000034 0.999995 0.481171 0.483620 39.598863 241580 10
0.000104 0.999710 0.482031 0.486404 35.421000 216810 9
0.000282 0.999625 0.494495 0.498318 35.696875 217854 9
0.000223 0.999976 0.486037 0.488526 39.416059 241580 10
0.000093 0.999960 0.511070 0.514127 39.349005 241040 10
0.000018 0.999976 0.511300 0.515208 39.774949 241390 10
0.000091 0.999655 0.476719 0.480420 39.159956 240100 10
0.000038 0.999925 0.491852 0.496109 35.066998 217944 9
0.000311 0.999688 0.494690 0.498684 36.187759 216324 9
0.000134 0.999744 0.500499 0.502707 39.524056 239400 10
0.000506 0.999858 0.492882 0.496504 35.528955 218205 9
0.000324 0.999814 0.479890 0.484353 35.708486 219033 9
0.000005 0.999991 0.484606 0.489411 35.342057 217242 9
0.000047 0.999765 0.488254 0.490760 39.600997 242230 10
0.000195 0.999618 0.486265 0.489949 35.380002 217800 9
