0.024297 0.955402 0.476367 0.480053 0.001038 1020 10
0.024826 0.984834 0.755493 0.757734 0.002005 776 8
0.074515 0.991980 0.651428 0.655977 0.000998 700 7
0.049143 0.980853 0.572841 0.576053 0.001182 864 8
0.007223 0.964425 0.553534 0.556845 0.001051 756 7
0.045047 0.963478 0.372293 0.376398 0.001002 672 7
0.103215 0.940897 0.444031 0.447068 0.000999 930 10
0.055611 0.978195 0.487926 0.492173 0.000959 891 9
0.055996 0.995556 0.374716 0.379548 0.001002 644 7
0.012256 0.998181 0.389568 0.392957 0.002305 609 7
0.154097 0.970587 0.503212 0.506335 0.001051 735 7
0.013789 0.979490 0.529513 0.532406 0.002208 882 9
0.002122 0.996357 0.503852 0.506497 0.001822 714 7
0.022512 0.948574 0.349184 0.353544 0.002005 665 7
0.009251 0.906082 0.436987 0.440920 0.002465 963 9
0.124965 0.971205 0.584219 0.589121 0.002040 1089 11
0.012492 0.969446 0.475340 0.478946 0.000960 768 8
0.007431 0.996464 0.525986 0.529447 0.001809 864 9
0.037624 0.989174 0.356514 0.361407 0.000825 558 6
0.114793 0.973185 0.590845 0.593506 0.001802 945 9
0.003519 0.989007 0.376005 0.380954 0.000862 930 10
0.123185 0.986966 0.619451 0.623423 0.001001 742 7
0.023415 0.966373 0.524455 0.527121 0.002305 570 6
0.086105 0.997872 0.578575 0.582127 0.001999 816 8
0.010936 0.969735 0.586583 0.589584 0.001572 644 7
0.029626 0.962262 0.452475 0.456620 0.001000 700 7
0.100390 0.991932 0.537731 0.542039 0.001997 846 9
0.004913 0.977992 0.474331 0.478658 0.001026 686 7
0.007142 0.920497 0.416846 0.420744 0.002040 830 10
0.083535 0.953966 0.369483 0.373510 0.000651 648 6
0.020859 0.926105 0.377690 0.381490 0.000999 707 7
0.000171 0.986039 0.446085 0.448302 0.002000 856 8
0.055114 0.956005 0.498492 0.501397 0.001996 824 8
0.081615 0.905140 0.674358 0.678022 0.002026 744 8
0.141212 0.881743 0.605017 0.607469 0.003001 714 7
0.044248 0.983627 0.549048 0.551916 0.001973 770 7
0.020326 0.998514 0.504924 0.509789 0.000999 728 8
0.043089 0.975873 0.593332 0.597193 0.001002 679 7
0.001848 0.985566 0.515328 0.518141 0.001100 728 7
0.008872 0.988336 0.505603 0.508612 0.000919 891 9
0.046175 0.971938 0.484312 0.486757 0.001000 721 7
0.000705 0.951035 0.446573 0.451264 0.001870 609 7
0.039034 0.968780 0.538312 0.540686 0.002034 704 8
0.007317 0.982285 0.418635 0.423235 0.000999 735 7
0.011096 0.882256 0.483187 0.487240 0.000999 828 9
0.006233 0.978945 0.621731 0.626348 0.002515 644 7
0.129584 0.949951 0.627763 0.630177 0.001998 1284 12
0.021194 0.908915 0.490474 0.494300 0.001058 832 8
0.000483 0.950660 0.408075 0.410969 0.000876 623 7
0.060648 0.976030 0.459144 0.463468 0.001001 735 7
0.031391 0.990952 0.391425 0.395976 0.001000 679 7
0.025388 0.997320 0.588260 0.591696 0.001003 700 7
0.192075 0.992090 0.537115 0.541739 0.000997 686 7
0.097971 0.956460 0.469640 0.473038 0.001000 768 8
0.159460 0.970624 0.564420 0.565988 0.002965 801 9
0.157536 0.983286 0.651292 0.654449 0.000999 735 7
0.005279 0.966140 0.416863 0.419781 0.001999 707 7
0.013332 0.937480 0.440622 0.444674 0.001998 693 7
0.016261 0.917031 0.389695 0.392281 0.001015 784 8
0.029387 0.964464 0.389658 0.393446 0.003156 927 9
0.000839 0.938038 0.538270 0.541538 0.001000 848 8
0.025275 0.931209 0.403319 0.405676 0.001095 636 6
0.031132 0.970997 0.355409 0.359531 0.000997 672 6
0.011375 0.969154 0.420726 0.423784 0.001128 686 7
0.151526 0.943767 0.568135 0.571939 0.002998 1358 14
0.012158 0.857535 0.483083 0.487346 0.001008 873 9
0.041420 0.976297 0.497579 0.502126 0.001443 721 7
0.162411 0.993385 0.583353 0.585173 0.001000 707 7
0.034902 0.927429 0.424116 0.428582 0.001998 623 7
0.047084 0.972322 0.471741 0.475797 0.000998 721 7
0.088471 0.974605 0.626515 0.628712 0.000999 855 9
0.011709 0.956612 0.584822 0.587781 0.000998 909 9
0.003728 0.837058 0.505325 0.507335 0.001995 891 9
0.023199 0.957338 0.583970 0.587377 0.001999 873 9
0.003970 0.954398 0.415601 0.419312 0.002317 777 7
0.013716 0.977670 0.759435 0.763325 0.000999 665 7
0.026029 0.771373 0.412026 0.415898 0.000999 588 6
0.098664 0.984190 0.471574 0.474893 0.001998 1045 11
0.028193 0.963379 0.334455 0.337123 0.001000 728 7
0.082658 0.982008 0.598994 0.602138 0.001505 728 8
0.038115 0.898802 0.505123 0.509785 0.000999 624 6
0.052419 0.972145 0.381058 0.385837 0.001000 630 6
0.055666 0.984710 0.601283 0.604791 0.002000 792 8
0.022068 0.970895 0.454949 0.457509 0.003000 970 10
0.049055 0.984724 0.541536 0.544413 0.001417 999 9
0.031805 0.882392 0.468425 0.471450 0.000999 606 6
0.138711 0.883410 0.525180 0.530007 0.000999 623 7
0.115425 0.956080 0.376277 0.379258 0.001960 728 7
0.000753 0.943446 0.400102 0.403880 0.001000 624 6
0.001736 0.962675 0.631198 0.634853 0.002200 672 6
0.029825 0.983499 0.533694 0.538655 0.001000 600 6
0.060295 0.973660 0.499515 0.502736 0.001001 812 7
0.037268 0.987113 0.399070 0.403551 0.002385 735 7
0.053038 0.963161 0.525410 0.528138 0.000993 656 8
0.013714 0.982186 0.622158 0.625573 0.002000 930 10
0.036703 0.994573 0.487463 0.491722 0.002046 742 7
0.002910 0.914354 0.428119 0.429811 0.001000 792 8
0.067497 0.838066 0.469677 0.473101 0.002001 840 8
0.035618 0.856289 0.410207 0.414138 0.000983 1000 10
0.024404 0.967339 0.344701 0.348395 0.000999 616 7
