0.000534 0.997733 0.470795 0.473524 0.212576 16920 10
0.003381 0.999198 0.579587 0.581911 0.207056 16074 9
0.000361 0.998350 0.547705 0.552405 0.183377 14344 8
0.011209 0.998404 0.545258 0.549291 0.220144 17310 10
0.004312 0.998341 0.499379 0.502548 0.196217 15210 9
0.001489 0.999167 0.450667 0.454659 0.190652 14320 8
0.002809 0.997006 0.491791 0.494765 0.217451 15957 9
0.002196 0.998313 0.496462 0.500342 0.224706 15813 9
0.002909 0.999275 0.467785 0.472341 0.210853 15507 9
0.000232 0.998512 0.448809 0.450640 0.228355 17020 10
0.003801 0.990964 0.520401 0.521963 0.207775 15489 9
0.002472 0.993848 0.492733 0.496359 0.243083 15804 9
0.002122 0.996357 0.514766 0.518621 0.186218 14424 8
0.001138 0.999918 0.447794 0.450573 0.228160 16101 9
0.001137 0.998025 0.483339 0.486502 0.210567 15813 9
0.004210 0.999051 0.548181 0.551007 0.201181 15579 9
0.001189 0.995830 0.492302 0.495556 0.184008 14640 8
0.000335 0.997717 0.504777 0.508763 0.202009 15552 9
0.014519 0.999903 0.448152 0.453020 0.174891 13640 8
0.003545 0.999417 0.528828 0.532003 0.213504 16047 9
0.000571 0.997142 0.425530 0.428376 0.199456 15498 9
0.001230 0.998212 0.541125 0.545240 0.176229 14184 8
0.002200 0.997682 0.495993 0.500831 0.183585 14392 8
0.000858 0.997872 0.540241 0.543501 0.200212 15849 9
0.004613 0.997226 0.473976 0.478296 0.211617 16326 9
0.000610 0.997565 0.459289 0.462307 0.196795 15696 9
0.013737 0.998754 0.518828 0.523170 0.204228 15534 9
0.001404 0.997566 0.507336 0.512034 0.175713 13976 8
0.001535 0.998750 0.469296 0.472299 0.221630 15156 9
0.000378 0.999122 0.442935 0.445289 0.222821 16047 9
0.006873 0.999594 0.437205 0.441994 0.237014 15651 9
0.000171 0.999198 0.485718 0.489832 0.207632 13816 8
0.000382 0.999745 0.490218 0.493091 0.209372 15498 9
0.000113 0.996542 0.595330 0.598641 0.209634 15273 9
0.001708 0.998432 0.540005 0.542157 0.196804 15768 9
0.003231 0.999974 0.498425 0.500972 0.225158 16065 9
0.004331 0.998514 0.501895 0.505445 0.360992 18070 10
0.001356 0.997550 0.519563 0.522311 0.378976 17520 10
0.001848 0.999751 0.504999 0.507726 0.291455 15948 9
0.001707 0.989101 0.470182 0.474585 0.291910 14264 8
0.004535 0.997346 0.496338 0.499888 0.314467 15471 9
0.000594 0.997597 0.496483 0.499407 0.318988 16002 9
0.003607 0.994618 0.486081 0.490973 0.337031 15840 9
0.000592 0.999514 0.493111 0.496294 0.329893 15912 9
0.000333 0.999924 0.480186 0.484483 0.284745 13944 8
0.000863 0.999623 0.530490 0.532799 0.302731 15462 9
0.000320 0.993073 0.539312 0.541648 0.321810 17320 10
0.000654 0.996957 0.508760 0.511669 0.290711 15426 9
0.000483 0.998554 0.464006 0.465991 0.271775 16011 9
0.005554 0.998026 0.425457 0.430282 0.253296 13880 8
0.003350 0.998098 0.443272 0.446758 0.277990 13816 8
0.003111 0.999780 0.550402 0.554149 0.343194 16780 10
0.005842 0.993475 0.542196 0.544438 0.333167 15696 9
0.004407 0.999152 0.515530 0.517757 0.330933 17390 10
0.006992 0.998021 0.506630 0.510633 0.353515 16173 9
0.004089 0.999885 0.545379 0.549674 0.272091 14176 8
0.004506 0.998015 0.478129 0.483100 0.227311 14336 8
0.004281 0.996987 0.469778 0.473919 0.263843 14336 8
0.006733 0.996679 0.472472 0.474781 0.327029 15516 9
0.002841 0.997368 0.473551 0.478173 0.257612 14456 8
0.000644 0.998544 0.530914 0.534018 0.288378 15894 9
0.007417 0.997009 0.471400 0.475814 0.290960 13976 8
0.008722 0.997231 0.447247 0.450142 0.307180 15795 9
0.000765 0.999420 0.442960 0.447531 0.339223 14112 8
0.006133 0.999754 0.497796 0.499884 0.361722 15867 9
0.000496 0.991823 0.479284 0.483070 0.331770 14048 8
0.001850 0.993067 0.490209 0.492793 0.357657 17130 10
0.000951 0.999884 0.516898 0.520580 0.314597 15408 9
0.007208 0.994246 0.474134 0.477078 0.303879 15444 9
0.001256 0.999211 0.514730 0.518672 0.304987 14128 8
0.001702 0.994255 0.546644 0.550000 0.290985 15795 9
0.009010 0.999170 0.539180 0.542590 0.365055 17250 10
0.001302 0.995642 0.499116 0.503192 0.274913 14120 8
0.000633 0.996466 0.539991 0.542988 0.318070 15633 9
0.001737 0.995703 0.468876 0.471842 0.338837 15696 9
0.004294 0.998192 0.585730 0.589020 0.330177 16281 9
0.001423 0.996378 0.462473 0.466989 0.277975 14480 8
0.000675 0.999161 0.511876 0.515825 0.264921 14080 8
0.005154 0.999721 0.435641 0.439327 0.309088 15858 9
0.000410 0.997846 0.551413 0.556213 0.284597 13968 8
0.009098 0.995694 0.509074 0.511156 0.336859 16101 9
0.003029 0.996077 0.467862 0.469707 0.305907 16371 9
0.003630 0.997961 0.517679 0.520712 0.332156 16101 9
0.002211 0.999142 0.471708 0.474274 0.285061 15696 9
0.001318 0.998354 0.514790 0.519019 0.288809 16182 9
0.000096 0.987789 0.451908 0.456395 0.286874 13880 8
0.000158 0.995154 0.477319 0.480779 0.367692 15480 9
0.010943 0.997440 0.477681 0.480347 0.342397 17430 10
0.000753 0.994486 0.459541 0.463902 0.307271 15849 9
0.001736 0.995156 0.564376 0.566963 0.347276 15579 9
0.001294 0.999104 0.546689 0.549136 0.362052 15624 9
0.000139 0.994387 0.464040 0.468686 0.353437 15849 9
0.001746 0.989547 0.444572 0.447340 0.317070 16029 9
0.001588 0.997609 0.489438 0.493309 0.287499 15696 9
0.007510 0.999059 0.536026 0.540048 0.464057 15732 9
0.002813 0.996860 0.482929 0.485780 0.375364 15858 9
0.000641 0.997695 0.464843 0.468066 0.304129 15822 9
0.003327 0.999197 0.459661 0.464379 0.286186 13880 8
0.000047 0.996163 0.474731 0.479287 0.247049 13840 8
0.002188 0.999415 0.459467 0.463416 0.266041 13912 8
