0.000534 0.994738 0.474692 0.477645 0.086244 9981 9
0.022665 0.999198 0.593282 0.598032 0.082095 9248 8
0.000361 0.998350 0.561309 0.565533 0.081540 9400 8
0.011209 0.998404 0.556826 0.561737 0.089361 10161 9
0.007223 0.992954 0.512206 0.516804 0.076889 8928 8
0.005015 0.992415 0.438647 0.441564 0.078788 9184 8
0.011425 0.997006 0.476196 0.478664 0.090125 10314 9
0.011294 0.998313 0.497517 0.500976 0.088006 10251 9
0.002909 0.999275 0.459897 0.463055 0.096946 11240 10
0.002422 0.998512 0.440855 0.443434 0.087229 9828 9
0.009222 0.984235 0.516128 0.520647 0.077551 9048 8
0.002472 0.985906 0.500135 0.503749 0.090570 10296 9
0.002122 0.996357 0.516741 0.520305 0.081422 9592 8
0.001138 0.999918 0.435169 0.438278 0.094753 10467 9
0.001137 0.998025 0.484626 0.488289 0.090936 10359 9
0.004210 0.999051 0.562626 0.566323 0.093226 9945 9
0.001189 0.994872 0.489119 0.492847 0.084609 9592 8
0.000335 0.996464 0.498188 0.500354 0.087188 10098 9
0.014519 0.999903 0.440602 0.445040 0.078874 8888 8
0.003545 0.998159 0.538556 0.541900 0.090525 10512 9
0.000571 0.997142 0.419377 0.423140 0.086702 10143 9
0.001230 0.998212 0.552717 0.556716 0.078598 9064 8
0.003919 0.996732 0.497648 0.502269 0.081816 9376 8
0.008317 0.997872 0.546263 0.549816 0.093647 10017 9
0.004613 0.997226 0.481234 0.484808 0.093016 10764 9
0.000610 0.997565 0.459646 0.462360 0.087886 10071 9
0.013737 0.998754 0.522164 0.525069 0.096291 10026 9
0.001404 0.997566 0.512254 0.516411 0.078524 9040 8
0.007142 0.998750 0.463168 0.465950 0.084783 9891 9
0.000378 0.997694 0.436378 0.439861 0.081197 9400 8
0.011307 0.999594 0.428819 0.432612 0.087060 10062 9
0.000171 0.999198 0.476318 0.480511 0.085959 9336 8
0.000382 0.999745 0.483023 0.487807 0.076277 8952 8
0.000113 0.996542 0.598961 0.601562 0.088091 9882 9
0.008384 0.980858 0.548386 0.551839 0.079087 9176 8
0.003231 0.999974 0.502319 0.505154 0.099051 10449 9
0.004331 0.998514 0.503156 0.507271 0.094712 10791 9
0.001356 0.997550 0.518773 0.521264 0.100664 11310 10
0.001848 0.999751 0.502641 0.506742 0.078616 9056 8
0.001707 0.989101 0.469245 0.473950 0.092784 9352 8
0.004535 0.997110 0.499992 0.504269 0.097927 11080 10
0.000705 0.997597 0.492000 0.495401 0.090797 10296 9
0.003607 0.994618 0.490483 0.493959 0.088640 10395 9
0.000592 0.999514 0.489250 0.492994 0.090667 10431 9
0.000333 0.992124 0.479299 0.483397 0.091096 10089 9
0.000863 0.999623 0.534860 0.537457 0.088678 10125 9
0.006776 0.992176 0.545593 0.549502 0.089142 10062 9
0.000654 0.996957 0.524371 0.528142 0.084058 9711 9
0.000483 0.998554 0.453125 0.455617 0.097480 10593 9
0.008245 0.998026 0.426479 0.431453 0.083345 9008 8
0.003688 0.990952 0.435601 0.440178 0.081815 8952 8
0.003111 0.999780 0.562766 0.567675 0.091352 9747 9
0.005842 0.993475 0.543322 0.545105 0.087924 10206 9
0.005183 0.990965 0.516211 0.519495 0.086542 10107 9
0.006992 0.998021 0.521141 0.526094 0.087039 10287 9
0.008786 0.999885 0.553185 0.556186 0.093730 10332 9
0.004506 0.990694 0.467975 0.470767 0.088529 10467 9
0.004281 0.996987 0.466344 0.469225 0.088238 10179 9
0.008303 0.996679 0.461763 0.464926 0.088445 9963 9
0.002841 0.997368 0.463069 0.466456 0.089910 9328 8
0.000644 0.998544 0.535531 0.540189 0.086292 9184 8
0.008730 0.997009 0.461371 0.463668 0.097221 10179 9
0.008722 0.997231 0.436425 0.440327 0.082581 9160 8
0.000765 0.999420 0.441900 0.446074 0.080932 9272 8
0.006133 0.999754 0.498597 0.501211 0.089092 10035 9
0.000496 0.991823 0.473002 0.476522 0.079383 9080 8
0.010118 0.993067 0.492401 0.494579 0.094121 10930 10
0.004314 0.999884 0.521945 0.526417 0.091084 9909 9
0.007208 0.994246 0.469555 0.472844 0.089078 9747 9
0.001256 0.999211 0.505761 0.510638 0.082843 9440 8
0.002379 0.994255 0.554077 0.557269 0.090091 10215 9
0.009010 0.984974 0.542786 0.545804 0.102868 11230 10
0.003728 0.995085 0.495285 0.497203 0.099899 10683 9
0.005238 0.996466 0.534024 0.536734 0.097212 9990 9
0.001737 0.995703 0.462342 0.465508 0.090674 10008 9
0.004294 0.998192 0.605938 0.610816 0.083148 9328 8
0.004997 0.996378 0.461806 0.465622 0.083654 9240 8
0.010205 0.999161 0.509869 0.513651 0.082477 8992 8
0.005154 0.999721 0.431559 0.434923 0.090108 10215 9
0.000410 0.997846 0.558763 0.561734 0.080937 9312 8
0.009098 0.995694 0.500487 0.503228 0.099154 10611 9
0.005123 0.996077 0.461041 0.465337 0.086240 9352 8
0.003630 0.984710 0.526461 0.529819 0.090264 9200 8
0.002211 0.978546 0.468536 0.471211 0.089978 10269 9
0.001318 0.991504 0.529946 0.533692 0.091462 10539 9
0.000096 0.987789 0.448908 0.451990 0.079371 9080 8
0.000158 0.995154 0.482879 0.485987 0.092048 10170 9
0.019519 0.997440 0.472130 0.474272 0.100360 11340 10
0.000753 0.994486 0.454843 0.457379 0.098077 10584 9
0.001736 0.977560 0.578278 0.581995 0.100296 11370 10
0.012437 0.995575 0.543329 0.546067 0.092290 10359 9
0.001123 0.992225 0.467770 0.469397 0.105810 11330 10
0.001746 0.989547 0.431699 0.436162 0.093752 10287 9
0.002968 0.995681 0.490696 0.495181 0.083924 9176 8
0.013714 0.987993 0.547792 0.551985 0.080611 9008 8
0.002813 0.994787 0.486429 0.489962 0.082975 9432 8
0.000641 0.994340 0.460250 0.462648 0.093409 10233 9
0.003327 0.999197 0.466979 0.469704 0.100892 9981 9
0.000047 0.996163 0.473709 0.478667 0.079088 9096 8
0.002511 0.995864 0.450800 0.454554 0.086058 9088 8
