0.000534 0.997733 0.472878 0.475801 0.568597 27261 9
0.001831 0.999198 0.562694 0.564800 0.644043 30970 10
0.000361 0.998350 0.536715 0.539316 0.581110 28107 9
0.001088 0.998404 0.542181 0.546447 0.558974 26793 9
0.004312 0.998341 0.504669 0.507478 0.562902 26946 9
0.000521 0.999702 0.463850 0.468783 0.533020 25328 8
0.001634 0.997960 0.500070 0.503096 0.572906 27252 9
0.000788 0.998313 0.501162 0.504178 0.566121 27378 9
0.002909 0.999275 0.479073 0.482602 0.560478 27009 9
0.000232 0.998512 0.460664 0.464381 0.559719 26883 9
0.003704 0.999287 0.515052 0.517820 0.595522 27216 9
0.000774 0.996475 0.477632 0.480434 0.594969 27144 9
0.002122 0.999635 0.510297 0.513915 0.583075 27648 9
0.001138 0.999918 0.455125 0.457556 0.575418 27495 9
0.001137 0.998025 0.484709 0.488105 0.601152 27045 9
0.003547 0.999051 0.542365 0.545062 0.565951 27009 9
0.001189 0.999439 0.500193 0.502285 0.583029 28116 9
0.000294 0.997717 0.499451 0.503111 0.572988 27054 9
0.009526 0.999903 0.461569 0.464793 0.757396 26748 9
0.003545 0.999417 0.518555 0.522722 0.894649 24240 8
0.000571 0.997142 0.431355 0.434445 0.902743 27090 9
0.001230 0.998212 0.520217 0.525193 0.618265 24272 8
0.002200 0.997682 0.498556 0.501574 0.847759 28035 9
0.000858 0.997872 0.531601 0.534535 0.815141 28035 9
0.001776 0.997226 0.473779 0.477177 0.714586 28269 9
0.000610 0.997565 0.458979 0.462663 0.863934 27414 9
0.009680 0.998754 0.516501 0.521165 0.767821 26865 9
0.001404 0.997566 0.509042 0.511965 0.758485 27162 9
0.001324 0.998750 0.473460 0.476517 0.794780 26514 9
0.000378 0.999908 0.445857 0.448787 0.769459 27468 9
0.006873 0.999594 0.453321 0.456149 0.969571 27378 9
0.000171 0.999566 0.488193 0.493059 0.998200 24240 8
0.000382 0.999745 0.492975 0.497829 0.812188 23728 8
0.000113 0.998635 0.578817 0.581647 1.009201 26982 9
0.001708 0.999643 0.530082 0.534400 0.893291 24504 8
0.001732 0.999974 0.496032 0.500385 0.913286 24648 8
0.004331 0.998514 0.507059 0.510243 1.048423 28215 9
0.001356 0.997550 0.512514 0.514639 1.051681 30030 10
0.000199 0.999751 0.507097 0.510820 0.951397 24448 8
0.001707 0.995798 0.474372 0.479083 0.997384 24352 8
0.001928 0.997983 0.499465 0.503757 1.140574 27612 9
0.000594 0.997597 0.501918 0.505079 1.053339 27324 9
0.001910 0.999555 0.481193 0.484591 0.862384 27801 9
0.000592 0.999514 0.488884 0.491631 1.055787 27225 9
0.000077 0.999924 0.481651 0.484646 0.980366 27441 9
0.000863 0.999623 0.515003 0.519690 0.910514 24320 8
0.000320 0.996698 0.524558 0.526984 1.212781 30700 10
0.000654 0.999475 0.511364 0.514703 0.944375 26577 9
0.000483 0.998554 0.474083 0.478587 0.925954 24672 8
0.005528 0.998662 0.438050 0.440812 1.088228 27279 9
0.000444 0.998098 0.448515 0.452437 0.944756 24280 8
0.003111 0.999780 0.542883 0.546152 0.750339 26856 9
0.000877 0.995796 0.540500 0.543452 0.683863 26487 9
0.004407 0.999152 0.508059 0.512525 0.587129 26982 9
0.006992 0.998021 0.509581 0.513690 0.671756 27720 9
0.004089 0.999885 0.543084 0.547797 0.616685 27243 9
0.000590 0.998015 0.481386 0.484266 0.578989 27405 9
0.001261 0.998611 0.473349 0.477360 0.530152 24440 8
0.006733 0.996679 0.474060 0.476711 0.633696 27459 9
0.002841 0.997368 0.476479 0.479322 0.590144 27909 9
0.000644 0.998544 0.526589 0.529249 0.568373 27090 9
0.006232 0.999881 0.472459 0.475823 0.574956 27414 9
0.004589 0.997231 0.457570 0.459983 0.647807 27432 9
0.000765 0.999420 0.451853 0.453868 0.608084 27405 9
0.006133 0.999754 0.502160 0.504444 0.576819 27225 9
0.000496 0.991823 0.487848 0.490404 0.573705 27315 9
0.001850 0.999122 0.489975 0.492006 0.645010 29930 10
0.000951 0.999884 0.507862 0.510482 0.641174 29770 10
0.004786 0.995772 0.480903 0.484102 0.587927 27207 9
0.001256 0.999211 0.511366 0.513464 0.576045 27036 9
0.001702 0.995975 0.538173 0.541654 0.607703 27729 9
0.000438 0.999170 0.532631 0.536039 0.644846 29710 10
0.000534 0.999579 0.498163 0.500639 0.586329 27135 9
0.000258 0.997377 0.534054 0.538308 0.640465 27198 9
0.001737 0.995703 0.474163 0.476500 0.589034 27216 9
0.004294 0.998192 0.564872 0.568024 0.635738 27954 9
0.001423 0.999669 0.469083 0.473700 0.550843 24808 8
0.000675 0.999161 0.512489 0.516252 0.572636 24528 8
0.001407 0.999721 0.451665 0.455331 0.575809 27486 9
0.000410 0.997846 0.544624 0.548137 0.508501 24232 8
0.004765 0.995694 0.511233 0.514499 0.571026 27423 9
0.003029 0.996410 0.477390 0.482349 0.544389 24760 8
0.002551 0.997961 0.502524 0.505280 0.847484 27360 9
0.002211 0.999142 0.473544 0.476561 0.809339 27306 9
0.001318 0.998354 0.517849 0.520986 0.891163 27531 9
0.000096 0.999995 0.455396 0.458075 0.810347 27441 9
0.000158 0.995154 0.473666 0.476635 0.765718 26865 9
0.000508 0.998110 0.479225 0.482344 0.810461 30090 10
0.000753 0.994486 0.475240 0.478609 0.750274 27459 9
0.001736 0.995156 0.545933 0.549319 0.720795 27216 9
0.000961 0.999104 0.538119 0.541186 0.723613 27036 9
0.000139 0.995000 0.465081 0.468587 0.732689 27297 9
0.001746 0.998354 0.453610 0.456594 0.751666 27369 9
0.001588 0.998277 0.492161 0.495939 0.725549 26991 9
0.000917 0.999059 0.521517 0.524688 0.819913 27387 9
0.002813 0.997281 0.489703 0.492225 0.838439 27621 9
0.000460 0.998694 0.465833 0.467677 0.975170 30590 10
0.003327 0.999197 0.466103 0.468642 0.854860 27081 9
0.000047 0.997965 0.477439 0.479564 0.993467 27333 9
0.001535 0.999415 0.469300 0.473506 0.955392 24296 8
