0.000050 0.999996 0.502361 0.506595 1783.576502 1494370 10
0.000157 1.000000 0.508122 0.511928 2094.437121 1493470 10
0.000015 0.999990 0.503676 0.507862 2044.799449 1492990 10
0.000275 0.999904 0.505740 0.508811 1564.807788 1496180 10
0.000057 0.999976 0.499388 0.503240 1635.830528 1495430 10
0.000012 0.999968 0.495974 0.499940 1572.500945 1497970 10
0.000054 0.999955 0.495473 0.499934 1564.170532 1493880 10
0.000016 0.999985 0.506811 0.511004 1522.530770 1492480 10
0.000169 0.999972 0.497966 0.500948 1458.990115 1493980 10
0.000020 0.999999 0.494254 0.496329 1599.247585 1638538 11
0.000002 0.999946 0.498329 0.501565 1457.129851 1489340 10
0.000089 0.999975 0.492570 0.495652 1455.694574 1494280 10
0.000024 0.999980 0.498898 0.502672 1461.398134 1498020 10
0.000053 0.999952 0.488544 0.491742 1455.001955 1494140 10
0.000030 0.999994 0.493376 0.496493 1470.442462 1497870 10
0.000021 0.999969 0.505473 0.508512 1464.590046 1496820 10
0.000127 0.999952 0.494812 0.498001 1458.953637 1493050 10
0.000009 0.999998 0.500791 0.503706 1460.136051 1497210 10
0.000048 0.999904 0.497000 0.500594 1455.267658 1493260 10
0.000023 0.999932 0.502986 0.506178 1461.912910 1499190 10
0.000044 0.999983 0.489358 0.493537 1461.962667 1491960 10
0.000026 0.999955 0.498670 0.502640 1468.718083 1493980 10
0.000040 0.999928 0.500652 0.504247 1466.487735 1493550 10
0.000050 0.999983 0.505294 0.509481 1725.834831 1499590 10
0.000038 0.999983 0.492141 0.496384 2070.842222 1497600 10
0.000089 0.999967 0.491519 0.495779 2039.445583 1494100 10
0.000024 0.999991 0.503164 0.506884 2069.607664 1493070 10
0.000061 0.999996 0.496871 0.501310 2039.617014 1496770 10
0.000004 0.999987 0.498376 0.501327 2031.751334 1495170 10
0.000072 0.999910 0.489866 0.493018 2028.803745 1493740 10
0.000031 0.999970 0.490399 0.493719 2020.088522 1489220 10
0.000045 0.999961 0.498686 0.501610 2034.204931 1494850 10
0.000006 0.999947 0.500821 0.503972 2151.691422 1493990 10
0.000017 0.999994 0.510643 0.515231 2015.004506 1485550 10
0.000008 0.999923 0.500393 0.503670 2037.380805 1492190 10
0.000068 0.999985 0.493219 0.498007 2024.684171 1492580 10
0.000059 0.999981 0.502255 0.505089 2073.455448 1498400 10
0.000071 0.999942 0.496470 0.501362 2021.997954 1493080 10
0.000008 0.999986 0.502277 0.506189 2019.251830 1491100 10
0.000023 0.999901 0.494478 0.497666 2037.523152 1497520 10
0.000010 0.999990 0.500803 0.504209 1867.824805 1494210 10
0.000056 0.999990 0.495748 0.499094 1487.533685 1497410 10
0.000007 0.999953 0.498769 0.502283 1449.855941 1497690 10
0.000046 0.999899 0.496489 0.499920 1450.774553 1497730 10
0.000077 0.999963 0.497091 0.501136 1448.627321 1491960 10
0.000022 0.999973 0.495071 0.498484 1447.209416 1493210 10
0.000028 0.999930 0.503469 0.506737 1440.202479 1492980 10
0.000027 0.999922 0.504883 0.508495 1453.170393 1493370 10
0.000059 0.999995 0.494591 0.497456 1451.650320 1496100 10
0.000009 0.999942 0.484805 0.488743 1441.646519 1491030 10
0.000042 0.999960 0.490128 0.493846 1574.373376 1502740 10
0.000158 0.999820 0.500658 0.503687 1462.358654 1490670 10
0.000035 0.999927 0.509014 0.511655 1446.792256 1493840 10
0.000034 0.999964 0.502324 0.505871 1444.332731 1495310 10
0.000089 0.999994 0.500681 0.504815 1451.048741 1499850 10
0.000006 0.999950 0.505304 0.508402 1458.974190 1496980 10
0.000100 0.999949 0.502882 0.505628 1445.541403 1494390 10
0.000037 0.999995 0.491252 0.494134 1448.800367 1497440 10
0.000025 0.999929 0.492738 0.495742 1441.807495 1491610 10
0.000053 0.999968 0.497605 0.500938 1445.797861 1495720 10
0.000002 0.999911 0.505589 0.508098 1452.258523 1497570 10
0.000176 0.999978 0.494626 0.498337 1445.711327 1498120 10
0.000001 0.999983 0.490823 0.494643 1449.267945 1492810 10
0.000007 0.999898 0.488711 0.491798 1445.534223 1492810 10
0.000024 0.999824 0.494386 0.497620 1441.549250 1495360 10
0.000057 0.999977 0.499385 0.502630 1440.533466 1494830 10
0.000062 0.999991 0.497455 0.501301 1459.640131 1496650 10
0.000122 0.999951 0.497289 0.500533 1446.720304 1496490 10
0.000015 0.999999 0.502897 0.506034 1487.057108 1492330 10
0.000068 0.999971 0.504062 0.507502 1437.818489 1491470 10
0.000070 0.999988 0.501684 0.505509 1440.281496 1490680 10
0.000004 0.999975 0.503704 0.507161 1441.798037 1496110 10
0.000043 0.999795 0.495327 0.498242 1440.635709 1489240 10
0.000030 0.999992 0.506185 0.509762 1445.346151 1498230 10
0.000010 0.999969 0.496313 0.499560 1446.822118 1501390 10
0.000135 0.999960 0.505355 0.509018 1491.192523 1499250 10
0.000012 0.999974 0.490719 0.494221 1438.328857 1490930 10
0.000031 0.999984 0.504855 0.508478 1439.863046 1495260 10
0.000039 0.999978 0.491113 0.494639 1446.588287 1496610 10
0.000098 0.999988 0.506101 0.509401 1439.872700 1495630 10
0.000010 0.999960 0.498576 0.501676 1437.930840 1488910 10
0.000008 0.999880 0.499763 0.503386 1477.078331 1498270 10
0.000040 0.999947 0.494160 0.497092 1446.905284 1494020 10
0.000002 0.999972 0.495766 0.498576 1459.360701 1494850 10
0.000001 0.999958 0.504557 0.507449 1449.555895 1498220 10
0.000034 0.999995 0.491077 0.494217 1448.849805 1497220 10
0.000036 0.999979 0.489516 0.493704 1484.158952 1493660 10
0.000003 0.999999 0.495917 0.499645 1467.652501 1496020 10
0.000016 0.999976 0.488591 0.492001 1495.083757 1497460 10
0.000093 0.999997 0.500527 0.503695 1438.481154 1495080 10
0.000018 0.999976 0.502487 0.504535 1614.649625 1645061 11
0.000091 0.999978 0.488669 0.491325 1468.607544 1495660 10
0.000038 0.999986 0.495708 0.499469 1440.500912 1492580 10
0.000086 0.999966 0.498215 0.500312 1580.939029 1640155 11
0.000003 0.999992 0.495899 0.499834 1467.928728 1490810 10
0.000014 0.999864 0.495870 0.499261 1477.035520 1500900 10
0.000000 0.999969 0.490872 0.494126 1443.486286 1495030 10
0.000005 0.999994 0.494915 0.498598 1436.743083 1493360 10
0.000009 0.999998 0.492031 0.496595 1437.270747 1494890 10
0.000132 0.999999 0.492713 0.497382 1435.367630 1490430 10
