0.024297 0.955402 0.479983 0.483373 0.003957 1264 8
0.024826 0.984834 0.738505 0.742437 0.002963 1256 8
0.000361 0.991980 0.635074 0.638318 0.003220 1336 8
0.049143 0.980853 0.564070 0.566917 0.002521 1304 8
0.007223 0.964425 0.546269 0.550155 0.001965 1155 7
0.045047 0.963478 0.411740 0.413749 0.002476 1050 7
0.093125 0.989870 0.429041 0.432431 0.002998 1395 9
0.055611 0.978195 0.485749 0.489689 0.001971 1458 9
0.029169 0.995556 0.393599 0.397012 0.005095 2320 16
0.012256 0.998181 0.395647 0.399455 0.002003 1071 7
0.154097 0.970587 0.530390 0.533650 0.002004 984 6
0.013789 0.979490 0.513173 0.516045 0.003000 1520 10
0.002122 0.996357 0.519667 0.522252 0.002034 1106 7
0.001138 0.948574 0.382471 0.387056 0.002985 1113 7
0.009251 0.998025 0.447852 0.451819 0.002573 1392 8
0.017679 0.971205 0.611892 0.615736 0.002489 1332 9
0.001189 0.969446 0.466122 0.469565 0.001971 1155 7
0.007431 0.996464 0.526845 0.531175 0.003113 1224 8
0.029627 0.999903 0.370242 0.373625 0.003591 994 7
0.114793 0.984673 0.597392 0.599935 0.003000 1376 8
0.003519 0.989007 0.382611 0.384330 0.003562 1368 9
0.095971 0.986966 0.605981 0.609380 0.003235 1197 7
0.004981 0.966373 0.511564 0.515942 0.002077 924 6
0.086105 0.997872 0.576978 0.580022 0.003000 1352 8
0.010936 0.997226 0.558931 0.561846 0.001913 1192 8
0.000610 0.962262 0.456663 0.459346 0.003111 1494 9
0.100390 0.991932 0.510283 0.513132 0.002999 1350 9
0.004913 0.977992 0.485441 0.488952 0.003225 1224 8
0.007142 0.971173 0.421543 0.424537 0.002630 1628 11
0.074067 0.974028 0.391935 0.394518 0.002162 1218 7
0.020859 0.985883 0.390356 0.394414 0.002163 1085 7
0.000171 0.986039 0.447494 0.451429 0.002998 1062 6
0.016740 0.956005 0.486077 0.490023 0.003139 1141 7
0.081615 0.929925 0.660095 0.663647 0.002027 1232 8
0.105516 0.957568 0.593279 0.596024 0.002583 1204 7
0.027887 0.983627 0.542659 0.546618 0.002591 1197 7
0.020326 0.998514 0.520219 0.524820 0.002039 1232 8
0.043089 0.975873 0.580288 0.584191 0.002008 1050 7
0.001848 0.985566 0.497632 0.501839 0.002034 1190 7
0.008872 0.988336 0.497776 0.501283 0.003057 1264 8
0.046175 0.980922 0.503500 0.508086 0.002438 1148 7
0.000705 0.997558 0.459901 0.462376 0.002995 1296 9
0.039034 0.968780 0.525883 0.528259 0.002961 1208 8
0.007317 0.982285 0.432204 0.434609 0.003001 1368 8
0.003388 0.950327 0.488727 0.493469 0.002993 1176 8
0.006233 0.978945 0.610465 0.614200 0.002027 1208 8
0.034083 0.949951 0.591669 0.594298 0.003143 1485 9
0.003325 0.939133 0.493617 0.498479 0.002005 1120 7
0.000483 0.950660 0.418579 0.422050 0.001998 1148 7
0.018246 0.976030 0.452029 0.454856 0.002998 1304 8
0.025109 0.990952 0.391349 0.395101 0.001810 1001 7
0.025388 0.997320 0.586486 0.591432 0.002997 1085 7
0.192075 0.993475 0.557025 0.560151 0.001996 1085 7
0.077927 0.956460 0.501952 0.503907 0.001998 1264 8
0.014166 0.970624 0.579469 0.584146 0.003001 1288 8
0.088114 0.983286 0.614505 0.618071 0.004038 1336 8
0.005279 0.971769 0.430649 0.433939 0.003200 1280 8
0.013332 0.937480 0.436110 0.438467 0.004092 1232 8
0.016261 0.950965 0.394459 0.399115 0.002997 1216 8
0.029387 0.978862 0.413778 0.417782 0.002569 1148 7
0.000644 0.998544 0.549226 0.551450 0.003001 1296 8
0.021846 0.966576 0.401764 0.404198 0.004095 1169 7
0.031132 0.970997 0.364993 0.369158 0.003004 1232 7
0.011375 0.996505 0.413130 0.416955 0.002298 1064 7
0.023157 0.943767 0.531282 0.533660 0.003679 1476 9
0.012158 0.961203 0.491845 0.494871 0.003033 1431 9
0.021589 0.976297 0.489653 0.492121 0.003106 1169 7
0.024020 0.993385 0.547084 0.550152 0.002038 1120 7
0.034902 0.927429 0.448331 0.451820 0.002328 1200 8
0.047084 0.975541 0.510937 0.514685 0.002127 1155 7
0.015700 0.974605 0.596559 0.601358 0.003062 1256 8
0.011709 0.962273 0.584190 0.588105 0.004002 1512 9
0.003728 0.941309 0.483274 0.485725 0.003032 1304 8
0.023199 0.957338 0.555132 0.559261 0.002002 1377 9
0.003970 0.954398 0.413819 0.416669 0.003605 1360 8
0.013716 0.977670 0.750185 0.754260 0.003003 1120 7
0.026029 0.944769 0.435627 0.439152 0.002094 1113 7
0.042079 0.991127 0.500942 0.503637 0.002999 1304 8
0.028193 0.963379 0.391661 0.395271 0.002959 1248 8
0.082658 0.982008 0.594241 0.598501 0.001998 1232 8
0.038115 0.898802 0.499754 0.502300 0.002046 1240 8
0.051828 0.976569 0.393890 0.396738 0.001998 1106 7
0.032327 0.984710 0.581441 0.584872 0.002561 1232 8
0.022068 0.971069 0.456464 0.460761 0.001999 1404 9
0.049055 0.984724 0.530443 0.534767 0.003860 1566 9
0.001205 0.971686 0.461821 0.465245 0.002997 1120 7
0.052525 0.883410 0.515774 0.520640 0.002532 1015 7
0.115425 0.989427 0.433801 0.438465 0.001999 1134 7
0.000753 0.943446 0.407953 0.411371 0.003000 1155 7
0.001736 0.967328 0.627881 0.629225 0.002000 1240 8
0.016180 0.983499 0.537962 0.541782 0.002056 1085 7
0.043354 0.973660 0.497451 0.502358 0.004001 1169 7
0.033144 0.987113 0.407182 0.410524 0.003518 1422 9
0.053038 0.963161 0.518879 0.523166 0.002000 938 7
0.013714 0.982186 0.599208 0.602840 0.003003 1404 9
0.036703 0.994573 0.476768 0.481022 0.002000 1134 7
0.002910 0.914354 0.450275 0.452701 0.001999 1304 8
0.035579 0.838066 0.491731 0.494733 0.002999 1288 8
0.035618 0.896613 0.432479 0.435680 0.002936 1256 8
0.024404 0.967339 0.352318 0.354749 0.001998 1144 8
