0.000423 0.999609 0.497465 0.499274 11.385815 116790 10
0.000162 0.999638 0.531441 0.536156 13.105110 105822 9
0.000078 0.999849 0.511850 0.516001 16.342258 116910 10
0.000348 0.999681 0.521958 0.526539 16.430150 115790 10
0.000201 0.999891 0.496677 0.499151 13.664365 116710 10
0.000521 0.999702 0.484317 0.488170 13.977272 116130 10
0.000937 0.997960 0.498264 0.501065 14.628986 116850 10
0.000788 0.998313 0.503167 0.506290 12.176760 116580 10
0.000169 0.999290 0.489412 0.492121 13.127996 116930 10
0.000232 0.999282 0.480014 0.483828 12.122625 115490 10
0.000716 0.999677 0.500670 0.504053 14.103525 114830 10
0.000774 0.999219 0.480615 0.482818 13.753065 116250 10
0.000405 0.999635 0.503420 0.508134 11.803288 105768 9
0.000159 0.999918 0.469225 0.471163 14.084292 128458 11
0.001137 0.999259 0.489573 0.493404 12.167426 105660 9
0.001331 0.999051 0.527235 0.529774 14.131577 115220 10
0.000869 0.999492 0.498047 0.502586 14.592518 105282 9
0.000294 0.999544 0.502452 0.504017 13.655691 116530 10
0.005387 0.999903 0.487622 0.492441 11.430438 103158 9
0.000197 0.999417 0.519104 0.521937 12.320071 117560 10
0.000571 0.999975 0.461809 0.466192 11.230673 103743 9
0.001230 0.999839 0.512878 0.517423 10.942982 104823 9
0.001332 0.999642 0.500786 0.503433 10.851862 116740 10
0.000858 0.999976 0.516398 0.520746 11.817724 116520 10
0.000291 0.998975 0.488126 0.491019 12.276797 117400 10
0.000610 0.999627 0.477809 0.480895 12.201756 116620 10
0.000024 0.998754 0.515358 0.517451 11.963858 116330 10
0.000181 0.999150 0.507606 0.509773 11.885251 115510 10
0.001324 0.999526 0.489992 0.493333 11.078901 115280 10
0.000334 0.999908 0.468343 0.471518 10.512008 105273 9
0.000322 0.999970 0.475548 0.480181 12.935031 104976 9
0.000089 0.999944 0.497549 0.499569 13.319266 115910 10
0.000382 0.999773 0.500945 0.503257 12.927750 116930 10
0.000113 0.998635 0.547408 0.550915 12.313081 114850 10
0.000091 0.999643 0.507923 0.510403 14.760299 116070 10
0.000128 0.999974 0.492470 0.494603 16.800660 116770 10
0.000234 0.999940 0.505660 0.509919 15.893638 106308 9
0.000623 0.999568 0.501553 0.503288 18.077586 126852 11
0.000199 0.999751 0.508136 0.512111 10.790702 105201 9
0.000067 0.998977 0.473708 0.477994 9.933467 106083 9
0.000590 0.999614 0.503131 0.505672 9.692937 118200 10
0.000113 0.999739 0.496717 0.501217 8.998532 104859 9
0.001615 0.999555 0.492557 0.496655 10.263998 105309 9
0.000199 0.999842 0.493427 0.498007 10.964001 105471 9
0.000077 0.999924 0.495005 0.496938 11.943006 116540 10
0.000241 0.999623 0.497226 0.501398 10.973744 105705 9
0.000028 0.998519 0.515246 0.518320 12.195038 117570 10
0.000575 0.999475 0.513947 0.516021 12.081999 116010 10
0.000483 0.999921 0.482153 0.485928 11.013982 105228 9
0.000682 0.999878 0.463141 0.465161 11.917999 116890 10
0.000444 0.999089 0.470636 0.475127 10.939000 106101 9
0.000311 0.999780 0.523473 0.526664 11.720653 114320 10
0.000048 0.998823 0.528659 0.533211 10.903003 103959 9
0.000065 0.999698 0.507575 0.509684 11.900002 114690 10
0.001380 0.999994 0.503451 0.508085 10.942887 104526 9
0.000298 0.999885 0.518584 0.523549 11.000010 105030 9
0.000590 0.999394 0.495433 0.499762 10.686665 104337 9
0.000110 0.999207 0.484693 0.488365 10.839379 104490 9
0.000228 0.999887 0.481486 0.485876 10.976002 104805 9
0.002841 0.999861 0.491368 0.494173 12.863998 117460 10
0.000644 0.999535 0.513444 0.517919 11.934988 103419 9
0.000359 0.999881 0.489945 0.493077 12.438998 118150 10
0.000025 0.998109 0.476722 0.479569 12.367851 117370 10
0.000150 0.999634 0.467359 0.471676 11.013967 105255 9
0.000680 0.999824 0.493698 0.497076 11.038406 105048 9
0.000057 0.998763 0.491712 0.496645 11.160781 104148 9
0.000198 0.999980 0.495102 0.497724 12.275041 116300 10
0.000951 0.999951 0.495170 0.497398 12.567996 116390 10
0.000045 0.999837 0.493335 0.497963 11.373962 105597 9
0.000553 0.999702 0.505630 0.510054 10.370352 105192 9
0.000753 0.999345 0.514593 0.517774 11.465086 116630 10
0.000438 0.999703 0.513332 0.515689 10.871916 115800 10
0.000046 0.999579 0.499254 0.503723 9.688555 104031 9
0.000258 0.997377 0.521669 0.525812 10.679009 105984 9
0.001737 0.999837 0.490262 0.494451 11.471945 105066 9
0.002278 0.999748 0.528924 0.532006 10.809494 116420 10
0.000024 0.999669 0.475211 0.477252 10.667963 117050 10
0.000357 0.999811 0.511486 0.515733 9.484773 105453 9
0.000091 0.999721 0.479170 0.481801 11.318249 117790 10
0.000353 0.998937 0.526299 0.529417 10.404663 116380 10
0.000667 0.999889 0.502798 0.505665 10.935211 116100 10
0.000263 0.997330 0.499391 0.503186 9.706150 104868 9
0.000969 0.997961 0.492760 0.497631 9.598158 104724 9
0.001881 0.999142 0.481695 0.484284 10.451391 116980 10
0.000313 0.999297 0.509825 0.513568 9.342906 106083 9
0.000096 0.999995 0.473171 0.475732 10.295871 116840 10
0.000158 0.999710 0.480494 0.483869 10.010318 103941 9
0.000282 0.999625 0.491557 0.495045 10.485502 117470 10
0.000267 0.999976 0.476527 0.479741 11.961289 117040 10
0.000585 0.999449 0.521036 0.522440 11.283405 128612 11
0.000961 0.999976 0.519292 0.523716 10.060579 116300 10
0.000091 0.999405 0.468661 0.471250 9.740831 115950 10
0.000038 0.999276 0.485826 0.489196 9.848052 116220 10
0.000311 0.999688 0.494289 0.498231 8.655557 103923 9
0.000134 0.999744 0.507857 0.511563 8.679970 103113 9
0.000506 0.999858 0.492481 0.496988 8.746259 105327 9
0.000324 0.999377 0.476793 0.480303 9.836081 118230 10
0.000005 0.999226 0.477748 0.481676 8.715035 105282 9
0.000047 0.999454 0.489461 0.493638 8.700877 105354 9
0.000195 0.999618 0.484381 0.489170 8.718358 105246 9
