0.000077 0.999996 0.502240 0.505580 232.110516 595760 10
0.000162 0.999786 0.512760 0.516709 222.487051 593990 10
0.000015 0.999990 0.505814 0.510742 235.970958 592570 10
0.000275 0.999782 0.510858 0.513695 242.805963 595810 10
0.000158 0.999931 0.498265 0.501290 272.902973 593370 10
0.000247 0.999968 0.491157 0.494094 247.695000 593840 10
0.000078 0.999746 0.496230 0.499340 249.711047 593200 10
0.000257 0.999981 0.506928 0.510923 250.591102 594730 10
0.000169 0.999816 0.496341 0.499624 230.602051 594070 10
0.000027 0.999973 0.491173 0.493923 221.043073 591570 10
0.000002 0.999777 0.498029 0.500675 219.712717 590890 10
0.000089 0.999975 0.486600 0.489863 222.740953 596430 10
0.000024 0.999980 0.500251 0.502658 227.443859 597160 10
0.000053 0.999952 0.483529 0.485179 244.732053 655083 11
0.000030 0.999960 0.492209 0.497026 200.918381 535977 9
0.000055 0.999930 0.509312 0.513316 223.998997 594850 10
0.000151 0.999912 0.493714 0.496927 222.040999 593130 10
0.000009 0.999963 0.500665 0.503336 222.268220 595940 10
0.000069 0.999903 0.495975 0.499287 222.165715 595440 10
0.000126 0.999932 0.506255 0.508794 222.611802 597270 10
0.000044 0.999975 0.480928 0.485011 223.465961 596190 10
0.000069 0.999922 0.499967 0.503272 220.822956 591840 10
0.000087 0.999816 0.502433 0.505578 221.074012 593610 10
0.000303 0.999976 0.509432 0.512262 224.389014 597420 10
0.000061 0.999981 0.486862 0.491515 221.313000 594590 10
0.000089 0.999967 0.488514 0.491677 221.813901 595300 10
0.000024 0.999691 0.506863 0.509001 220.907956 593780 10
0.000061 0.999982 0.500054 0.503191 220.757000 594890 10
0.000131 0.999987 0.497372 0.499624 221.350004 593590 10
0.000076 0.999908 0.484036 0.486501 221.011004 594490 10
0.000093 0.999970 0.485977 0.488616 222.179187 596090 10
0.000045 0.999944 0.498425 0.500930 221.889004 591840 10
0.000006 0.999938 0.501073 0.503799 221.166023 594130 10
0.000017 0.999825 0.519975 0.523851 217.711261 586240 10
0.000059 0.999872 0.502639 0.505868 221.027008 592690 10
0.000128 0.999985 0.493577 0.496663 220.771958 592330 10
0.000065 0.999981 0.504789 0.506798 221.220007 596420 10
0.000071 0.999942 0.496252 0.498866 218.918006 591450 10
0.000008 0.999820 0.504495 0.507649 219.387005 588950 10
0.000023 0.999884 0.490620 0.493027 222.999025 597080 10
0.000101 0.999990 0.499947 0.503279 220.588178 595760 10
0.000113 0.999990 0.496653 0.501600 243.691975 655160 11
0.000007 0.999721 0.500010 0.502752 221.267542 594290 10
0.000062 0.999899 0.493784 0.498215 198.958999 535311 9
0.000077 0.999924 0.497602 0.500555 220.319003 593410 10
0.000023 0.999679 0.493850 0.497349 221.286009 594300 10
0.000028 0.999874 0.507119 0.510388 222.252461 595210 10
0.000125 0.999898 0.507067 0.510191 221.949986 593510 10
0.000281 0.999921 0.489645 0.494541 200.172954 537426 9
0.000009 0.999878 0.477222 0.480855 220.437231 593510 10
0.000042 0.999596 0.484562 0.487742 222.202005 598410 10
0.000258 0.999780 0.506118 0.509585 219.487972 590870 10
0.000048 0.999880 0.513400 0.516699 220.622450 593280 10
0.000034 0.999960 0.504448 0.506922 219.774999 591970 10
0.000089 0.999994 0.501389 0.504911 222.218001 598530 10
0.000054 0.999917 0.508986 0.511158 221.243157 595320 10
0.000100 0.999949 0.501745 0.504431 221.092953 595820 10
0.000037 0.999995 0.489019 0.493441 199.302000 536130 9
0.000148 0.999929 0.489116 0.491700 218.870050 590150 10
0.000053 0.999943 0.496043 0.500646 243.278059 656678 11
0.000036 0.999836 0.509818 0.512127 220.215169 593210 10
0.000217 0.999948 0.494237 0.497881 222.103024 598110 10
0.000001 0.999865 0.487310 0.490055 221.296983 594730 10
0.000032 0.999898 0.483698 0.486136 221.607024 594530 10
0.000130 0.999824 0.494232 0.496812 220.353998 595470 10
0.000057 0.999853 0.499671 0.502203 220.213982 592800 10
0.000062 0.999991 0.497223 0.500122 220.849995 594320 10
0.000147 0.999951 0.496571 0.499219 221.730218 594590 10
0.000015 0.999999 0.503187 0.505553 221.996006 596940 10
0.000068 0.999961 0.505250 0.507818 221.987003 595960 10
0.000070 0.999988 0.505758 0.508596 219.479949 591170 10
0.000046 0.999870 0.503211 0.507796 198.666005 535581 9
0.000046 0.999698 0.497223 0.499903 219.806005 592490 10
0.000049 0.999948 0.507788 0.511652 222.074617 597030 10
0.000167 0.999939 0.493932 0.498043 220.554005 595990 10
0.000135 0.999960 0.510950 0.513942 221.010956 595620 10
0.000012 0.999955 0.484980 0.488590 219.368052 593330 10
0.000031 0.999984 0.506925 0.510458 220.359005 593300 10
0.000039 0.999807 0.489646 0.492545 220.923010 596060 10
0.000098 0.999962 0.509784 0.513419 222.741164 594890 10
0.000022 0.999889 0.501484 0.504224 221.338002 593960 10
0.000008 0.999876 0.501501 0.506076 199.664000 535437 9
0.000257 0.999941 0.494423 0.497317 222.684013 593080 10
0.000079 0.999972 0.493161 0.496414 221.153054 595090 10
0.000001 0.999872 0.503893 0.507064 288.014041 594080 10
0.000034 0.999995 0.488086 0.490309 319.673537 593990 10
0.000054 0.999958 0.487825 0.490133 295.639404 592200 10
0.000148 0.999999 0.494431 0.497641 257.923179 595250 10
0.000223 0.999976 0.487310 0.490017 238.901058 596140 10
0.000093 0.999991 0.503624 0.506611 235.255609 594640 10
0.000018 0.999976 0.505655 0.508936 241.254939 594960 10
0.000091 0.999978 0.485433 0.488412 232.806997 595300 10
0.000038 0.999986 0.495763 0.499129 236.710946 594050 10
0.000127 0.999688 0.495904 0.500315 212.744946 534186 9
0.000037 0.999992 0.496216 0.499681 234.302894 590960 10
0.000101 0.999858 0.493720 0.498680 207.864612 536580 9
0.000068 0.999820 0.486087 0.489710 253.296574 596270 10
0.000005 0.999991 0.491445 0.494223 230.404800 592820 10
0.000047 0.999998 0.489779 0.492778 248.698569 597920 10
0.000195 0.999941 0.491087 0.495525 221.635947 534258 9
