0.024297 0.955402 0.479944 0.482959 0.005044 1752 8
0.024826 0.985995 0.702875 0.705575 0.004195 1752 8
0.000361 0.998350 0.633392 0.636049 0.004653 1832 8
0.049143 0.998404 0.586104 0.588753 0.005005 1848 8
0.007223 0.964425 0.545503 0.548283 0.003145 1540 7
0.045047 0.963478 0.420863 0.424928 0.004039 1484 7
0.022431 0.989870 0.430479 0.433768 0.004012 1752 8
0.055611 0.978195 0.485698 0.488967 0.004956 2052 9
0.029169 0.995556 0.421245 0.426187 0.005938 2842 14
0.010034 0.998181 0.416438 0.419599 0.003961 1470 7
0.154097 0.970587 0.530210 0.534596 0.003002 1350 6
0.013789 0.979490 0.510316 0.512850 0.004997 2240 10
0.002122 0.996357 0.515574 0.518229 0.003994 1596 7
0.001138 0.948574 0.415360 0.418055 0.004175 1792 8
0.001137 0.998025 0.455329 0.458435 0.005054 2124 9
0.017679 0.971205 0.623323 0.627501 0.004202 1688 8
0.001189 0.969446 0.474374 0.478010 0.004003 1631 7
0.007431 0.996464 0.523791 0.528461 0.004175 1971 9
0.029627 0.999903 0.385269 0.387308 0.003003 1576 8
0.049318 0.984673 0.577027 0.581101 0.003517 1880 8
0.003519 0.989007 0.383061 0.384717 0.004823 1953 9
0.027297 0.986966 0.587779 0.591675 0.004995 1617 7
0.004981 0.966373 0.499122 0.501417 0.004036 1505 7
0.043271 0.997872 0.560353 0.563970 0.005646 1800 8
0.010936 0.997226 0.546371 0.548328 0.003999 1809 9
0.000610 0.962262 0.450639 0.455003 0.004794 2034 9
0.100390 0.991932 0.502101 0.505278 0.003996 1899 9
0.004913 0.977992 0.509949 0.514866 0.003084 1463 7
0.007142 0.971173 0.430900 0.435267 0.004998 2060 10
0.019203 0.974028 0.396402 0.399283 0.003993 1645 7
0.020859 0.985883 0.404265 0.408727 0.004038 1526 7
0.000171 0.986039 0.450140 0.452864 0.002997 1743 7
0.016740 0.997568 0.470252 0.473572 0.003994 1768 8
0.081615 0.989560 0.644893 0.648333 0.004001 1533 7
0.078394 0.957568 0.591452 0.595299 0.003999 1610 7
0.027887 0.983627 0.543422 0.546920 0.003447 1561 7
0.020326 0.998514 0.516908 0.519357 0.005000 1962 9
0.037349 0.997253 0.582614 0.586746 0.002996 1505 7
0.001848 0.985566 0.485242 0.490103 0.003994 1624 7
0.008872 0.988336 0.486828 0.490689 0.003995 1896 8
0.033073 0.980922 0.502573 0.507142 0.003999 1760 8
0.000705 0.997558 0.470697 0.472386 0.003999 1854 9
0.019936 0.982619 0.526405 0.529880 0.003998 1736 8
0.007317 0.982285 0.454429 0.457217 0.006997 1666 7
0.003388 0.950327 0.477158 0.480427 0.003998 1624 8
0.002037 0.978945 0.581854 0.586600 0.004956 1664 8
0.034083 0.949951 0.556700 0.559390 0.005058 2061 9
0.003325 0.939133 0.541862 0.544741 0.004177 1680 8
0.000483 0.966365 0.425130 0.430067 0.003999 1638 7
0.008245 0.976030 0.452350 0.456177 0.002998 1589 7
0.025109 0.990952 0.392023 0.394936 0.005991 1632 8
0.025388 0.997320 0.581909 0.584319 0.003729 1463 7
0.042810 0.993475 0.553371 0.557496 0.004066 1526 7
0.063451 0.956460 0.521116 0.523682 0.004997 1944 9
0.014166 0.970624 0.568802 0.571050 0.006060 1899 9
0.056145 0.983286 0.605626 0.610039 0.003998 1800 8
0.005279 0.971769 0.416811 0.420110 0.004056 1728 8
0.013332 0.937480 0.452015 0.456149 0.004001 1554 7
0.016261 0.974470 0.406375 0.408542 0.004019 1688 8
0.029387 0.978862 0.413899 0.417388 0.003005 1652 7
0.000644 0.998544 0.541696 0.543798 0.003994 1896 8
0.021846 0.966576 0.407419 0.410153 0.003987 1638 7
0.019881 0.988138 0.373092 0.375839 0.004999 1968 8
0.011375 0.996505 0.418774 0.421230 0.003997 1768 8
0.017474 0.943767 0.522892 0.526744 0.004028 1752 8
0.012158 0.970486 0.489659 0.493156 0.004540 1808 8
0.021589 0.993067 0.494364 0.497874 0.002999 1610 7
0.020552 0.993385 0.550755 0.553093 0.007256 1776 8
0.034902 0.951491 0.451601 0.453920 0.005001 1908 9
0.047084 0.975541 0.499712 0.502835 0.004042 1589 7
0.015700 0.987343 0.595967 0.597681 0.006999 1980 9
0.009010 0.962273 0.572087 0.576153 0.006045 1998 9
0.003728 0.954419 0.481211 0.484261 0.003996 1840 8
0.023199 0.957338 0.543332 0.546636 0.005995 1854 9
0.003970 0.954398 0.416181 0.418394 0.005996 1872 8
0.004294 0.977670 0.710942 0.713311 0.003998 1816 8
0.026029 0.944769 0.433255 0.436125 0.004059 1561 7
0.010911 0.991127 0.505906 0.509944 0.004001 1776 8
0.005154 0.968211 0.410008 0.413450 0.003998 1704 8
0.047492 0.982008 0.578275 0.581665 0.004994 1696 8
0.038115 0.983287 0.507422 0.510582 0.003997 1736 8
0.012083 0.976569 0.395182 0.398805 0.006000 1568 7
0.003630 0.984710 0.576029 0.580090 0.003995 1554 7
0.019534 0.971069 0.461578 0.463918 0.004566 1980 9
0.049055 0.984724 0.534886 0.538582 0.004000 2124 9
0.001205 0.987789 0.444201 0.445804 0.004170 1800 8
0.052525 0.995154 0.515320 0.520256 0.003000 1442 7
0.069484 0.989427 0.449240 0.453394 0.004000 1332 6
0.000753 0.976084 0.430500 0.435310 0.003961 1768 8
0.001736 0.972906 0.623459 0.625553 0.004021 1760 8
0.016180 0.983499 0.552366 0.555696 0.003068 1533 7
0.022260 0.979833 0.493635 0.498512 0.004000 1582 7
0.033144 0.987113 0.401990 0.406432 0.003980 1554 7
0.053038 0.963161 0.523238 0.525692 0.003999 1592 8
0.013714 0.984436 0.571652 0.575439 0.006001 2130 10
0.036703 0.994573 0.479610 0.481551 0.004091 1784 8
0.002910 0.970955 0.447621 0.451039 0.005001 1768 8
0.003327 0.838066 0.475200 0.478814 0.002998 1547 7
0.025538 0.996163 0.433312 0.437148 0.004031 1704 8
0.024404 0.967339 0.402201 0.405902 0.004513 1428 7
