0.000534 0.997733 0.470885 0.474460 0.360920 21132 9
0.001831 0.999198 0.569532 0.573717 0.349633 19568 8
0.000361 0.998350 0.544035 0.546222 0.380474 22149 9
0.001166 0.998404 0.545296 0.547543 0.400847 23660 10
0.004312 0.998341 0.504912 0.507840 0.429030 21186 9
0.000521 0.999167 0.454735 0.457847 0.406482 22365 9
0.001634 0.997312 0.496177 0.498908 0.367119 21492 9
0.002196 0.998313 0.500731 0.503392 0.368051 21492 9
0.002909 0.999275 0.474379 0.478166 0.363194 21123 9
0.000232 0.998512 0.454948 0.459438 0.352040 20646 9
0.003801 0.999287 0.519121 0.521497 0.353022 21186 9
0.002472 0.996475 0.484066 0.486173 0.363672 21573 9
0.002122 0.999635 0.511829 0.516029 0.327135 19320 8
0.001138 0.999918 0.446104 0.451051 0.331201 19264 8
0.001137 0.998025 0.486124 0.487637 0.400281 23460 10
0.004210 0.999051 0.541923 0.546670 0.330276 18736 8
0.001189 0.999439 0.497570 0.499995 0.330922 19968 8
0.000335 0.997717 0.505953 0.509338 0.351933 21105 9
0.014519 0.999903 0.459677 0.463069 0.347143 20898 9
0.003545 0.999417 0.518255 0.520437 0.365883 21699 9
0.000571 0.997142 0.423050 0.426432 0.396814 20997 9
0.001230 0.998212 0.525414 0.530190 0.462871 19216 8
0.002200 0.997682 0.499604 0.502351 0.566833 22014 9
0.000858 0.997872 0.535239 0.537680 0.461953 21861 9
0.001776 0.997226 0.473934 0.478793 0.503978 21834 9
0.000610 0.997565 0.457032 0.460322 0.480882 21618 9
0.011952 0.998754 0.519141 0.523458 0.508243 21249 9
0.001404 0.997566 0.505476 0.508296 0.499445 21150 9
0.001535 0.998750 0.470513 0.473986 0.507673 20907 9
0.000378 0.999908 0.444838 0.447459 0.573592 21645 9
0.006873 0.999594 0.440523 0.444507 0.556441 21249 9
0.000171 0.999566 0.488242 0.491577 0.573103 21285 9
0.000382 0.999745 0.492394 0.495683 0.580146 21015 9
0.000113 0.996542 0.587469 0.590456 0.555158 21330 9
0.001708 0.999643 0.533967 0.538738 0.425439 19088 8
0.003231 0.999974 0.498209 0.502158 0.571734 19560 8
0.004331 0.998514 0.502304 0.505199 0.738642 24700 10
0.001356 0.997550 0.514601 0.519365 0.458081 21141 9
0.001848 0.999751 0.506296 0.509208 0.570550 21609 9
0.001707 0.989101 0.474325 0.478121 0.456273 19280 8
0.004535 0.997983 0.497752 0.501647 0.470096 21195 9
0.000594 0.997597 0.501998 0.505708 0.520973 21510 9
0.001910 0.994618 0.480931 0.485091 0.598712 21627 9
0.000592 0.999514 0.488958 0.492132 0.496402 21429 9
0.000077 0.999924 0.480327 0.485257 0.424021 19168 8
0.000863 0.999623 0.521786 0.524481 0.569758 21312 9
0.000320 0.996698 0.533754 0.538083 0.561523 21528 9
0.000654 0.999475 0.511703 0.515350 0.441239 20871 9
0.000483 0.998554 0.469371 0.471851 0.561985 21681 9
0.005554 0.998026 0.432617 0.435384 0.569049 21438 9
0.003350 0.998098 0.450429 0.454438 0.477252 19008 8
0.003111 0.999780 0.550691 0.554923 0.548107 23160 10
0.005842 0.995539 0.541637 0.544056 0.457331 20907 9
0.004407 0.999152 0.505828 0.510554 0.555285 21312 9
0.006992 0.998021 0.514353 0.517094 0.639394 24150 10
0.004089 0.999885 0.547152 0.549504 0.424123 21564 9
0.004506 0.998015 0.482193 0.485275 0.563843 21753 9
0.001261 0.996987 0.466402 0.470698 0.455916 19200 8
0.006733 0.996679 0.474186 0.475880 0.573626 21591 9
0.002841 0.997368 0.476300 0.480041 0.509256 19560 8
0.000644 0.998544 0.529652 0.532778 0.574090 21483 9
0.006232 0.999881 0.471533 0.475220 0.520860 21501 9
0.004589 0.997231 0.455100 0.457957 0.579520 21510 9
0.000765 0.999420 0.452357 0.454572 0.460974 21609 9
0.006133 0.999754 0.500572 0.503185 0.525166 21321 9
0.000496 0.991823 0.483624 0.486282 0.596891 21483 9
0.001850 0.999122 0.486816 0.490262 0.437267 21006 9
0.000951 0.999884 0.511512 0.514869 0.547919 20970 9
0.004786 0.995292 0.480471 0.483407 0.545489 21285 9
0.001256 0.999211 0.514332 0.518003 0.685396 19000 8
0.001702 0.995975 0.540836 0.544491 0.547899 21654 9
0.000438 0.999170 0.530962 0.533901 0.443400 23620 10
0.001302 0.999317 0.500422 0.503197 0.399969 21600 9
0.000609 0.996466 0.535541 0.538768 0.401255 21582 9
0.001737 0.995703 0.474781 0.477983 0.392130 21465 9
0.004294 0.998192 0.570007 0.573830 0.495835 21933 9
0.001423 0.996378 0.468199 0.472902 0.368924 19544 8
0.000675 0.999161 0.514714 0.518225 0.365241 19208 8
0.001407 0.999721 0.444862 0.449252 0.377966 21708 9
0.000410 0.997846 0.545776 0.550711 0.330600 19016 8
0.009098 0.995694 0.509199 0.511659 0.373876 21618 9
0.003029 0.996077 0.471232 0.475780 0.335948 19592 8
0.002551 0.997961 0.514593 0.517437 0.377248 21582 9
0.002211 0.999142 0.470336 0.473105 0.374366 21690 9
0.001318 0.998354 0.517225 0.520450 0.375102 21915 9
0.000096 0.996147 0.454882 0.457539 0.398869 21699 9
0.000158 0.995154 0.475681 0.478913 0.375295 21564 9
0.010943 0.998110 0.478666 0.483510 0.377384 21195 9
0.000753 0.994486 0.470818 0.474930 0.388510 21591 9
0.001736 0.995156 0.556314 0.558712 0.380295 21447 9
0.001294 0.999104 0.541786 0.545068 0.367914 21060 9
0.000139 0.994387 0.463640 0.468512 0.336690 19000 8
0.001746 0.997476 0.449792 0.453526 0.393534 21681 9
0.001588 0.997609 0.491390 0.494485 0.376251 21231 9
0.004410 0.999059 0.526735 0.529520 0.396023 21402 9
0.002813 0.996860 0.485861 0.488884 0.391102 21726 9
0.000460 0.997695 0.461599 0.465515 0.380864 21501 9
0.003327 0.999197 0.466722 0.470966 0.355764 18920 8
0.000047 0.997965 0.477747 0.479760 0.368149 21258 9
0.001535 0.999415 0.465987 0.470850 0.346698 19056 8
