0.000077 0.999996 0.502174 0.506609 1841.607303 1168160 10
0.000157 1.000000 0.508615 0.512402 1576.744874 1167910 10
0.000015 0.999990 0.505553 0.508208 1075.418241 1285394 11
0.000275 0.999904 0.506281 0.509729 898.592130 1171520 10
0.000057 0.999976 0.499548 0.502544 891.717761 1167230 10
0.000182 0.999968 0.494875 0.498894 896.050620 1169650 10
0.000054 0.999955 0.494876 0.499253 902.734644 1168660 10
0.000028 0.999983 0.506956 0.510814 918.347952 1169470 10
0.000169 0.999972 0.496876 0.500417 889.915210 1169340 10
0.000020 0.999993 0.493031 0.496762 884.561697 1164000 10
0.000002 0.999946 0.497331 0.500827 882.168861 1164930 10
0.000089 0.999975 0.492192 0.495178 886.445261 1170500 10
0.000024 0.999980 0.499056 0.502135 887.593258 1172230 10
0.000053 0.999952 0.487748 0.491386 884.507006 1170180 10
0.000030 0.999994 0.492720 0.496088 882.856197 1172220 10
0.000045 0.999930 0.506305 0.509834 887.643537 1171930 10
0.000127 0.999952 0.495115 0.498190 880.036931 1165170 10
0.000009 0.999998 0.500396 0.503580 885.664504 1169490 10
0.000048 0.999904 0.496089 0.500191 883.268600 1169340 10
0.000023 0.999932 0.503798 0.507025 899.015243 1172940 10
0.000044 0.999975 0.487227 0.491246 884.981783 1168930 10
0.000026 0.999955 0.498741 0.502540 886.072052 1168460 10
0.000040 0.999921 0.500532 0.504400 882.880089 1167580 10
0.000050 0.999983 0.505932 0.509472 886.326786 1173840 10
0.000061 0.999983 0.492004 0.495538 885.092946 1171270 10
0.000089 0.999967 0.490792 0.495337 886.685700 1169550 10
0.000024 0.999991 0.504164 0.507978 972.535947 1284910 11
0.000061 0.999996 0.497623 0.501087 884.898304 1171980 10
0.000004 0.999987 0.497595 0.500455 882.627225 1167440 10
0.000072 0.999908 0.488607 0.491612 885.146894 1169940 10
0.000031 0.999970 0.489116 0.492901 877.244592 1165410 10
0.000045 0.999944 0.497548 0.501871 885.318764 1171400 10
0.000006 0.999938 0.501035 0.504711 882.370194 1169140 10
0.000017 0.999994 0.513239 0.516378 966.244700 1278926 11
0.000059 0.999923 0.499223 0.503367 987.202162 1284118 11
0.000068 0.999985 0.492940 0.497170 877.503675 1165430 10
0.000065 0.999981 0.501996 0.505636 883.330996 1170350 10
0.000071 0.999942 0.495562 0.499850 880.846628 1166230 10
0.000008 0.999970 0.502260 0.505753 881.885358 1164620 10
0.000023 0.999901 0.493751 0.497067 882.140642 1171380 10
0.000101 0.999990 0.500814 0.503588 883.527686 1171600 10
0.000113 0.999990 0.495992 0.499026 883.359561 1171230 10
0.000007 0.999953 0.499534 0.503045 883.882048 1171940 10
0.000062 0.999899 0.497100 0.500144 885.527091 1170290 10
0.000077 0.999963 0.497261 0.501856 886.752025 1168020 10
0.000022 0.999752 0.494523 0.498691 886.604222 1168460 10
0.000028 0.999930 0.503760 0.507917 883.526738 1170460 10
0.000027 0.999922 0.505503 0.508355 933.747634 1169070 10
0.000278 0.999995 0.493299 0.496247 884.413667 1170680 10
0.000009 0.999942 0.483149 0.486406 880.691741 1166860 10
0.000042 0.999927 0.489361 0.492839 901.537571 1177330 10
0.000158 0.999780 0.502140 0.505177 881.160558 1167620 10
0.000048 0.999927 0.509635 0.512947 879.565001 1166890 10
0.000034 0.999960 0.502280 0.506432 881.480156 1170030 10
0.000089 0.999994 0.502673 0.505246 971.360050 1290894 11
0.000006 0.999950 0.505723 0.509003 881.716764 1170370 10
0.000100 0.999949 0.502715 0.506496 884.609003 1172130 10
0.000037 0.999995 0.490644 0.494148 882.878689 1172410 10
0.000038 0.999929 0.491724 0.495248 875.870997 1163940 10
0.000053 0.999968 0.499037 0.501971 883.476650 1171230 10
0.000002 0.999844 0.506296 0.509277 882.108968 1169850 10
0.000217 0.999948 0.495318 0.498641 885.806436 1171850 10
0.000001 0.999983 0.490379 0.494953 879.936225 1169290 10
0.000007 0.999898 0.486725 0.490804 903.515764 1166890 10
0.000024 0.999824 0.494418 0.497182 884.751632 1171230 10
0.000057 0.999977 0.499531 0.504353 883.781633 1170610 10
0.000062 0.999991 0.498616 0.500361 972.212845 1287660 11
0.000122 0.999951 0.496575 0.499358 883.503718 1170120 10
0.000015 0.999999 0.503667 0.506446 885.424693 1170550 10
0.000068 0.999971 0.504688 0.508053 884.319443 1167180 10
0.000070 0.999988 0.504137 0.505753 969.710253 1284525 11
0.000004 0.999975 0.503705 0.508078 885.433997 1170330 10
0.000046 0.999795 0.495325 0.497173 971.493729 1283788 11
0.000030 0.999992 0.506588 0.510036 890.383824 1174970 10
0.000010 0.999969 0.496203 0.499097 890.364175 1175700 10
0.000135 0.999960 0.505844 0.509498 891.739415 1173270 10
0.000012 0.999974 0.489853 0.493305 884.322427 1165460 10
0.000031 0.999984 0.505462 0.509395 886.249235 1169450 10
0.000039 0.999949 0.491017 0.494256 885.756657 1169870 10
0.000098 0.999962 0.505928 0.509817 891.293134 1170160 10
0.000010 0.999889 0.499005 0.502247 885.534375 1165850 10
0.000008 0.999880 0.500335 0.504975 887.693433 1170090 10
0.000040 0.999947 0.493775 0.497999 895.281159 1168540 10
0.000002 0.999972 0.494796 0.498415 898.524920 1171020 10
0.000001 0.999958 0.503866 0.506528 889.443007 1170840 10
0.000034 0.999995 0.490784 0.493064 978.131711 1286978 11
0.000036 0.999979 0.490213 0.493221 886.478289 1167970 10
0.000058 0.999999 0.495908 0.498236 978.576999 1287638 11
0.000027 0.999976 0.488787 0.492022 892.121709 1173190 10
0.000093 0.999997 0.500361 0.504164 888.548995 1168090 10
0.000018 0.999976 0.503617 0.505926 979.897713 1287880 11
0.000091 0.999978 0.487508 0.490603 907.503946 1169940 10
0.000038 0.999986 0.496451 0.499620 889.352570 1169860 10
0.000086 0.999945 0.498003 0.499824 1178.154727 1283095 11
0.000037 0.999992 0.495697 0.499610 1270.732278 1164610 10
0.000101 0.999864 0.494968 0.499694 1119.506400 1173920 10
0.000000 0.999969 0.490078 0.493559 1012.305973 1172070 10
0.000005 0.999994 0.493662 0.497680 1026.750374 1170120 10
0.000009 0.999998 0.490375 0.493805 1192.921591 1170700 10
0.000132 0.999999 0.493268 0.496195 1261.865400 1166300 10
