0.000323 0.999996 0.502696 0.506583 66.810722 276813 9
0.000162 0.999704 0.521383 0.523723 79.316095 307920 10
0.000042 0.999964 0.509750 0.514385 75.139709 306350 10
0.000275 0.999681 0.514824 0.517666 74.398861 306860 10
0.000201 0.999891 0.497827 0.502190 66.275332 275625 9
0.000521 0.999968 0.485927 0.488710 71.206812 307010 10
0.000304 0.999314 0.497223 0.501412 66.968033 275832 9
0.000257 0.998662 0.504935 0.508819 68.066729 277002 9
0.000169 0.999734 0.494643 0.497615 75.075145 305850 10
0.000027 0.999973 0.485306 0.489879 68.497882 275175 9
0.000621 0.999677 0.498806 0.503364 67.898725 273294 9
0.000089 0.999975 0.485338 0.488582 74.884841 305870 10
0.000405 0.999980 0.499451 0.502615 76.561140 307770 10
0.000159 0.999918 0.479983 0.483765 74.628661 308370 10
0.000030 0.999960 0.490611 0.494492 67.103731 276678 9
0.000432 0.999610 0.515394 0.520033 67.402321 275508 9
0.000260 0.999912 0.494558 0.498399 68.153938 275517 9
0.000294 0.999709 0.500604 0.504209 67.371921 275589 9
0.000732 0.999903 0.494180 0.496889 75.229727 306010 10
0.000179 0.999602 0.507952 0.511393 69.061548 277146 9
0.000132 0.999975 0.474694 0.477214 76.695768 306730 10
0.000138 0.999861 0.501955 0.506757 71.153956 275148 9
0.000398 0.999816 0.500834 0.505571 69.397228 275904 9
0.000830 0.999976 0.514050 0.518321 72.258279 278109 9
0.000061 0.999981 0.485483 0.490120 72.333803 276696 9
0.000118 0.999967 0.483775 0.488346 73.748757 274788 9
0.000024 0.998973 0.511238 0.514682 73.993007 276012 9
0.000061 0.999563 0.501825 0.506258 83.406048 275976 9
0.000131 0.999903 0.492424 0.497331 75.271965 275751 9
0.000076 0.999908 0.476361 0.478167 75.152504 307990 10
0.000093 0.999970 0.482546 0.486732 64.426868 276210 9
0.000045 0.999944 0.496160 0.500524 63.818714 274167 9
0.000100 0.999773 0.501240 0.504533 79.513673 276948 9
0.000113 0.999825 0.530857 0.534677 80.421034 302530 10
0.000091 0.999872 0.502359 0.504446 77.742014 305310 10
0.000128 0.999974 0.492831 0.495429 72.580993 305950 10
0.000234 0.999959 0.505923 0.508078 76.877464 306630 10
0.000071 0.999760 0.497259 0.499660 71.705503 304270 10
0.000087 0.999786 0.506793 0.510271 72.102128 304790 10
0.000023 0.999634 0.485778 0.489629 64.019385 277452 9
0.000404 0.999746 0.501093 0.504730 63.644833 278307 9
0.000113 0.999739 0.496077 0.500740 63.520589 277083 9
0.000529 0.999694 0.497181 0.502075 63.005051 276480 9
0.000199 0.999842 0.492075 0.496241 64.204620 276660 9
0.000077 0.999924 0.494750 0.497623 73.894434 306230 10
0.000023 0.999634 0.493704 0.498018 64.326566 277380 9
0.000028 0.999115 0.510503 0.515085 66.892872 277857 9
0.000125 0.999737 0.508918 0.513739 63.821918 275436 9
0.000337 0.999921 0.488651 0.493005 63.203636 277659 9
0.000217 0.999878 0.471181 0.473510 73.078689 306560 10
0.000068 0.999590 0.480090 0.484284 65.827700 277605 9
0.000258 0.999780 0.512583 0.516971 71.183814 305590 10
0.000048 0.999880 0.519465 0.521802 70.900879 305150 10
0.000065 0.999698 0.504411 0.508503 64.692926 274221 9
0.000089 0.999994 0.498047 0.502444 65.183201 277452 9
0.000298 0.999917 0.512858 0.515303 73.205087 305010 10
0.000174 0.999448 0.499951 0.504223 69.702208 276795 9
0.000110 0.999959 0.489968 0.493310 64.983421 276300 9
0.000228 0.999887 0.487783 0.489796 112.529743 305440 10
0.000643 0.999861 0.497100 0.501965 68.333422 278496 9
0.000036 0.999706 0.511403 0.514846 69.627582 274923 9
0.000230 0.999948 0.494922 0.498780 68.474315 278235 9
0.000025 0.999193 0.483089 0.487222 66.143090 276210 9
0.000039 0.999634 0.479476 0.481860 72.516029 307130 10
0.000680 0.999824 0.494003 0.498356 68.225652 275904 9
0.000057 0.999313 0.498687 0.500545 75.045808 305350 10
0.000198 0.999980 0.497372 0.499769 71.803965 305850 10
0.000152 0.999951 0.495151 0.499206 65.333066 276570 9
0.000035 0.999976 0.501041 0.505187 69.329503 278154 9
0.000493 0.999961 0.506485 0.509708 68.407496 277650 9
0.000077 0.999988 0.508095 0.510231 71.911527 306000 10
0.000046 0.999870 0.506182 0.508448 73.990383 306670 10
0.000046 0.999579 0.498746 0.502321 76.234807 305700 10
0.000049 0.999948 0.510685 0.515453 66.154586 278631 9
0.000167 0.999837 0.493301 0.496957 66.502941 277236 9
0.000301 0.999822 0.514989 0.518295 72.133960 306380 10
0.000012 0.999669 0.483408 0.485222 77.843441 306530 10
0.000047 0.999811 0.510925 0.513512 73.009068 307280 10
0.000039 0.999721 0.485918 0.488692 72.384366 308240 10
0.000211 0.999941 0.516271 0.518628 84.350741 308340 10
0.000022 0.999889 0.502613 0.506061 70.373830 277191 9
0.000008 0.999099 0.502367 0.506668 66.563144 275868 9
0.000969 0.999875 0.495254 0.499195 68.033022 277173 9
0.000349 0.999972 0.488930 0.491469 75.162380 306670 10
0.000064 0.999816 0.504881 0.508370 65.399731 277128 9
0.000034 0.999995 0.480977 0.485569 65.186645 275508 9
0.000104 0.999710 0.483917 0.487468 65.289761 275058 9
0.000282 0.999625 0.494544 0.498635 76.696704 277254 9
0.000223 0.999976 0.486940 0.489237 84.371800 306280 10
0.000093 0.999960 0.508907 0.511605 83.705306 305420 10
0.000018 0.999976 0.508205 0.511583 72.875617 306200 10
0.000091 0.999655 0.479588 0.482650 71.925956 304710 10
0.000038 0.999986 0.492616 0.496734 67.661489 276093 9
0.000311 0.999688 0.494658 0.499036 68.121316 276039 9
0.000037 0.999744 0.500569 0.502938 71.158710 305070 10
0.000506 0.999858 0.493427 0.496625 64.911790 277380 9
0.000324 0.999814 0.482948 0.485546 74.452939 308630 10
0.000005 0.999991 0.486841 0.490884 74.656004 275868 9
0.000047 0.999765 0.489172 0.491241 72.976560 307770 10
0.000195 0.999761 0.486819 0.490778 66.181107 276570 9
