0.000534 0.994738 0.472593 0.476292 0.022820 4424 8
0.024826 0.999198 0.642454 0.645054 0.025034 5085 9
0.000361 0.998350 0.582816 0.587147 0.021993 4632 8
0.019540 0.998404 0.570405 0.573296 0.022840 4720 8
0.007223 0.992954 0.512755 0.516909 0.021096 4360 8
0.005015 0.984421 0.419923 0.422506 0.020150 4352 8
0.020098 0.989870 0.451797 0.453793 0.029551 5121 9
0.017488 0.987888 0.484314 0.488417 0.024068 5085 9
0.002909 0.999275 0.461132 0.465990 0.040144 6050 11
0.006357 0.998181 0.434497 0.438202 0.020306 4328 8
0.014600 0.970587 0.519399 0.522448 0.025828 5301 9
0.006295 0.984205 0.508906 0.512236 0.026200 5202 9
0.002122 0.996357 0.499625 0.502636 0.023714 4864 8
0.001138 0.994869 0.413834 0.417971 0.021623 4616 8
0.001137 0.998025 0.467089 0.471790 0.023064 4664 8
0.009183 0.999051 0.579749 0.583597 0.021746 4336 8
0.001189 0.974001 0.483639 0.485447 0.025069 5184 9
0.000335 0.996464 0.507728 0.511901 0.030823 4376 8
0.029627 0.999903 0.402867 0.407713 0.021911 4384 8
0.010698 0.988070 0.544080 0.546259 0.024195 5193 9
0.003519 0.997142 0.395349 0.399438 0.029226 4568 8
0.001230 0.986966 0.577643 0.580447 0.027069 4760 8
0.003919 0.966373 0.493150 0.495967 0.024966 4600 8
0.008317 0.997872 0.561457 0.565364 0.024950 5085 9
0.004613 0.997226 0.492927 0.497553 0.021864 4640 8
0.000610 0.997565 0.459058 0.462505 0.025077 4977 9
0.023736 0.998754 0.509524 0.514016 0.025982 5166 9
0.001404 0.977992 0.514145 0.519110 0.025949 4432 8
0.007142 0.981488 0.453906 0.456153 0.023042 4986 9
0.019203 0.974028 0.410039 0.414994 0.020000 4179 7
0.019966 0.999594 0.411317 0.413210 0.028069 5360 10
0.000171 0.999198 0.466228 0.468740 0.025914 4768 8
0.016740 0.997568 0.489777 0.492591 0.020921 4624 8
0.027067 0.989560 0.626024 0.628694 0.021143 4464 8
0.008384 0.957568 0.569472 0.571922 0.025483 4584 8
0.003231 0.999974 0.524349 0.528526 0.026042 4576 8
0.004331 0.998514 0.508020 0.511550 0.021631 4736 8
0.002584 0.997550 0.571978 0.575914 0.020349 4512 8
0.001848 0.999751 0.492135 0.495333 0.021960 4768 8
0.008872 0.988336 0.470903 0.474771 0.022024 4808 8
0.007815 0.997110 0.491529 0.495803 0.027996 4950 9
0.000705 0.997597 0.480452 0.483953 0.032586 4932 9
0.003607 0.989105 0.501217 0.503419 0.025999 4968 9
0.004173 0.982285 0.472861 0.476300 0.032910 4624 8
0.001878 0.990769 0.479292 0.481856 0.027218 4914 9
0.002037 0.999246 0.549657 0.554080 0.021565 4472 8
0.009280 0.988594 0.541480 0.544809 0.035281 5166 9
0.000654 0.996957 0.531613 0.534520 0.022408 4797 9
0.000483 0.998554 0.440180 0.444810 0.024387 4712 8
0.008245 0.976030 0.421735 0.424345 0.022486 4696 8
0.010081 0.990952 0.437179 0.441130 0.023533 4488 8
0.005961 0.999780 0.566811 0.571703 0.026428 4288 8
0.042810 0.993475 0.550873 0.553653 0.026056 4688 8
0.005183 0.956460 0.523306 0.526107 0.025002 5076 9
0.006992 0.970624 0.557846 0.560909 0.023059 4576 8
0.038144 0.983286 0.568945 0.571443 0.028855 4456 8
0.005279 0.983096 0.446521 0.450961 0.021917 4608 8
0.004281 0.996987 0.459114 0.462507 0.025102 4592 8
0.008303 0.996679 0.438567 0.442640 0.022151 4408 8
0.002841 0.997368 0.445023 0.449315 0.022207 4067 7
0.000644 0.998544 0.558249 0.561939 0.022583 4664 8
0.008730 0.997009 0.445080 0.448004 0.023249 4688 8
0.008722 0.997231 0.423928 0.427683 0.023690 4672 8
0.000765 0.996505 0.437051 0.441934 0.021079 4144 7
0.006133 0.986891 0.510560 0.514263 0.021985 4552 8
0.007700 0.973316 0.491639 0.494869 0.021411 4504 8
0.021589 0.993067 0.494799 0.499700 0.019098 3864 7
0.004407 0.993385 0.531973 0.535348 0.029788 4923 9
0.034902 0.994246 0.455559 0.459911 0.021581 4208 8
0.004408 0.999211 0.511072 0.512428 0.026093 5238 9
0.015700 0.994255 0.567259 0.570367 0.024741 5238 9
0.009010 0.966772 0.541654 0.544677 0.023104 4851 9
0.003728 0.995085 0.493312 0.496535 0.023711 4608 8
0.005238 0.996466 0.545461 0.549944 0.021415 4496 8
0.001737 0.991051 0.446737 0.449762 0.022616 4624 8
0.004294 0.997698 0.647194 0.651596 0.022792 4816 8
0.006276 0.994108 0.438650 0.443513 0.021000 4151 7
0.010911 0.999161 0.510208 0.512995 0.019928 4424 8
0.005154 0.985817 0.411895 0.415087 0.022998 4824 9
0.014119 0.982008 0.570103 0.574053 0.024029 4081 7
0.009098 0.987322 0.508603 0.511091 0.032001 5139 9
0.006424 0.996077 0.434734 0.439152 0.025000 5103 9
0.003630 0.984710 0.537625 0.541906 0.019265 3983 7
0.005323 0.978546 0.458799 0.463723 0.022021 4512 8
0.020180 0.989412 0.528104 0.531460 0.026954 5409 9
0.001205 0.987789 0.438268 0.441063 0.022998 4504 8
0.003022 0.995154 0.491043 0.494073 0.025036 4905 9
0.019519 0.989427 0.451388 0.454281 0.024059 4896 9
0.000753 0.986281 0.441567 0.445849 0.022445 4720 8
0.001736 0.975051 0.591550 0.595109 0.024086 4520 8
0.016180 0.983679 0.557822 0.561955 0.023088 4536 8
0.001123 0.992146 0.474058 0.475882 0.028606 5121 9
0.001746 0.987113 0.424539 0.427587 0.023999 4672 8
0.002968 0.993191 0.504243 0.507599 0.021555 4512 8
0.013714 0.984436 0.551999 0.555515 0.026005 5040 9
0.002813 0.994787 0.486205 0.489698 0.028103 4664 8
0.002910 0.994340 0.461789 0.464769 0.022572 4640 8
0.003327 0.995995 0.465219 0.467202 0.023126 4905 9
0.000047 0.996163 0.471145 0.475525 0.025728 4352 8
0.010353 0.990796 0.441611 0.446425 0.020134 4368 8
