0.006093 0.998989 0.589998 0.607265 170.556692 21120 61
0.010185 0.999038 0.580898 0.585658 107.919185 10976 33
0.028176 0.998223 0.508460 0.512988 125.208686 12060 37
0.012561 0.990175 0.531274 0.535853 131.975683 12410 35
0.000497 0.996804 0.490453 0.556563 196.712428 21060 61
0.001131 0.981754 0.608116 0.612881 91.005091 8575 26
0.007946 0.994197 0.544393 0.549382 132.314092 10974 32
0.004018 0.979337 0.574023 0.578783 222.735048 18003 52
0.012227 0.990140 0.628785 0.657230 264.025351 21120 61
0.014196 0.993937 0.552612 0.557151 127.927169 11360 33
0.009757 0.998287 0.346574 0.467506 252.339199 21600 61
0.029485 0.993285 0.574715 0.606248 236.829832 20820 61
0.008934 0.998583 0.512396 0.516527 91.321001 8904 25
0.004895 0.976474 0.519574 0.524093 77.690701 7854 23
0.010169 0.994777 0.510064 0.514678 144.341457 12274 35
0.004119 0.989203 0.508416 0.524081 236.970431 20220 61
0.001698 0.975660 0.502667 0.596661 275.763680 22680 61
0.006713 0.942989 0.472974 0.486184 246.445421 21420 61
0.011356 0.979827 0.576221 0.585377 252.533695 21720 61
0.010268 0.956823 0.568421 0.586337 228.233045 20040 61
0.003003 0.999405 0.526782 0.600436 262.079652 21840 61
0.005972 0.994494 0.545602 0.550397 125.579860 11160 32
0.004908 0.996586 0.530444 0.535067 161.941123 14476 45
0.004440 0.982744 0.493264 0.497760 95.504919 8616 25
0.002782 0.996419 0.594902 0.599601 168.371441 14720 41
0.026264 0.996429 0.501372 0.506253 253.259719 21417 60
0.008438 0.998252 0.596884 0.660203 268.882424 22440 61
0.010917 0.998626 0.573878 0.578495 116.101769 10496 33
0.008623 0.998808 0.514841 0.519772 138.462756 12425 36
0.018587 0.998548 0.609311 0.768758 228.004278 20040 61
0.024720 0.985332 0.571813 0.575788 98.219407 9747 28
0.018039 0.984982 0.499429 0.504018 96.220028 10444 29
0.033306 0.999323 0.530063 0.534766 197.063720 12530 36
0.016761 0.977104 0.444028 0.457454 286.035177 22020 61
0.005380 0.995105 0.554826 0.559778 141.571853 10695 32
0.006473 0.995178 0.555471 0.560114 167.124250 12132 37
0.016403 0.998090 0.594400 0.599004 249.500000 12420 37
0.001602 0.996987 0.451069 0.741985 536.804211 21900 61
0.001717 0.998624 0.544771 0.549609 310.587266 12960 37
0.004962 0.999736 0.539238 0.543956 430.450703 16882 47
0.018846 0.995357 0.562434 0.567038 388.028272 14098 39
0.013717 0.993458 0.531202 0.535710 246.320298 10664 32
0.002067 0.997667 0.614301 0.619201 242.513978 9438 27
0.010040 0.996678 0.508919 0.519701 390.267050 20040 61
0.017692 0.995409 0.499136 0.504066 189.244190 8632 27
0.036941 0.991262 0.588935 0.593527 375.744828 15222 44
0.001084 0.987735 0.491860 0.496308 319.879881 13414 39
0.013113 0.976293 0.532832 0.537414 285.349783 12274 35
0.003015 0.993417 0.573333 0.577996 426.582483 19239 54
0.003459 0.994551 0.525188 0.529585 320.890772 12950 36
0.002995 0.983443 0.550948 0.555768 284.203950 11934 35
0.017825 0.992297 0.546047 0.707923 391.072491 19680 61
0.035171 0.970418 0.574047 0.708275 484.768501 21240 61
0.010745 0.998638 0.538105 0.542900 421.316467 20040 61
0.029294 0.989398 0.561796 0.566590 346.587944 13414 39
0.009635 0.999582 0.509021 0.513881 359.406650 15268 45
0.007813 0.968663 0.498359 0.502519 220.428260 8030 23
0.000199 0.996998 0.588525 0.599359 400.222776 20400 61
0.000404 0.982006 0.538448 0.543082 230.071556 9558 28
0.026288 0.995708 0.644583 0.650308 435.269064 21300 61
0.009326 0.994883 0.643799 0.661502 421.253180 20520 61
0.003467 0.986623 0.562702 0.594656 411.481500 20400 61
0.003569 0.997590 0.514581 0.536881 482.659117 22080 61
0.011050 0.984360 0.529694 0.534485 388.376580 19836 58
0.005333 0.994692 0.548831 0.553800 248.070109 9568 27
0.001726 0.997045 0.495553 0.500427 331.143185 14240 41
0.023301 0.996091 0.570377 0.575305 240.625526 10757 32
0.002376 0.962759 0.532783 0.537583 368.974349 18285 54
0.006483 0.978064 0.541831 0.546795 228.011523 8900 26
0.036713 0.997711 0.603847 0.608711 420.647186 20463 58
0.002860 0.992291 0.473337 0.478071 237.508157 10740 31
0.003274 0.998585 0.588140 0.612205 455.360650 21000 61
0.012591 0.991743 0.549206 0.553710 303.009037 10904 30
0.000486 0.992582 0.517744 0.522320 319.974333 13455 40
0.010418 0.956036 0.552008 0.804035 401.638480 20160 61
0.044218 0.973996 0.407516 0.416163 443.489329 21180 61
0.001597 0.989071 0.445146 0.527070 434.031860 21000 61
0.010741 0.996202 0.601404 0.607176 442.286684 21060 61
0.005421 0.983772 0.537812 0.542735 266.429451 10136 29
0.010314 0.993448 0.525870 0.530572 346.515461 13764 38
0.012486 0.993827 0.568950 0.573562 293.918088 12635 36
0.000630 0.989037 0.574972 0.579123 165.232632 6720 21
0.009219 0.998546 0.552403 0.557351 242.158587 8760 25
0.010220 0.979832 0.533455 0.540530 469.922907 21420 61
0.000929 0.993997 0.596078 0.600905 255.322784 11072 33
0.010246 0.989783 0.545357 0.561617 495.299227 22380 61
0.025043 0.992664 0.585844 0.590427 338.079479 13414 39
0.011292 0.979884 0.593463 0.598384 366.201118 15576 45
0.001434 0.982482 0.496414 0.516035 528.574693 22200 61
0.020675 0.997918 0.572333 0.577262 274.954662 11098 32
0.002950 0.973277 0.516194 0.520917 201.983655 9772 29
0.001424 0.998307 0.483976 0.488672 260.587135 12320 36
0.047971 0.974487 0.546666 0.552367 376.877555 21360 61
0.012600 0.991008 0.557541 0.562485 176.578864 7788 23
0.019243 0.995059 0.641108 0.646098 253.654265 10848 33
0.001866 0.992370 0.606726 0.704590 569.148569 22320 61
0.000578 0.987246 0.549270 0.553783 242.021044 10034 30
0.023942 0.994206 0.497197 0.501661 265.836350 9412 27
0.000658 0.995292 0.488313 0.493095 344.402016 14520 45
0.012615 0.994317 0.573706 0.578554 306.841022 11648 33
