0.005947 0.995193 0.538991 0.583831 252.910191 22080 60
0.017543 0.995431 0.492045 0.496837 96.175203 12987 37
0.000957 0.999346 0.623636 0.628422 70.876828 9100 26
0.013361 0.952365 0.420448 0.424816 82.889696 10388 28
0.013597 0.991826 0.609887 0.614644 155.516418 19360 55
0.004190 0.991239 0.509836 0.514395 120.691514 15120 42
0.002970 0.999468 0.625765 0.656701 156.483896 19860 60
0.003072 0.999917 0.525300 0.530013 74.215915 9632 28
0.006222 0.987638 0.530808 0.535586 98.843573 12728 37
0.008665 0.991915 0.490054 0.494944 93.107049 13110 38
0.010522 0.999333 0.499935 0.504543 115.179469 11696 34
0.001446 0.999726 0.559773 0.564418 173.115240 16082 43
0.013683 0.993735 0.510425 0.515153 99.877431 11584 32
0.000706 0.988417 0.322332 0.379301 202.590764 21660 60
0.007557 0.992823 0.506217 0.512184 215.535737 21600 60
0.003992 0.960966 0.526551 0.530948 83.609333 10788 31
0.009561 0.993265 0.480427 0.485219 105.298978 13407 41
0.039173 0.971552 0.430395 0.435083 65.787247 8760 24
0.016992 0.961866 0.519818 0.524666 71.090034 9250 25
0.004226 0.993094 0.637097 0.976857 146.320395 19380 60
0.001411 0.997504 0.630874 0.635295 150.306351 18928 52
0.003822 0.998275 0.519716 0.524522 103.933999 13300 38
0.001414 0.987895 0.563398 0.568216 114.225464 14440 40
0.006521 0.996626 0.550252 0.615128 184.176673 22320 60
0.005129 0.997320 0.481367 0.486204 100.646028 12495 35
0.004291 0.992837 0.552257 0.569951 244.055147 21600 60
0.008457 0.995308 0.550338 0.554946 141.274402 10819 31
0.009138 0.996270 0.567661 0.572633 173.938798 12780 36
0.012487 0.986662 0.559382 0.564349 205.688124 14469 39
0.031073 0.996199 0.627035 0.631661 163.992738 12654 37
0.001439 0.997200 0.538556 0.543267 209.813505 15224 44
0.008921 0.997182 0.527340 0.532277 233.135803 16500 44
0.013346 0.991566 0.514387 0.519163 240.066227 17650 50
0.001323 0.974351 0.509330 0.514058 122.663125 10740 30
0.022474 0.993730 0.512488 0.517048 124.871785 11005 31
0.001830 0.971647 0.485146 0.488055 146.280787 13642 38
0.003352 0.965219 0.410454 0.434454 218.608060 21120 60
0.006430 0.987446 0.089200 0.629109 204.985260 20040 60
0.001439 0.983280 0.484087 0.488850 217.379657 20827 59
0.003303 0.986184 0.142164 0.755175 223.624757 21300 60
0.016729 0.993343 0.520187 0.524799 115.503960 11584 32
0.010037 0.980672 0.507265 0.511042 64.684975 6920 20
0.002211 0.986911 0.483408 0.488328 131.783925 12845 35
0.018640 0.988333 0.554247 0.558926 159.138643 15288 42
0.024761 0.997492 0.102444 0.820975 208.723041 20640 60
0.002869 0.996684 0.503436 0.508139 172.471555 16468 46
0.012840 0.989396 0.542538 0.547316 120.237885 11649 33
0.008812 0.996395 0.549412 0.554194 115.815894 11830 35
0.007138 0.995144 0.521628 0.526409 122.307506 12078 33
0.005019 0.987616 0.570215 0.591397 231.475819 21780 60
0.001500 0.978603 0.532902 0.694019 231.342992 21900 60
0.021656 0.996787 0.444165 0.449007 154.591915 15312 44
0.001676 0.992858 0.464734 0.469649 204.300046 19023 51
0.015397 0.982800 0.447204 0.452064 140.632618 13690 37
0.050630 0.998461 0.507921 0.546320 224.835980 21360 60
0.026607 0.994834 0.188229 0.209177 204.737705 20220 60
0.010594 0.996234 0.552246 0.557192 88.164752 9178 26
0.006800 0.968574 0.589793 0.594612 177.805880 16497 47
0.018576 0.989114 0.499410 0.504298 100.573496 10136 28
0.015449 0.981785 0.579542 0.600804 231.690415 21720 60
0.001737 0.979457 0.529002 0.533814 101.075560 10260 30
0.011083 0.987780 0.542653 0.547193 115.557320 11696 34
0.005392 0.970521 0.697325 0.702010 203.375448 19600 56
0.020245 0.998551 0.504183 0.509055 107.648826 10701 29
0.008422 0.978447 0.448936 0.453921 147.900636 14480 40
0.026971 0.983543 0.553155 0.557760 113.123955 11360 32
0.022590 0.979970 0.455616 0.459758 114.805891 11550 33
0.000931 0.989461 0.515407 0.520262 145.243746 12924 36
0.002937 0.998177 0.502690 0.507470 161.173053 14883 41
0.000816 0.997270 0.672305 0.702540 205.764840 19680 60
0.004858 0.989060 0.544501 0.549406 98.708458 10680 30
0.001695 0.998133 0.396676 0.805408 165.956630 21540 60
0.006428 0.969054 0.497264 0.501984 104.486852 10757 31
0.014779 0.998434 0.519064 0.523660 118.570780 11492 34
0.002601 0.996798 0.615758 0.620252 174.638264 14400 40
0.020982 0.998765 0.559534 0.564267 231.907092 18792 54
0.005787 0.974987 0.271637 0.394024 266.779552 21180 60
0.007540 0.992305 0.521162 0.534947 267.444904 21060 60
0.005992 0.991695 0.550068 0.554990 235.678303 18616 52
0.009958 0.986821 0.323566 0.510823 248.224694 21660 60
0.033213 0.997971 0.631040 0.635651 104.821688 14268 41
0.013307 0.980359 0.430423 0.442924 151.794420 20640 60
0.003111 0.956307 0.559207 0.586459 162.498862 21900 60
0.004280 0.985814 0.516167 0.534703 154.546389 21120 60
0.031315 0.985519 0.609824 0.614482 72.446289 10200 30
0.000136 0.999388 0.586669 0.590585 78.961409 10780 28
0.006832 0.973429 0.519214 0.523873 89.882667 12492 36
0.000977 0.998522 0.532412 0.537374 76.299280 10469 29
0.026530 0.982129 0.575352 0.580271 70.637047 9747 27
0.000008 0.997545 0.527068 0.537077 156.779356 21180 60
0.000923 0.990572 0.495053 0.499576 104.126833 14240 40
0.022884 0.998126 0.607223 0.612203 83.332522 11655 35
0.005809 0.997423 0.506268 0.510748 87.292242 11832 34
0.001563 0.989904 0.508380 0.512816 150.702698 19764 54
0.002065 0.997276 0.465185 0.469720 82.366113 11385 33
0.007724 0.997638 0.507702 0.525288 164.069397 21900 60
0.001967 0.994063 0.590556 0.595304 73.900993 10440 30
0.012136 0.986319 0.568211 0.890208 158.818095 21480 60
0.018419 0.969733 0.616493 0.630988 159.833376 21660 60
0.027071 0.986783 0.480659 0.524599 154.926986 21180 60
